1 0.82409381663113 0.8012820512820513 0.0255863539445629 0.02564102564102564
1 0.7484008528784648 0.8012820512820513 0.0255863539445629 0.02564102564102564
1 0.9690831556503199 0.8028846153846154 0.0255863539445629 0.02564102564102564
1 0.8987206823027718 0.8012820512820513 0.0255863539445629 0.02564102564102564
1 0.8614072494669509 0.8012820512820513 0.0255863539445629 0.02564102564102564
1 0.7803837953091685 0.6442307692307693 0.017057569296375266 0.014423076923076924
1 0.7196162046908315 0.04807692307692308 0.017057569296375266 0.04006410256410257
1 0.7185501066098081 0.005608974358974359 0.019189765458422176 0.008012820512820512
1 0.8987206823027718 0.04807692307692308 0.017057569296375266 0.04006410256410257
1 0.8976545842217484 0.004807692307692308 0.019189765458422176 0.00641025641025641
1 0.7590618336886994 0.04807692307692308 0.017057569296375266 0.04006410256410257
1 0.7579957356076759 0.005608974358974359 0.019189765458422176 0.008012820512820512
1 0.8592750533049041 0.04807692307692308 0.017057569296375266 0.04006410256410257
1 0.8571428571428571 0.005608974358974359 0.019189765458422176 0.008012820512820512
1 0.8784648187633263 0.04807692307692308 0.017057569296375266 0.04006410256410257
1 0.8773987206823027 0.005608974358974359 0.019189765458422176 0.008012820512820512
1 0.8187633262260128 0.04807692307692308 0.017057569296375266 0.04006410256410257
1 0.8176972281449894 0.005608974358974359 0.019189765458422176 0.008012820512820512
1 0.8390191897654584 0.04807692307692308 0.017057569296375266 0.04006410256410257
1 0.837953091684435 0.005608974358974359 0.019189765458422176 0.008012820512820512
1 0.779317697228145 0.04807692307692308 0.017057569296375266 0.04006410256410257
1 0.7782515991471215 0.005608974358974359 0.019189765458422176 0.008012820512820512
1 0.7995735607675906 0.04807692307692308 0.017057569296375266 0.04006410256410257
1 0.7974413646055437 0.005608974358974359 0.019189765458422176 0.008012820512820512
1 0.7388059701492538 0.04807692307692308 0.017057569296375266 0.04006410256410257
1 0.7377398720682303 0.00641025641025641 0.019189765458422176 0.009615384615384616
1 0.7867803837953091 0.8028846153846154 0.0255863539445629 0.02564102564102564
4 0.9339019189765458 0.8012820512820513 0.02025586353944563 0.019230769230769232
1 0.2484008528784648 0.8141025641025641 0.014925373134328358 0.011217948717948718
1 0.22707889125799574 0.8141025641025641 0.013859275053304905 0.01282051282051282
1 0.10767590618336886 0.6458333333333334 0.015991471215351813 0.03685897435897436
1 0.09168443496801706 0.6410256410256411 0.007462686567164179 0.019230769230769232
1 0.028784648187633263 0.5849358974358975 0.01279317697228145 0.028846153846153848
1 0.2281449893390192 0.6394230769230769 0.01279317697228145 0.011217948717948718
1 0.2462686567164179 0.6394230769230769 0.013859275053304905 0.01282051282051282
1 0.12686567164179105 0.530448717948718 0.015991471215351813 0.038461538461538464
1 0.028784648187633263 0.42628205128205127 0.007462686567164179 0.022435897435897436
1 0.06823027718550106 0.38782051282051283 0.007462686567164179 0.020833333333333332
1 0.06823027718550106 0.3573717948717949 0.007462686567164179 0.020833333333333332
1 0.14285714285714285 0.30288461538461536 0.013859275053304905 0.011217948717948718
1 0.10127931769722814 0.2708333333333333 0.023454157782515993 0.060897435897435896
1 0.06823027718550106 0.2548076923076923 0.008528784648187633 0.020833333333333332
1 0.03304904051172708 0.2548076923076923 0.008528784648187633 0.020833333333333332
1 0.013859275053304905 0.24519230769230768 0.011727078891257996 0.028846153846153848
1 0.0650319829424307 0.22275641025641027 0.013859275053304905 0.011217948717948718
1 0.046908315565031986 0.22435897435897437 0.01279317697228145 0.011217948717948718
1 0.1396588486140725 0.1955128205128205 0.01279317697228145 0.011217948717948718
1 0.10767590618336886 0.16506410256410256 0.011727078891257996 0.030448717948717948
1 0.09381663113006397 0.16506410256410256 0.007462686567164179 0.019230769230769232
1 0.08208955223880597 0.16666666666666666 0.007462686567164179 0.019230769230769232
1 0.10980810234541578 0.057692307692307696 0.01279317697228145 0.011217948717948718
1 0.11087420042643924 0.07532051282051282 0.01279317697228145 0.011217948717948718
1 0.10980810234541578 0.10096153846153846 0.01279317697228145 0.011217948717948718
1 0.10980810234541578 0.11698717948717949 0.01279317697228145 0.011217948717948718
1 0.14072494669509594 0.09615384615384616 0.01279317697228145 0.01282051282051282
1 0.021321961620469083 0.11057692307692307 0.01279317697228145 0.01282051282051282
1 0.021321961620469083 0.09294871794871795 0.01279317697228145 0.011217948717948718
1 0.042643923240938165 0.022435897435897436 0.008528784648187633 0.020833333333333332
1 0.053304904051172705 0.022435897435897436 0.007462686567164179 0.020833333333333332
1 0.2601279317697228 0.04487179487179487 0.01279317697228145 0.011217948717948718
1 0.2601279317697228 0.14102564102564102 0.01279317697228145 0.011217948717948718
4 0.09594882729211088 0.8221153846153846 0.013859275053304905 0.01282051282051282
4 0.22707889125799574 0.7932692307692307 0.014925373134328358 0.01282051282051282
4 0.26545842217484006 0.6201923076923077 0.014925373134328358 0.01282051282051282
4 0.2462686567164179 0.6201923076923077 0.014925373134328358 0.011217948717948718
4 0.2462686567164179 0.6009615384615384 0.013859275053304905 0.01282051282051282
4 0.04371002132196162 0.6041666666666666 0.009594882729211088 0.022435897435897436
4 0.0031982942430703624 0.42628205128205127 0.0042643923240938165 0.02564102564102564
4 0.05543710021321962 0.46794871794871795 0.008528784648187633 0.02403846153846154
4 0.04157782515991471 0.46634615384615385 0.008528784648187633 0.022435897435897436
4 0.028784648187633263 0.46794871794871795 0.008528784648187633 0.02403846153846154
4 0.017057569296375266 0.46794871794871795 0.008528784648187633 0.022435897435897436
4 0.054371002132196165 0.42467948717948717 0.008528784648187633 0.02403846153846154
4 0.04157782515991471 0.42788461538461536 0.008528784648187633 0.022435897435897436
4 0.04477611940298507 0.2548076923076923 0.008528784648187633 0.020833333333333332
4 0.057569296375266525 0.2564102564102564 0.008528784648187633 0.020833333333333332
4 0.06929637526652452 0.3349358974358974 0.01279317697228145 0.011217948717948718
4 0.06929637526652452 0.3141025641025641 0.013859275053304905 0.011217948717948718
4 0.3187633262260128 0.27403846153846156 0.013859275053304905 0.01282051282051282
4 0.26119402985074625 0.3141025641025641 0.013859275053304905 0.01282051282051282
1 0.3187633262260128 0.2564102564102564 0.013859275053304905 0.01282051282051282
4 0.31769722814498935 0.16025641025641027 0.013859275053304905 0.01282051282051282
4 0.2601279317697228 0.16025641025641027 0.013859275053304905 0.01282051282051282
4 0.3187633262260128 0.23717948717948717 0.013859275053304905 0.01282051282051282
4 0.3187633262260128 0.21955128205128205 0.013859275053304905 0.01282051282051282
4 0.2601279317697228 0.1987179487179487 0.013859275053304905 0.01282051282051282
4 0.2601279317697228 0.18108974358974358 0.013859275053304905 0.01282051282051282
4 0.31769722814498935 0.1987179487179487 0.013859275053304905 0.01282051282051282
4 0.2889125799573561 0.16185897435897437 0.013859275053304905 0.01282051282051282
4 0.2889125799573561 0.1971153846153846 0.013859275053304905 0.01282051282051282
4 0.26119402985074625 0.28044871794871795 0.013859275053304905 0.01282051282051282
1 0.2601279317697228 0.26282051282051283 0.013859275053304905 0.01282051282051282
4 0.2601279317697228 0.24519230769230768 0.013859275053304905 0.01282051282051282
4 0.2601279317697228 0.22756410256410256 0.013859275053304905 0.01282051282051282
4 0.2601279317697228 0.1201923076923077 0.013859275053304905 0.011217948717948718
4 0.2601279317697228 0.10256410256410256 0.014925373134328358 0.01282051282051282
4 0.2601279317697228 0.08333333333333333 0.01279317697228145 0.01282051282051282
4 0.26119402985074625 0.06570512820512821 0.015991471215351813 0.011217948717948718
4 0.2889125799573561 0.13141025641025642 0.014925373134328358 0.011217948717948718
4 0.2953091684434968 0.10897435897435898 0.007462686567164179 0.022435897435897436
4 0.28251599147121537 0.10897435897435898 0.008528784648187633 0.022435897435897436
4 0.2899786780383795 0.08333333333333333 0.013859275053304905 0.01282051282051282
4 0.2899786780383795 0.04487179487179487 0.01279317697228145 0.011217948717948718
4 0.3187633262260128 0.04326923076923077 0.013859275053304905 0.014423076923076924
4 0.2899786780383795 0.007211538461538462 0.014925373134328358 0.011217948717948718
4 0.2601279317697228 0.02564102564102564 0.013859275053304905 0.011217948717948718
4 0.2601279317697228 0.00641025641025641 0.01279317697228145 0.011217948717948718
4 0.09914712153518124 0.022435897435897436 0.007462686567164179 0.020833333333333332
4 0.07036247334754797 0.16506410256410256 0.008528784648187633 0.022435897435897436
4 0.060767590618336885 0.16666666666666666 0.007462686567164179 0.020833333333333332
4 0.03731343283582089 0.16666666666666666 0.007462686567164179 0.020833333333333332
4 0.014925373134328358 0.1875 0.01279317697228145 0.030448717948717948
4 0.1417910447761194 0.07852564102564102 0.013859275053304905 0.01282051282051282
4 0.07569296375266525 0.022435897435897436 0.008528784648187633 0.020833333333333332
4 0.0650319829424307 0.022435897435897436 0.007462686567164179 0.020833333333333332
3 0.041044776119402986 0.8325320512820513 0.07995735607675906 0.16506410256410256
0 0.04584221748400853 0.6778846153846154 0.07249466950959488 0.08974358974358974
0 0.023454157782515993 0.3405448717948718 0.04477611940298507 0.08814102564102565
3 0.12046908315565032 0.36378205128205127 0.053304904051172705 0.08333333333333333
0 0.06823027718550106 0.09294871794871795 0.050106609808102345 0.07371794871794872
1 0.0650319829424307 0.5464743589743589 0.08528784648187633 0.11217948717948718
1 0.1652452025586354 0.592948717948718 0.08635394456289978 0.11217948717948718