1 0.8152173913043478 0.23738872403560832 0.023715415019762844 0.02373887240356083
1 0.7450592885375494 0.23738872403560832 0.023715415019762844 0.02373887240356083
1 0.9496047430830039 0.23590504451038577 0.023715415019762844 0.02373887240356083
1 0.9876482213438735 0.23664688427299704 0.022727272727272728 0.025222551928783383
1 0.8843873517786561 0.23738872403560832 0.023715415019762844 0.02373887240356083
1 0.849802371541502 0.23738872403560832 0.023715415019762844 0.02373887240356083
1 0.7747035573122529 0.3827893175074184 0.015810276679841896 0.013353115727002967
1 0.7183794466403162 0.9347181008902077 0.015810276679841896 0.037091988130563795
1 0.717391304347826 0.9844213649851632 0.017786561264822136 0.028189910979228485
1 0.8843873517786561 0.9347181008902077 0.015810276679841896 0.037091988130563795
1 0.883399209486166 0.9851632047477745 0.017786561264822136 0.026706231454005934
1 0.7549407114624506 0.9347181008902077 0.015810276679841896 0.037091988130563795
1 0.7539525691699605 0.9844213649851632 0.017786561264822136 0.028189910979228485
1 0.8478260869565217 0.9347181008902077 0.015810276679841896 0.037091988130563795
1 0.8458498023715415 0.9844213649851632 0.017786561264822136 0.028189910979228485
1 0.8656126482213439 0.9347181008902077 0.015810276679841896 0.037091988130563795
1 0.8646245059288538 0.9844213649851632 0.017786561264822136 0.028189910979228485
1 0.8102766798418972 0.9347181008902077 0.015810276679841896 0.037091988130563795
1 0.8092885375494071 0.9844213649851632 0.017786561264822136 0.028189910979228485
1 0.8290513833992095 0.9347181008902077 0.015810276679841896 0.037091988130563795
1 0.8280632411067194 0.9844213649851632 0.017786561264822136 0.028189910979228485
1 0.7737154150197628 0.9347181008902077 0.015810276679841896 0.037091988130563795
1 0.7727272727272727 0.9844213649851632 0.017786561264822136 0.028189910979228485
1 0.7924901185770751 0.9347181008902077 0.015810276679841896 0.037091988130563795
1 0.7905138339920948 0.9844213649851632 0.017786561264822136 0.028189910979228485
1 0.7361660079051383 0.9347181008902077 0.015810276679841896 0.037091988130563795
1 0.7351778656126482 0.983679525222552 0.017786561264822136 0.02967359050445104
1 0.7806324110671937 0.23590504451038577 0.023715415019762844 0.02373887240356083
4 0.9169960474308301 0.23738872403560832 0.018774703557312252 0.017804154302670624
1 0.2816205533596838 0.22551928783382788 0.01383399209486166 0.010385756676557863
1 0.2618577075098814 0.22551928783382788 0.012845849802371542 0.011869436201780416
1 0.15118577075098813 0.38130563798219586 0.014822134387351778 0.03412462908011869
1 0.13636363636363635 0.3857566765578635 0.00691699604743083 0.017804154302670624
1 0.043478260869565216 0.3798219584569733 0.00691699604743083 0.019287833827893175
1 0.07806324110671936 0.43768545994065283 0.011857707509881422 0.026706231454005934
1 0.2628458498023715 0.38724035608308605 0.011857707509881422 0.010385756676557863
1 0.27964426877470355 0.38724035608308605 0.012845849802371542 0.011869436201780416
1 0.029644268774703556 0.45548961424332346 0.015810276679841896 0.03412462908011869
1 0.008893280632411068 0.4540059347181009 0.016798418972332016 0.03412462908011869
1 0.16897233201581027 0.48813056379821956 0.014822134387351778 0.03560830860534125
1 0.07806324110671936 0.5845697329376854 0.00691699604743083 0.020771513353115726
1 0.11462450592885376 0.6201780415430267 0.00691699604743083 0.019287833827893175
1 0.11462450592885376 0.6483679525222552 0.00691699604743083 0.019287833827893175
1 0.18379446640316205 0.6988130563798219 0.012845849802371542 0.010385756676557863
1 0.14525691699604742 0.728486646884273 0.021739130434782608 0.05637982195845697
1 0.11462450592885376 0.7433234421364985 0.007905138339920948 0.019287833827893175
1 0.08201581027667984 0.7433234421364985 0.007905138339920948 0.019287833827893175
1 0.06422924901185771 0.7522255192878339 0.010869565217391304 0.026706231454005934
1 0.043478260869565216 0.7522255192878339 0.010869565217391304 0.026706231454005934
1 0.11166007905138339 0.7729970326409495 0.012845849802371542 0.010385756676557863
1 0.09486166007905138 0.771513353115727 0.011857707509881422 0.010385756676557863
1 0.1808300395256917 0.798219584569733 0.011857707509881422 0.010385756676557863
1 0.15118577075098813 0.8264094955489614 0.010869565217391304 0.028189910979228485
1 0.1383399209486166 0.8264094955489614 0.00691699604743083 0.017804154302670624
1 0.1274703557312253 0.8249258160237388 0.00691699604743083 0.017804154302670624
1 0.15316205533596838 0.9258160237388724 0.011857707509881422 0.010385756676557863
1 0.1541501976284585 0.9094955489614244 0.011857707509881422 0.010385756676557863
1 0.15316205533596838 0.8857566765578635 0.011857707509881422 0.010385756676557863
1 0.15316205533596838 0.870919881305638 0.011857707509881422 0.010385756676557863
1 0.18181818181818182 0.8902077151335311 0.011857707509881422 0.011869436201780416
1 0.07114624505928854 0.8768545994065282 0.011857707509881422 0.011869436201780416
1 0.07114624505928854 0.8931750741839762 0.011857707509881422 0.010385756676557863
1 0.09090909090909091 0.9584569732937686 0.007905138339920948 0.019287833827893175
1 0.1007905138339921 0.9584569732937686 0.00691699604743083 0.019287833827893175
1 0.17885375494071146 0.9962908011869436 0.01383399209486166 0.004451038575667656
1 0.2924901185770751 0.9376854599406528 0.011857707509881422 0.010385756676557863
1 0.2924901185770751 0.8486646884272997 0.011857707509881422 0.010385756676557863
4 0.14031620553359683 0.21810089020771514 0.012845849802371542 0.011869436201780416
4 0.2618577075098814 0.24480712166172106 0.01383399209486166 0.011869436201780416
4 0.2974308300395257 0.4050445103857567 0.01383399209486166 0.011869436201780416
4 0.27964426877470355 0.4050445103857567 0.01383399209486166 0.010385756676557863
4 0.27964426877470355 0.4228486646884273 0.012845849802371542 0.011869436201780416
4 0.09189723320158102 0.4198813056379822 0.008893280632411068 0.020771513353115726
4 0.05237154150197629 0.5845697329376854 0.007905138339920948 0.02225519287833828
4 0.041501976284584984 0.5845697329376854 0.00691699604743083 0.020771513353115726
4 0.10276679841897234 0.5459940652818991 0.007905138339920948 0.02225519287833828
4 0.08992094861660078 0.5474777448071216 0.007905138339920948 0.020771513353115726
4 0.07806324110671936 0.5459940652818991 0.007905138339920948 0.02225519287833828
4 0.06719367588932806 0.5459940652818991 0.007905138339920948 0.020771513353115726
4 0.10177865612648221 0.586053412462908 0.007905138339920948 0.02225519287833828
4 0.08992094861660078 0.5830860534124629 0.007905138339920948 0.020771513353115726
4 0.030632411067193676 0.586053412462908 0.00691699604743083 0.020771513353115726
4 0.016798418972332016 0.6008902077151336 0.01383399209486166 0.010385756676557863
4 0.016798418972332016 0.6201780415430267 0.012845849802371542 0.011869436201780416
4 0.016798418972332016 0.6364985163204748 0.01383399209486166 0.010385756676557863
4 0.016798418972332016 0.6543026706231454 0.012845849802371542 0.011869436201780416
4 0.016798418972332016 0.6884272997032641 0.012845849802371542 0.011869436201780416
4 0.016798418972332016 0.7062314540059347 0.011857707509881422 0.011869436201780416
4 0.030632411067193676 0.744807121661721 0.00691699604743083 0.019287833827893175
4 0.09288537549407115 0.7433234421364985 0.007905138339920948 0.019287833827893175
4 0.10474308300395258 0.7418397626112759 0.007905138339920948 0.019287833827893175
4 0.11561264822134387 0.6691394658753709 0.011857707509881422 0.010385756676557863
4 0.11561264822134387 0.6884272997032641 0.012845849802371542 0.010385756676557863
4 0.3468379446640316 0.7255192878338279 0.012845849802371542 0.011869436201780416
4 0.29347826086956524 0.6884272997032641 0.012845849802371542 0.011869436201780416
1 0.3468379446640316 0.7418397626112759 0.012845849802371542 0.011869436201780416
4 0.3458498023715415 0.8308605341246291 0.012845849802371542 0.011869436201780416
4 0.2924901185770751 0.8308605341246291 0.012845849802371542 0.011869436201780416
4 0.3468379446640316 0.7596439169139466 0.012845849802371542 0.011869436201780416
4 0.3468379446640316 0.7759643916913946 0.012845849802371542 0.011869436201780416
4 0.2924901185770751 0.7952522255192879 0.012845849802371542 0.011869436201780416
4 0.2924901185770751 0.8115727002967359 0.012845849802371542 0.011869436201780416
4 0.3458498023715415 0.7952522255192879 0.012845849802371542 0.011869436201780416
4 0.3191699604743083 0.8293768545994066 0.012845849802371542 0.011869436201780416
4 0.3191699604743083 0.7967359050445104 0.012845849802371542 0.011869436201780416
4 0.29347826086956524 0.7195845697329377 0.012845849802371542 0.011869436201780416
1 0.2924901185770751 0.7359050445103857 0.012845849802371542 0.011869436201780416
4 0.2924901185770751 0.7522255192878339 0.012845849802371542 0.011869436201780416
4 0.2924901185770751 0.7685459940652819 0.012845849802371542 0.011869436201780416
4 0.2924901185770751 0.8679525222551929 0.012845849802371542 0.010385756676557863
4 0.2924901185770751 0.884272997032641 0.01383399209486166 0.011869436201780416
4 0.2924901185770751 0.9020771513353115 0.011857707509881422 0.011869436201780416
4 0.29347826086956524 0.9183976261127597 0.014822134387351778 0.010385756676557863
4 0.3191699604743083 0.857566765578635 0.01383399209486166 0.010385756676557863
4 0.325098814229249 0.8783382789317508 0.00691699604743083 0.020771513353115726
4 0.3132411067193676 0.8783382789317508 0.007905138339920948 0.020771513353115726
4 0.3201581027667984 0.9020771513353115 0.012845849802371542 0.011869436201780416
4 0.3201581027667984 0.9376854599406528 0.011857707509881422 0.010385756676557863
4 0.3468379446640316 0.9391691394658753 0.012845849802371542 0.013353115727002967
4 0.3201581027667984 0.973293768545994 0.012845849802371542 0.011869436201780416
4 0.2924901185770751 0.9554896142433235 0.012845849802371542 0.010385756676557863
4 0.2924901185770751 0.973293768545994 0.011857707509881422 0.010385756676557863
4 0.29199604743083 0.9962908011869436 0.014822134387351778 0.004451038575667656
4 0.1432806324110672 0.9584569732937686 0.00691699604743083 0.019287833827893175
4 0.116600790513834 0.8264094955489614 0.007905138339920948 0.020771513353115726
4 0.10770750988142293 0.8249258160237388 0.00691699604743083 0.019287833827893175
4 0.08596837944664032 0.8249258160237388 0.00691699604743083 0.019287833827893175
4 0.043478260869565216 0.8056379821958457 0.011857707509881422 0.028189910979228485
4 0.06521739130434782 0.8056379821958457 0.011857707509881422 0.028189910979228485
4 0.18280632411067194 0.9065281899109793 0.012845849802371542 0.011869436201780416
4 0.12154150197628459 0.9584569732937686 0.007905138339920948 0.019287833827893175
4 0.11166007905138339 0.9584569732937686 0.00691699604743083 0.019287833827893175
3 0.08596837944664032 0.20771513353115728 0.08102766798418973 0.1513353115727003
0 0.09387351778656126 0.3516320474777448 0.06719367588932806 0.0830860534124629
0 0.06620553359683795 0.6632047477744807 0.05533596837944664 0.08011869436201781
3 0.16304347826086957 0.642433234421365 0.04940711462450593 0.0771513353115727
0 0.11462450592885376 0.8931750741839762 0.046442687747035576 0.06824925816023739
1 0.11166007905138339 0.4732937685459941 0.07905138339920949 0.10385756676557864
1 0.20454545454545456 0.43026706231454004 0.0800395256916996 0.10385756676557864