1 0.4947257383966245 0.7468354430379747 0.012658227848101266 0.011075949367088608
1 0.45042194092827004 0.7848101265822784 0.013713080168776372 0.011075949367088608
1 0.4767932489451477 0.7310126582278481 0.011603375527426161 0.030063291139240507
1 0.4588607594936709 0.7310126582278481 0.011603375527426161 0.030063291139240507
1 0.4947257383966245 0.9050632911392406 0.012658227848101266 0.011075949367088608
1 0.45042194092827004 0.944620253164557 0.013713080168776372 0.011075949367088608
1 0.4757383966244726 0.8908227848101266 0.011603375527426161 0.030063291139240507
1 0.4588607594936709 0.8908227848101266 0.011603375527426161 0.030063291139240507
1 0.4240506329113924 0.6914556962025317 0.022151898734177215 0.056962025316455694
1 0.41455696202531644 0.625 0.011603375527426161 0.030063291139240507
1 0.43143459915611815 0.6265822784810127 0.010548523206751054 0.028481012658227847
1 0.45147679324894513 0.6265822784810127 0.011603375527426161 0.011075949367088608
1 0.5 0.5838607594936709 0.012658227848101266 0.011075949367088608
1 0.3037974683544304 0.6234177215189873 0.024261603375527425 0.023734177215189875
1 0.30168776371308015 0.5996835443037974 0.012658227848101266 0.011075949367088608
1 0.26476793248945146 0.5063291139240507 0.0189873417721519 0.015822784810126583
1 0.3027426160337553 0.4588607594936709 0.02531645569620253 0.02531645569620253
1 0.18881856540084388 0.7642405063291139 0.023206751054852322 0.060126582278481014
1 0.18459915611814345 0.8306962025316456 0.008438818565400843 0.01740506329113924
1 0.1962025316455696 0.8306962025316456 0.007383966244725738 0.0189873417721519
1 0.5284810126582279 0.5379746835443038 0.017932489451476793 0.0379746835443038
1 0.560126582278481 0.5379746835443038 0.016877637130801686 0.0379746835443038
1 0.6107594936708861 0.4920886075949367 0.007383966244725738 0.0189873417721519
1 0.6234177215189873 0.4920886075949367 0.007383966244725738 0.020569620253164556
1 0.2616033755274262 0.3575949367088608 0.020042194092827006 0.015822784810126583
1 0.3217299578059072 0.2958860759493671 0.012658227848101266 0.011075949367088608
1 0.339662447257384 0.2958860759493671 0.012658227848101266 0.011075949367088608
1 0.23417721518987342 0.28955696202531644 0.007383966244725738 0.020569620253164556
1 0.2468354430379747 0.28955696202531644 0.007383966244725738 0.020569620253164556
1 0.26371308016877637 0.27848101265822783 0.012658227848101266 0.011075949367088608
1 0.24261603375527427 0.2626582278481013 0.012658227848101266 0.011075949367088608
1 0.2563291139240506 0.23734177215189872 0.02109704641350211 0.01740506329113924
1 0.4609704641350211 0.17563291139240506 0.007383966244725738 0.0189873417721519
1 0.44831223628691985 0.17405063291139242 0.008438818565400843 0.020569620253164556
1 0.6054852320675106 0.17088607594936708 0.024261603375527425 0.023734177215189875
1 0.6867088607594937 0.17088607594936708 0.02531645569620253 0.022151898734177215
4 0.45147679324894513 0.6424050632911392 0.013713080168776372 0.011075949367088608
4 0.45464135021097046 0.6661392405063291 0.008438818565400843 0.020569620253164556
4 0.45042194092827004 0.9620253164556962 0.013713080168776372 0.011075949367088608
4 0.45358649789029537 0.9857594936708861 0.008438818565400843 0.020569620253164556
4 0.45147679324894513 0.8022151898734177 0.013713080168776372 0.011075949367088608
4 0.45464135021097046 0.8259493670886076 0.008438818565400843 0.020569620253164556
4 0.3322784810126582 0.9889240506329114 0.013713080168776372 0.011075949367088608
4 0.33649789029535865 0.9636075949367089 0.007383966244725738 0.020569620253164556
4 0.32489451476793246 0.9620253164556962 0.008438818565400843 0.022151898734177215
4 0.29641350210970463 0.9541139240506329 0.013713080168776372 0.011075949367088608
1 0.29641350210970463 0.9715189873417721 0.013713080168776372 0.011075949367088608
4 0.22151898734177214 0.9541139240506329 0.013713080168776372 0.011075949367088608
1 0.22151898734177214 0.9699367088607594 0.013713080168776372 0.011075949367088608
4 0.24050632911392406 0.9541139240506329 0.013713080168776372 0.011075949367088608
1 0.24050632911392406 0.9699367088607594 0.013713080168776372 0.011075949367088608
4 0.25949367088607594 0.9541139240506329 0.013713080168776372 0.011075949367088608
1 0.25949367088607594 0.9715189873417721 0.013713080168776372 0.011075949367088608
4 0.27742616033755274 0.9541139240506329 0.013713080168776372 0.011075949367088608
1 0.27848101265822783 0.9715189873417721 0.013713080168776372 0.011075949367088608
1 0.31329113924050633 0.9620253164556962 0.008438818565400843 0.020569620253164556
4 0.5970464135021097 0.5268987341772152 0.014767932489451477 0.011075949367088608
4 0.6160337552742616 0.5253164556962026 0.014767932489451477 0.012658227848101266
4 0.5907172995780591 0.4920886075949367 0.008438818565400843 0.020569620253164556
4 0.40822784810126583 0.4620253164556962 0.00949367088607595 0.020569620253164556
4 0.26476793248945146 0.5300632911392406 0.014767932489451477 0.012658227848101266
4 0.2626582278481013 0.37816455696202533 0.013713080168776372 0.011075949367088608
1 0.3027426160337553 0.435126582278481 0.012658227848101266 0.011075949367088608
4 0.26476793248945146 0.2958860759493671 0.012658227848101266 0.011075949367088608
4 0.26476793248945146 0.2626582278481013 0.013713080168776372 0.011075949367088608
4 0.29324894514767935 0.2990506329113924 0.008438818565400843 0.020569620253164556
4 0.3059071729957806 0.2990506329113924 0.008438818565400843 0.020569620253164556
4 0.22468354430379747 0.23575949367088608 0.0189873417721519 0.01740506329113924
4 0.43670886075949367 0.17563291139240506 0.008438818565400843 0.020569620253164556
4 0.3512658227848101 0.10443037974683544 0.008438818565400843 0.020569620253164556
4 0.3259493670886076 0.10443037974683544 0.008438818565400843 0.020569620253164556
4 0.33860759493670883 0.1439873417721519 0.008438818565400843 0.020569620253164556
4 0.350210970464135 0.1439873417721519 0.008438818565400843 0.020569620253164556
4 0.33755274261603374 0.10443037974683544 0.008438818565400843 0.020569620253164556
4 0.310126582278481 0.10284810126582279 0.008438818565400843 0.020569620253164556
4 0.2869198312236287 0.10284810126582279 0.008438818565400843 0.020569620253164556
4 0.29852320675105487 0.1439873417721519 0.008438818565400843 0.020569620253164556
4 0.310126582278481 0.14556962025316456 0.008438818565400843 0.020569620253164556
4 0.2869198312236287 0.1439873417721519 0.008438818565400843 0.020569620253164556
4 0.3259493670886076 0.1439873417721519 0.008438818565400843 0.020569620253164556
0 0.31856540084388185 0.22151898734177214 0.060126582278481014 0.09018987341772151
1 0.169831223628692 0.5268987341772152 0.07383966244725738 0.11550632911392406
1 0.35337552742616035 0.8481012658227848 0.07383966244725738 0.11550632911392406
1 0.35337552742616035 0.6914556962025317 0.07383966244725738 0.11550632911392406
3 0.20780590717299577 0.6439873417721519 0.05485232067510549 0.08702531645569621
0 0.31751054852320676 0.22151898734177214 0.060126582278481014 0.08860759493670886
0 0.3217299578059072 0.5316455696202531 0.06118143459915612 0.1060126582278481
0 0.3227848101265823 0.3686708860759494 0.06118143459915612 0.1060126582278481
0 0.4994725738396624 0.9580696202531646 0.06223628691983123 0.08069620253164557
0 0.4989451476793249 0.805379746835443 0.060126582278481014 0.09177215189873418
0 0.5 0.6471518987341772 0.060126582278481014 0.09177215189873418
0 0.2732067510548523 0.9960443037974683 0.0759493670886076 0.004746835443037975
3 0.6139240506329114 0.9493670886075949 0.1160337552742616 0.0981012658227848
3 0.42616033755274263 0.5300632911392406 0.11181434599156118 0.11550632911392406
3 0.4272151898734177 0.37658227848101267 0.11181434599156118 0.11550632911392406
3 0.6160337552742616 0.8006329113924051 0.11392405063291139 0.11708860759493671
3 0.6139240506329114 0.6424050632911392 0.11392405063291139 0.12025316455696203
3 0.26582278481012656 0.7626582278481012 0.07805907172995781 0.11708860759493671
1 0.7373417721518988 0.8386075949367089 0.016877637130801686 0.03955696202531646
1 0.759493670886076 0.8370253164556962 0.015822784810126583 0.0379746835443038
1 0.7283755274261603 0.990506329113924 0.020042194092827006 0.015822784810126583
1 0.7505274261603375 0.990506329113924 0.020042194092827006 0.015822784810126583
1 0.7732067510548524 0.990506329113924 0.02109704641350211 0.015822784810126583
1 0.8670886075949367 0.17246835443037975 0.024261603375527425 0.02531645569620253
1 0.7911392405063291 0.17246835443037975 0.02531645569620253 0.023734177215189875
1 0.9029535864978903 0.17246835443037975 0.02531645569620253 0.02531645569620253
1 0.8280590717299579 0.17246835443037975 0.02531645569620253 0.02531645569620253
1 0.939873417721519 0.17405063291139242 0.02531645569620253 0.02531645569620253
1 0.9767932489451476 0.17405063291139242 0.02531645569620253 0.02531645569620253
4 0.740506329113924 0.17246835443037975 0.013713080168776372 0.012658227848101266
4 0.759493670886076 0.17246835443037975 0.013713080168776372 0.012658227848101266