1 0.7028985507246377 0.6121495327102804 0.013457556935817806 0.014018691588785047
4 0.16873706004140787 0.6012461059190031 0.013457556935817806 0.012461059190031152
4 0.15010351966873706 0.6012461059190031 0.013457556935817806 0.012461059190031152
4 0.12939958592132506 0.6012461059190031 0.013457556935817806 0.012461059190031152
4 0.10351966873706005 0.5996884735202492 0.013457556935817806 0.012461059190031152
4 0.19668737060041408 0.5934579439252337 0.009316770186335404 0.020249221183800622
4 0.2080745341614907 0.5934579439252337 0.009316770186335404 0.021806853582554516
1 0.18633540372670807 0.5919003115264797 0.007246376811594203 0.018691588785046728
1 0.16977225672877846 0.5841121495327103 0.013457556935817806 0.010903426791277258
1 0.15113871635610765 0.5841121495327103 0.013457556935817806 0.010903426791277258
1 0.12939958592132506 0.5825545171339563 0.014492753623188406 0.012461059190031152
1 0.10351966873706005 0.5825545171339563 0.014492753623188406 0.010903426791277258
1 0.054865424430641824 0.5809968847352025 0.007246376811594203 0.018691588785046728
4 0.012422360248447204 0.5778816199376947 0.007246376811594203 0.02336448598130841
4 0.024844720496894408 0.5763239875389408 0.008281573498964804 0.020249221183800622
4 0.2039337474120083 0.5638629283489096 0.014492753623188406 0.012461059190031152
1 0.20496894409937888 0.5482866043613707 0.013457556935817806 0.012461059190031152
1 0.09006211180124224 0.5404984423676013 0.007246376811594203 0.021806853582554516
4 0.07867494824016563 0.5404984423676013 0.008281573498964804 0.021806853582554516
1 0.20496894409937888 0.5295950155763239 0.012422360248447204 0.010903426791277258
0 0.018115942028985508 0.5124610591900312 0.034161490683229816 0.09345794392523364
1 0.060041407867494824 0.5124610591900312 0.021739130434782608 0.06074766355140187
0 0.14492753623188406 0.5077881619937694 0.06832298136645963 0.1043613707165109
1 0.08902691511387163 0.5062305295950156 0.007246376811594203 0.018691588785046728
1 0.20496894409937888 0.4750778816199377 0.013457556935817806 0.010903426791277258
4 0.08488612836438923 0.4672897196261682 0.013457556935817806 0.012461059190031152
1 0.20496894409937888 0.45794392523364486 0.013457556935817806 0.010903426791277258
4 0.08488612836438923 0.4501557632398754 0.013457556935817806 0.012461059190031152
1 0.003105590062111801 0.4174454828660436 0.004140786749482402 0.021806853582554516
4 0.013457556935817806 0.4158878504672897 0.008281573498964804 0.021806853582554516
4 0.09420289855072464 0.4127725856697819 0.009316770186335404 0.021806853582554516
4 0.07660455486542443 0.4127725856697819 0.008281573498964804 0.020249221183800622
1 0.035196687370600416 0.40809968847352024 0.019668737060041408 0.01557632398753894
1 0.026915113871635612 0.3847352024922118 0.013457556935817806 0.010903426791277258
5 0.12111801242236025 0.37694704049844235 0.035196687370600416 0.0264797507788162
1 0.046583850931677016 0.37383177570093457 0.007246376811594203 0.020249221183800622
1 0.025879917184265012 0.367601246105919 0.012422360248447204 0.010903426791277258
5 0.07971014492753623 0.34890965732087226 0.035196687370600416 0.0264797507788162
4 0.2908902691511387 0.34735202492211836 0.013457556935817806 0.012461059190031152
4 0.26811594202898553 0.34735202492211836 0.013457556935817806 0.012461059190031152
4 0.07867494824016563 0.3068535825545171 0.013457556935817806 0.012461059190031152
1 0.15113871635610765 0.29906542056074764 0.011387163561076604 0.029595015576323987
1 0.13457556935817805 0.29750778816199375 0.010351966873706004 0.03115264797507788
0 0.026915113871635612 0.29049844236760125 0.051759834368530024 0.06697819314641744
1 0.15942028985507245 0.2554517133956386 0.015527950310559006 0.012461059190031152
4 0.16045548654244307 0.2383177570093458 0.014492753623188406 0.014018691588785047
3 0.3219461697722567 0.23208722741433022 0.10973084886128365 0.1261682242990654
4 0.006211180124223602 0.21728971962616822 0.010351966873706004 0.014018691588785047
4 0.022774327122153208 0.20249221183800623 0.013457556935817806 0.012461059190031152
1 0.09213250517598344 0.19314641744548286 0.07349896480331262 0.11214953271028037
4 0.022774327122153208 0.1838006230529595 0.013457556935817806 0.012461059190031152
4 0.022774327122153208 0.16510903426791276 0.014492753623188406 0.010903426791277258
1 0.15320910973084886 0.14018691588785046 0.010351966873706004 0.029595015576323987
1 0.13561076604554864 0.13862928348909656 0.011387163561076604 0.029595015576323987
4 0.018633540372670808 0.13707165109034267 0.012422360248447204 0.012461059190031152
1 0.4668737060041408 0.13551401869158877 0.016563146997929608 0.037383177570093455
4 0.004140786749482402 0.13551401869158877 0.006211180124223602 0.012461059190031152
1 0.4451345755693582 0.13551401869158877 0.015527950310559006 0.037383177570093455
1 0.42339544513457555 0.13395638629283488 0.016563146997929608 0.037383177570093455
4 0.018633540372670808 0.10903426791277258 0.013457556935817806 0.012461059190031152
4 0.004658385093167702 0.10669781931464174 0.007246376811594203 0.014018691588785047
1 0.16149068322981366 0.09657320872274143 0.013457556935817806 0.012461059190031152
4 0.005175983436853002 0.07398753894080996 0.008281573498964804 0.014018691588785047
3 0.32401656314699795 0.07165109034267912 0.10973084886128365 0.1261682242990654
4 0.038302277432712216 0.06697819314641744 0.013457556935817806 0.012461059190031152
4 0.020703933747412008 0.04984423676012461 0.013457556935817806 0.012461059190031152
4 0.005175983436853002 0.045950155763239874 0.008281573498964804 0.014018691588785047
1 0.9886128364389234 0.03426791277258567 0.016563146997929608 0.037383177570093455
1 0.9492753623188406 0.03426791277258567 0.016563146997929608 0.037383177570093455
1 0.968944099378882 0.03426791277258567 0.016563146997929608 0.037383177570093455
1 0.9099378881987578 0.03271028037383177 0.016563146997929608 0.037383177570093455
1 0.9296066252587992 0.03271028037383177 0.016563146997929608 0.037383177570093455
1 0.8902691511387164 0.03271028037383177 0.016563146997929608 0.037383177570093455
4 0.012422360248447204 0.018691588785046728 0.013457556935817806 0.012461059190031152
1 0.4673913043478261 0.017133956386292833 0.017598343685300208 0.03115264797507788
1 0.44616977225672877 0.017133956386292833 0.016563146997929608 0.03115264797507788
1 0.13664596273291926 0.01557632398753894 0.012422360248447204 0.028037383177570093
1 0.42391304347826086 0.016355140186915886 0.017598343685300208 0.029595015576323987
1 0.9813664596273292 0.7710280373831776 0.024844720496894408 0.024922118380062305
1 0.9451345755693582 0.7710280373831776 0.024844720496894408 0.0264797507788162
1 0.870600414078675 0.7694704049844237 0.024844720496894408 0.024922118380062305
1 0.7950310559006211 0.7694704049844237 0.024844720496894408 0.0264797507788162
1 0.8312629399585921 0.7694704049844237 0.024844720496894408 0.024922118380062305
4 0.9037267080745341 0.7694704049844237 0.019668737060041408 0.018691588785046728
1 0.7577639751552795 0.7679127725856698 0.024844720496894408 0.024922118380062305
1 0.722567287784679 0.7679127725856698 0.024844720496894408 0.024922118380062305
1 0.6863354037267081 0.7663551401869159 0.024844720496894408 0.0264797507788162
1 0.16563146997929606 0.764797507788162 0.013457556935817806 0.010903426791277258
1 0.14492753623188406 0.7632398753894081 0.012422360248447204 0.010903426791277258
4 0.11904761904761904 0.7632398753894081 0.013457556935817806 0.012461059190031152
4 0.10041407867494824 0.7632398753894081 0.013457556935817806 0.012461059190031152
1 0.07971014492753623 0.7632398753894081 0.012422360248447204 0.010903426791277258
4 0.45134575569358176 0.7601246105919003 0.013457556935817806 0.012461059190031152
4 0.43167701863354035 0.7601246105919003 0.013457556935817806 0.012461059190031152
4 0.016563146997929608 0.7570093457943925 0.013457556935817806 0.012461059190031152
4 0.16563146997929606 0.7461059190031153 0.013457556935817806 0.012461059190031152
4 0.10041407867494824 0.7461059190031153 0.013457556935817806 0.012461059190031152
1 0.08074534161490683 0.7461059190031153 0.012422360248447204 0.010903426791277258
1 0.017598343685300208 0.7118380062305296 0.013457556935817806 0.010903426791277258
1 0.016563146997929608 0.6900311526479751 0.013457556935817806 0.012461059190031152
4 0.051759834368530024 0.6682242990654206 0.017598343685300208 0.017133956386292833
1 0.017598343685300208 0.6635514018691588 0.013457556935817806 0.012461059190031152
1 0.017598343685300208 0.6433021806853583 0.013457556935817806 0.010903426791277258