1 0.3252118644067797 0.3328025477707006 0.01694915254237288 0.03821656050955414
1 0.3983050847457627 0.3375796178343949 0.012711864406779662 0.011146496815286623
1 0.3040254237288136 0.339171974522293 0.007415254237288136 0.01751592356687898
1 0.05826271186440678 0.34235668789808915 0.00847457627118644 0.01910828025477707
1 0.045550847457627115 0.34394904458598724 0.007415254237288136 0.01910828025477707
4 0.1663135593220339 0.3519108280254777 0.013771186440677966 0.012738853503184714
1 0.1260593220338983 0.3535031847133758 0.012711864406779662 0.030254777070063694
1 0.3442796610169492 0.3535031847133758 0.013771186440677966 0.011146496815286623
1 0.09957627118644068 0.35509554140127386 0.019067796610169493 0.01751592356687898
1 0.13983050847457626 0.3646496815286624 0.007415254237288136 0.020700636942675158
4 0.2817796610169492 0.36942675159235666 0.00847457627118644 0.020700636942675158
4 0.1875 0.36942675159235666 0.007415254237288136 0.020700636942675158
1 0.19915254237288135 0.36942675159235666 0.00847457627118644 0.01910828025477707
4 0.3040254237288136 0.36942675159235666 0.00847457627118644 0.020700636942675158
4 0.1663135593220339 0.37101910828025475 0.013771186440677966 0.012738853503184714
1 0.388771186440678 0.3853503184713376 0.012711864406779662 0.011146496815286623
4 0.1663135593220339 0.39171974522292996 0.013771186440677966 0.012738853503184714
1 0.3230932203389831 0.4012738853503185 0.018008474576271187 0.041401273885350316
1 0.388771186440678 0.4028662420382166 0.012711864406779662 0.011146496815286623
1 0.3442796610169492 0.4028662420382166 0.015889830508474576 0.03821656050955414
1 0.19703389830508475 0.40764331210191085 0.00847457627118644 0.020700636942675158
1 0.1663135593220339 0.40923566878980894 0.012711864406779662 0.012738853503184714
4 0.3061440677966102 0.4124203821656051 0.007415254237288136 0.02388535031847134
3 0.03548728813559322 0.4267515923566879 0.07097457627118645 0.1178343949044586
0 0.2574152542372881 0.43312101910828027 0.045550847457627115 0.0875796178343949
1 0.1228813559322034 0.43471337579617836 0.07521186440677965 0.11464968152866242
1 0.19703389830508475 0.4538216560509554 0.011652542372881356 0.03184713375796178
1 0.4046610169491525 0.4601910828025478 0.012711864406779662 0.011146496815286623
1 0.4036016949152542 0.47770700636942676 0.012711864406779662 0.011146496815286623
1 0.19703389830508475 0.4872611464968153 0.012711864406779662 0.011146496815286623
1 0.23516949152542374 0.49044585987261147 0.013771186440677966 0.011146496815286623
1 0.2595338983050847 0.517515923566879 0.007415254237288136 0.020700636942675158
1 0.2478813559322034 0.5191082802547771 0.007415254237288136 0.020700636942675158
1 0.4099576271186441 0.5605095541401274 0.013771186440677966 0.011146496815286623
1 0.3336864406779661 0.5700636942675159 0.05084745762711865 0.1337579617834395
1 0.4099576271186441 0.5780254777070064 0.013771186440677966 0.011146496815286623
4 0.0026483050847457626 0.5963375796178344 0.005296610169491525 0.014331210191082803
1 0.11970338983050847 0.5971337579617835 0.019067796610169493 0.01592356687898089
1 0.08792372881355932 0.5971337579617835 0.019067796610169493 0.01592356687898089
1 0.4099576271186441 0.6050955414012739 0.013771186440677966 0.011146496815286623
1 0.0635593220338983 0.606687898089172 0.01059322033898305 0.028662420382165606
4 0.00211864406779661 0.6154458598726115 0.00423728813559322 0.014331210191082803
4 0.012711864406779662 0.6178343949044586 0.009533898305084746 0.020700636942675158
4 0.1038135593220339 0.6210191082802548 0.013771186440677966 0.012738853503184714
1 0.4099576271186441 0.6226114649681529 0.013771186440677966 0.011146496815286623
4 0.04025423728813559 0.6226114649681529 0.013771186440677966 0.012738853503184714
4 0.2648305084745763 0.6449044585987261 0.00847457627118644 0.020700636942675158
1 0.4099576271186441 0.6480891719745223 0.013771186440677966 0.011146496815286623
4 0.03389830508474576 0.6576433121019108 0.00847457627118644 0.020700636942675158
1 0.0646186440677966 0.6624203821656051 0.01059322033898305 0.028662420382165606
1 0.4099576271186441 0.6656050955414012 0.013771186440677966 0.011146496815286623
2 0.23728813559322035 0.6656050955414012 0.034957627118644065 0.025477707006369428
4 0.13665254237288135 0.6703821656050956 0.00847457627118644 0.022292993630573247
4 0.2065677966101695 0.6719745222929936 0.013771186440677966 0.012738853503184714
4 0.09110169491525423 0.6719745222929936 0.007415254237288136 0.01910828025477707
4 0.1048728813559322 0.6719745222929936 0.00847457627118644 0.020700636942675158
4 0.17478813559322035 0.6735668789808917 0.007415254237288136 0.020700636942675158
4 0.11864406779661017 0.6735668789808917 0.007415254237288136 0.020700636942675158
4 0.1864406779661017 0.6751592356687898 0.00847457627118644 0.022292993630573247
1 0.4088983050847458 0.6942675159235668 0.013771186440677966 0.011146496815286623
1 0.4088983050847458 0.7101910828025477 0.013771186440677966 0.011146496815286623
1 0.4088983050847458 0.7356687898089171 0.013771186440677966 0.011146496815286623
1 0.4088983050847458 0.7531847133757962 0.013771186440677966 0.011146496815286623
4 0.3463983050847458 0.8343949044585988 0.013771186440677966 0.012738853503184714
4 0.3463983050847458 0.8535031847133758 0.012711864406779662 0.014331210191082803
4 0.3453389830508475 0.8726114649681529 0.013771186440677966 0.012738853503184714
4 0.3453389830508475 0.89171974522293 0.012711864406779662 0.01592356687898089
4 0.3453389830508475 0.910828025477707 0.013771186440677966 0.012738853503184714
4 0.3453389830508475 0.9299363057324841 0.014830508474576272 0.012738853503184714
4 0.3453389830508475 0.9490445859872612 0.013771186440677966 0.014331210191082803
4 0.3442796610169492 0.9697452229299363 0.013771186440677966 0.011146496815286623
4 0.3718220338983051 0.9872611464968153 0.013771186440677966 0.011146496815286623
4 0.3442796610169492 0.9872611464968153 0.014830508474576272 0.012738853503184714
0 0.4210805084745763 0.9848726114649682 0.037076271186440676 0.027070063694267517
1 0.4581567796610169 0.9928343949044586 0.018008474576271187 0.011146496815286623
1 0.07944915254237288 0.11464968152866242 0.013771186440677966 0.012738853503184714
1 0.08050847457627118 0.1321656050955414 0.013771186440677966 0.011146496815286623
1 0.13135593220338984 0.19585987261146498 0.05826271186440678 0.06210191082802548
4 0.2245762711864407 0.20222929936305734 0.014830508474576272 0.012738853503184714
0 0.3781779661016949 0.21019108280254778 0.03389830508474576 0.03184713375796178
1 0.2849576271186441 0.2213375796178344 0.012711864406779662 0.011146496815286623
4 0.0423728813559322 0.2356687898089172 0.013771186440677966 0.012738853503184714
1 0.1483050847457627 0.24203821656050956 0.011652542372881356 0.011146496815286623
4 0.2065677966101695 0.24363057324840764 0.013771186440677966 0.011146496815286623
4 0.3072033898305085 0.24681528662420382 0.00847457627118644 0.022292993630573247
4 0.3199152542372881 0.24681528662420382 0.00847457627118644 0.022292993630573247
1 0.11864406779661017 0.2484076433121019 0.00847457627118644 0.022292993630573247
4 0.13241525423728814 0.2484076433121019 0.009533898305084746 0.022292993630573247
4 0.0423728813559322 0.25477707006369427 0.013771186440677966 0.012738853503184714
4 0.08792372881355932 0.25477707006369427 0.013771186440677966 0.012738853503184714
1 0.336864406779661 0.2818471337579618 0.025423728813559324 0.025477707006369428
1 0.1832627118644068 0.28343949044585987 0.012711864406779662 0.03184713375796178
1 0.19809322033898305 0.28343949044585987 0.00847457627118644 0.020700636942675158
0 0.009533898305084746 0.28662420382165604 0.019067796610169493 0.10828025477707007
1 0.034957627118644065 0.2961783439490446 0.007415254237288136 0.020700636942675158
0 0.2584745762711864 0.30095541401273884 0.045550847457627115 0.0875796178343949
1 0.04978813559322034 0.3057324840764331 0.01059322033898305 0.027070063694267517
1 0.3983050847457627 0.3200636942675159 0.012711864406779662 0.011146496815286623