1 0.2974683544303797 0.17721518987341772 0.02531645569620253 0.02531645569620253
1 0.26054852320675104 0.17721518987341772 0.02531645569620253 0.02531645569620253
1 0.010548523206751054 0.17484177215189872 0.02109704641350211 0.02689873417721519
1 0.043248945147679324 0.17563291139240506 0.02531645569620253 0.02531645569620253
1 0.1518987341772152 0.17563291139240506 0.02531645569620253 0.02531645569620253
1 0.1877637130801688 0.17721518987341772 0.02531645569620253 0.02531645569620253
1 0.22468354430379747 0.17721518987341772 0.02531645569620253 0.02531645569620253
1 0.290084388185654 0.9208860759493671 0.016877637130801686 0.03955696202531646
1 0.290084388185654 0.9794303797468354 0.016877637130801686 0.03955696202531646
1 0.11286919831223628 0.9208860759493671 0.016877637130801686 0.03955696202531646
1 0.11286919831223628 0.9778481012658228 0.016877637130801686 0.03955696202531646
1 0.2510548523206751 0.9208860759493671 0.016877637130801686 0.03955696202531646
1 0.2510548523206751 0.9794303797468354 0.016877637130801686 0.03955696202531646
1 0.1529535864978903 0.9193037974683544 0.016877637130801686 0.03955696202531646
1 0.1529535864978903 0.9778481012658228 0.016877637130801686 0.03955696202531646
1 0.13291139240506328 0.9208860759493671 0.016877637130801686 0.03955696202531646
1 0.13291139240506328 0.9778481012658228 0.016877637130801686 0.03955696202531646
1 0.19198312236286919 0.9208860759493671 0.016877637130801686 0.03955696202531646
1 0.19198312236286919 0.9778481012658228 0.016877637130801686 0.03955696202531646
1 0.1719409282700422 0.9208860759493671 0.016877637130801686 0.03955696202531646
1 0.1719409282700422 0.9794303797468354 0.016877637130801686 0.03955696202531646
1 0.2310126582278481 0.9193037974683544 0.016877637130801686 0.03955696202531646
1 0.2310126582278481 0.9778481012658228 0.016877637130801686 0.03955696202531646
1 0.2120253164556962 0.9208860759493671 0.016877637130801686 0.03955696202531646
1 0.2120253164556962 0.9778481012658228 0.016877637130801686 0.03955696202531646
1 0.270042194092827 0.9208860759493671 0.016877637130801686 0.03955696202531646
1 0.27109704641350213 0.9778481012658228 0.016877637130801686 0.03955696202531646
1 0.07911392405063292 0.17563291139240506 0.02109704641350211 0.01740506329113924
1 0.9767932489451476 0.4208860759493671 0.015822784810126583 0.03639240506329114
1 0.9556962025316456 0.4208860759493671 0.015822784810126583 0.03481012658227848
1 0.9187763713080169 0.3860759493670886 0.0189873417721519 0.01740506329113924
1 0.8924050632911392 0.3860759493670886 0.012658227848101266 0.011075949367088608
1 0.9915611814345991 0.34335443037974683 0.007383966244725738 0.0189873417721519
1 0.8960970464135021 0.9968354430379747 0.022151898734177215 0.0031645569620253164
1 0.9852320675105485 0.9683544303797469 0.011603375527426161 0.011075949367088608
1 0.9852320675105485 0.9509493670886076 0.013713080168776372 0.011075949367088608
1 0.8945147679324894 0.9651898734177216 0.011603375527426161 0.011075949367088608
1 0.8945147679324894 0.9477848101265823 0.012658227848101266 0.011075949367088608
1 0.8955696202531646 0.9319620253164557 0.012658227848101266 0.012658227848101266
1 0.8945147679324894 0.9145569620253164 0.012658227848101266 0.011075949367088608
1 0.9535864978902954 0.8718354430379747 0.007383966244725738 0.020569620253164556
1 0.9651898734177216 0.8734177215189873 0.007383966244725738 0.0189873417721519
1 0.745253164556962 0.992879746835443 0.013713080168776372 0.011075949367088608
1 0.8048523206751055 0.8449367088607594 0.039029535864978905 0.030063291139240507
1 0.8048523206751055 0.8022151898734177 0.039029535864978905 0.03164556962025317
1 0.8027426160337553 0.7658227848101266 0.020042194092827006 0.01740506329113924
1 0.7552742616033755 0.7151898734177216 0.013713080168776372 0.012658227848101266
1 0.7552742616033755 0.6772151898734177 0.012658227848101266 0.00949367088607595
1 0.8343881856540084 0.6693037974683544 0.013713080168776372 0.011075949367088608
1 0.9018987341772152 0.5759493670886076 0.024261603375527425 0.023734177215189875
1 0.9029535864978903 0.5395569620253164 0.023206751054852322 0.023734177215189875
1 0.9683544303797469 0.5569620253164557 0.012658227848101266 0.012658227848101266
1 0.9931434599156118 0.509493670886076 0.011603375527426161 0.012658227848101266
4 0.7151898734177216 0.992879746835443 0.014767932489451477 0.011075949367088608
4 0.6882911392405063 0.992879746835443 0.013713080168776372 0.011075949367088608
4 0.9419831223628692 0.8734177215189873 0.008438818565400843 0.022151898734177215
4 0.6877637130801688 0.9572784810126582 0.013713080168776372 0.012658227848101266
4 0.6877637130801688 0.9193037974683544 0.013713080168776372 0.014240506329113924
4 0.7447257383966245 0.9572784810126582 0.013713080168776372 0.012658227848101266
1 0.7151898734177216 0.9572784810126582 0.013713080168776372 0.012658227848101266
4 0.930379746835443 0.8734177215189873 0.007383966244725738 0.020569620253164556
4 0.9082278481012658 0.8718354430379747 0.008438818565400843 0.022151898734177215
4 0.9546413502109705 0.8117088607594937 0.008438818565400843 0.022151898734177215
4 0.9040084388185654 0.7832278481012658 0.008438818565400843 0.020569620253164556
4 0.8924050632911392 0.7816455696202531 0.008438818565400843 0.022151898734177215
4 0.7320675105485233 0.7990506329113924 0.008438818565400843 0.022151898734177215
4 0.7183544303797469 0.7990506329113924 0.008438818565400843 0.020569620253164556
4 0.6867088607594937 0.7642405063291139 0.013713080168776372 0.011075949367088608
4 0.6877637130801688 0.7436708860759493 0.013713080168776372 0.012658227848101266
4 0.7552742616033755 0.754746835443038 0.013713080168776372 0.012658227848101266
4 0.7542194092827004 0.7357594936708861 0.013713080168776372 0.011075949367088608
4 0.8322784810126582 0.7183544303797469 0.008438818565400843 0.020569620253164556
4 0.9778481012658228 0.6629746835443038 0.00949367088607595 0.020569620253164556
4 0.9915611814345991 0.6629746835443038 0.008438818565400843 0.020569620253164556
4 0.9672995780590717 0.6392405063291139 0.014767932489451477 0.012658227848101266
4 0.9672995780590717 0.620253164556962 0.014767932489451477 0.012658227848101266
4 0.9672995780590717 0.5996835443037974 0.014767932489451477 0.012658227848101266
4 0.9008438818565401 0.6075949367088608 0.020042194092827006 0.0189873417721519
4 0.9388185654008439 0.5791139240506329 0.014767932489451477 0.014240506329113924
4 0.9683544303797469 0.5363924050632911 0.013713080168776372 0.011075949367088608
4 0.9662447257383966 0.5158227848101266 0.014767932489451477 0.014240506329113924
4 0.9388185654008439 0.5158227848101266 0.014767932489451477 0.012658227848101266
4 0.939873417721519 0.5363924050632911 0.014767932489451477 0.012658227848101266
4 0.9388185654008439 0.5569620253164557 0.014767932489451477 0.011075949367088608
4 0.8997890295358649 0.1819620253164557 0.013713080168776372 0.012658227848101266
4 0.8291139240506329 0.18354430379746836 0.015822784810126583 0.012658227848101266
4 0.7552742616033755 0.6962025316455697 0.012658227848101266 0.012658227848101266
3 0.9546413502109705 0.15031645569620253 0.08649789029535865 0.16139240506329114
0 0.9493670886075949 0.31329113924050633 0.07067510548523206 0.09018987341772151
1 0.8417721518987342 0.38924050632911394 0.08438818565400844 0.11075949367088607
1 0.9135021097046413 0.4525316455696203 0.08544303797468354 0.11075949367088607
0 0.9388185654008439 0.9430379746835443 0.049578059071729956 0.07278481012658228
3 0.8048523206751055 0.8892405063291139 0.039029535864978905 0.03164556962025317
5 0.7341772151898734 0.8607594936708861 0.027426160337552744 0.02531645569620253
0 0.79957805907173 0.7104430379746836 0.04535864978902954 0.06645569620253164
3 0.8417721518987342 0.5886075949367089 0.07911392405063292 0.11708860759493671