1 0.7121535181236673 0.20993589743589744 0.0255863539445629 0.02564102564102564
1 0.7494669509594882 0.20993589743589744 0.0255863539445629 0.02564102564102564
1 0.9952025586353944 0.20833333333333334 0.007462686567164179 0.028846153846153848
1 0.9690831556503199 0.20833333333333334 0.0255863539445629 0.02564102564102564
1 0.8592750533049041 0.20833333333333334 0.0255863539445629 0.02564102564102564
1 0.8230277185501066 0.20993589743589744 0.0255863539445629 0.02564102564102564
1 0.7857142857142857 0.20993589743589744 0.0255863539445629 0.02564102564102564
1 0.7196162046908315 0.9631410256410257 0.017057569296375266 0.04006410256410257
1 0.8987206823027718 0.9631410256410257 0.017057569296375266 0.04006410256410257
1 0.7590618336886994 0.9631410256410257 0.017057569296375266 0.04006410256410257
1 0.8582089552238806 0.9615384615384616 0.017057569296375266 0.04006410256410257
1 0.8784648187633263 0.9631410256410257 0.017057569296375266 0.04006410256410257
1 0.8187633262260128 0.9631410256410257 0.017057569296375266 0.04006410256410257
1 0.8390191897654584 0.9631410256410257 0.017057569296375266 0.04006410256410257
1 0.779317697228145 0.9615384615384616 0.017057569296375266 0.04006410256410257
1 0.7985074626865671 0.9631410256410257 0.017057569296375266 0.04006410256410257
1 0.7398720682302772 0.9631410256410257 0.017057569296375266 0.04006410256410257
1 0.9328358208955224 0.20833333333333334 0.021321961620469083 0.017628205128205128
1 0.0255863539445629 0.4567307692307692 0.015991471215351813 0.03685897435897436
1 0.046908315565031986 0.4567307692307692 0.015991471215351813 0.035256410256410256
1 0.08422174840085288 0.421474358974359 0.019189765458422176 0.017628205128205128
1 0.11087420042643924 0.421474358974359 0.01279317697228145 0.011217948717948718
1 0.010660980810234541 0.3782051282051282 0.007462686567164179 0.019230769230769232
1 0.017057569296375266 0.9935897435897436 0.013859275053304905 0.011217948717948718
1 0.10874200426439233 0.9903846153846154 0.01279317697228145 0.011217948717948718
1 0.10767590618336886 0.9743589743589743 0.01279317697228145 0.01282051282051282
1 0.10874200426439233 0.9567307692307693 0.01279317697228145 0.011217948717948718
1 0.04904051172707889 0.9134615384615384 0.007462686567164179 0.020833333333333332
1 0.03731343283582089 0.9150641025641025 0.007462686567164179 0.019230769230769232
1 0.19936034115138593 0.8862179487179487 0.039445628997867806 0.030448717948717948
1 0.19936034115138593 0.842948717948718 0.039445628997867806 0.03205128205128205
1 0.20149253731343283 0.8060897435897436 0.02025586353944563 0.017628205128205128
1 0.24946695095948826 0.7548076923076923 0.013859275053304905 0.01282051282051282
1 0.24946695095948826 0.7163461538461539 0.01279317697228145 0.009615384615384616
1 0.1695095948827292 0.7083333333333334 0.013859275053304905 0.011217948717948718
1 0.10127931769722814 0.6137820512820513 0.024520255863539446 0.02403846153846154
1 0.10021321961620469 0.5769230769230769 0.023454157782515993 0.02403846153846154
1 0.03411513859275053 0.594551282051282 0.01279317697228145 0.01282051282051282
1 0.008528784648187633 0.5464743589743589 0.01279317697228145 0.011217948717948718
4 0.060767590618336885 0.9150641025641025 0.008528784648187633 0.022435897435897436
4 0.31823027718550106 0.9951923076923077 0.015991471215351813 0.00641025641025641
4 0.31769722814498935 0.9615384615384616 0.013859275053304905 0.014423076923076924
4 0.26066098081023453 0.9951923076923077 0.015991471215351813 0.00641025641025641
1 0.2905117270788913 0.9951923076923077 0.015991471215351813 0.00641025641025641
4 0.07249466950959488 0.9150641025641025 0.007462686567164179 0.020833333333333332
4 0.09488272921108742 0.9134615384615384 0.008528784648187633 0.022435897435897436
4 0.04797441364605544 0.8525641025641025 0.008528784648187633 0.022435897435897436
4 0.09914712153518124 0.8237179487179487 0.008528784648187633 0.020833333333333332
4 0.11087420042643924 0.8221153846153846 0.008528784648187633 0.022435897435897436
4 0.27292110874200426 0.8397435897435898 0.008528784648187633 0.022435897435897436
4 0.2867803837953092 0.8397435897435898 0.008528784648187633 0.020833333333333332
4 0.3187633262260128 0.8044871794871795 0.013859275053304905 0.011217948717948718
4 0.31769722814498935 0.7836538461538461 0.013859275053304905 0.01282051282051282
4 0.24946695095948826 0.7948717948717948 0.013859275053304905 0.01282051282051282
4 0.2505330490405117 0.7756410256410257 0.013859275053304905 0.011217948717948718
4 0.17164179104477612 0.7580128205128205 0.008528784648187633 0.020833333333333332
4 0.024520255863539446 0.7019230769230769 0.009594882729211088 0.020833333333333332
4 0.010660980810234541 0.7019230769230769 0.008528784648187633 0.020833333333333332
4 0.035181236673773986 0.6778846153846154 0.014925373134328358 0.01282051282051282
4 0.035181236673773986 0.6586538461538461 0.014925373134328358 0.01282051282051282
4 0.035181236673773986 0.6378205128205128 0.014925373134328358 0.01282051282051282
4 0.1023454157782516 0.6458333333333334 0.02025586353944563 0.019230769230769232
4 0.06396588486140725 0.6169871794871795 0.014925373134328358 0.014423076923076924
4 0.03411513859275053 0.5737179487179487 0.013859275053304905 0.011217948717948718
4 0.03624733475479744 0.5528846153846154 0.014925373134328358 0.014423076923076924
4 0.06396588486140725 0.5528846153846154 0.014925373134328358 0.01282051282051282
4 0.0628997867803838 0.5737179487179487 0.014925373134328358 0.01282051282051282
4 0.06396588486140725 0.594551282051282 0.014925373134328358 0.011217948717948718
4 0.10341151385927505 0.21474358974358973 0.013859275053304905 0.01282051282051282
4 0.17484008528784648 0.21634615384615385 0.015991471215351813 0.01282051282051282
4 0.24946695095948826 0.7355769230769231 0.01279317697228145 0.01282051282051282
3 0.04797441364605544 0.18269230769230768 0.08742004264392324 0.16346153846153846
0 0.053304904051172705 0.34775641025641024 0.07142857142857142 0.09134615384615384
1 0.16204690831556504 0.42467948717948717 0.08528784648187633 0.11217948717948718
1 0.08955223880597014 0.48878205128205127 0.08635394456289978 0.11217948717948718
0 0.06449893390191898 0.9727564102564102 0.05223880597014925 0.05128205128205128
3 0.19936034115138593 0.9310897435897436 0.039445628997867806 0.03205128205128205
5 0.27078891257995735 0.9022435897435898 0.02771855010660981 0.02564102564102564
0 0.2046908315565032 0.75 0.04584221748400853 0.0673076923076923
3 0.16204690831556504 0.6266025641025641 0.07995735607675906 0.11858974358974358