1 0.34347826086956523 0.3366013071895425 0.017391304347826087 0.0392156862745098
1 0.41847826086956524 0.3415032679738562 0.013043478260869565 0.011437908496732025
1 0.3217391304347826 0.3431372549019608 0.007608695652173913 0.017973856209150325
1 0.06956521739130435 0.3464052287581699 0.008695652173913044 0.0196078431372549
1 0.05652173913043478 0.3480392156862745 0.007608695652173913 0.0196078431372549
4 0.18043478260869567 0.3562091503267974 0.014130434782608696 0.013071895424836602
1 0.1391304347826087 0.35784313725490197 0.013043478260869565 0.03104575163398693
1 0.3630434782608696 0.35784313725490197 0.014130434782608696 0.011437908496732025
1 0.11195652173913044 0.35947712418300654 0.01956521739130435 0.017973856209150325
1 0.1532608695652174 0.369281045751634 0.007608695652173913 0.021241830065359478
4 0.29891304347826086 0.3741830065359477 0.008695652173913044 0.021241830065359478
4 0.20217391304347826 0.3741830065359477 0.007608695652173913 0.021241830065359478
1 0.2141304347826087 0.3741830065359477 0.008695652173913044 0.0196078431372549
4 0.3217391304347826 0.3741830065359477 0.008695652173913044 0.021241830065359478
4 0.18043478260869567 0.3758169934640523 0.014130434782608696 0.013071895424836602
1 0.40869565217391307 0.39052287581699346 0.013043478260869565 0.011437908496732025
4 0.18043478260869567 0.39705882352941174 0.014130434782608696 0.013071895424836602
1 0.34130434782608693 0.4068627450980392 0.01847826086956522 0.042483660130718956
1 0.40869565217391307 0.4084967320261438 0.013043478260869565 0.011437908496732025
1 0.3630434782608696 0.4084967320261438 0.016304347826086956 0.0392156862745098
1 0.21195652173913043 0.4133986928104575 0.008695652173913044 0.021241830065359478
1 0.18043478260869567 0.4150326797385621 0.013043478260869565 0.013071895424836602
4 0.3239130434782609 0.41830065359477125 0.007608695652173913 0.024509803921568627
3 0.042391304347826085 0.43300653594771243 0.07934782608695652 0.119281045751634
0 0.27391304347826084 0.4395424836601307 0.04673913043478261 0.08986928104575163
1 0.1358695652173913 0.4411764705882353 0.07717391304347826 0.11764705882352941
1 0.21195652173913043 0.46078431372549017 0.011956521739130435 0.032679738562091505
1 0.425 0.4673202614379085 0.013043478260869565 0.011437908496732025
1 0.42391304347826086 0.4852941176470588 0.013043478260869565 0.011437908496732025
1 0.21195652173913043 0.4950980392156863 0.013043478260869565 0.011437908496732025
1 0.2510869565217391 0.49836601307189543 0.014130434782608696 0.011437908496732025
1 0.27608695652173915 0.5261437908496732 0.007608695652173913 0.021241830065359478
1 0.26413043478260867 0.5277777777777778 0.007608695652173913 0.021241830065359478
4 0.0010869565217391304 0.559640522875817 0.002173913043478261 0.021241830065359478
1 0.43043478260869567 0.5702614379084967 0.014130434782608696 0.011437908496732025
1 0.3521739130434783 0.5800653594771242 0.05217391304347826 0.13725490196078433
1 0.43043478260869567 0.5882352941176471 0.014130434782608696 0.011437908496732025
4 0.007608695652173913 0.6062091503267973 0.014130434782608696 0.013071895424836602
1 0.13260869565217392 0.6078431372549019 0.01956521739130435 0.016339869281045753
1 0.1 0.6078431372549019 0.01956521739130435 0.016339869281045753
1 0.43043478260869567 0.6160130718954249 0.014130434782608696 0.011437908496732025
1 0.075 0.6176470588235294 0.010869565217391304 0.029411764705882353
4 0.007065217391304348 0.6266339869281046 0.014130434782608696 0.014705882352941176
4 0.02282608695652174 0.6290849673202614 0.009782608695652175 0.021241830065359478
4 0.11630434782608695 0.6323529411764706 0.014130434782608696 0.013071895424836602
1 0.43043478260869567 0.6339869281045751 0.014130434782608696 0.011437908496732025
4 0.051086956521739134 0.6339869281045751 0.014130434782608696 0.013071895424836602
4 0.28152173913043477 0.6568627450980392 0.008695652173913044 0.021241830065359478
1 0.43043478260869567 0.6601307189542484 0.014130434782608696 0.011437908496732025
4 0.04456521739130435 0.6699346405228758 0.008695652173913044 0.021241830065359478
1 0.07608695652173914 0.6748366013071896 0.010869565217391304 0.029411764705882353
1 0.43043478260869567 0.6781045751633987 0.014130434782608696 0.011437908496732025
2 0.2532608695652174 0.6781045751633987 0.035869565217391305 0.026143790849673203
4 0.15 0.6830065359477124 0.008695652173913044 0.02287581699346405
4 0.2217391304347826 0.684640522875817 0.014130434782608696 0.013071895424836602
4 0.10326086956521739 0.684640522875817 0.007608695652173913 0.0196078431372549
4 0.11739130434782609 0.684640522875817 0.008695652173913044 0.021241830065359478
4 0.1891304347826087 0.6862745098039216 0.007608695652173913 0.021241830065359478
4 0.13152173913043477 0.6862745098039216 0.007608695652173913 0.021241830065359478
4 0.20108695652173914 0.6879084967320261 0.008695652173913044 0.02287581699346405
1 0.42934782608695654 0.7075163398692811 0.014130434782608696 0.011437908496732025
1 0.42934782608695654 0.7238562091503268 0.014130434782608696 0.011437908496732025
1 0.42934782608695654 0.75 0.014130434782608696 0.011437908496732025
1 0.42934782608695654 0.7679738562091504 0.014130434782608696 0.011437908496732025
4 0.3652173913043478 0.8513071895424836 0.014130434782608696 0.013071895424836602
4 0.3652173913043478 0.8709150326797386 0.013043478260869565 0.014705882352941176
4 0.3641304347826087 0.8905228758169934 0.014130434782608696 0.013071895424836602
4 0.3641304347826087 0.9101307189542484 0.013043478260869565 0.016339869281045753
4 0.3641304347826087 0.9297385620915033 0.014130434782608696 0.013071895424836602
4 0.3641304347826087 0.9493464052287581 0.015217391304347827 0.013071895424836602
4 0.3641304347826087 0.9689542483660131 0.014130434782608696 0.014705882352941176
4 0.3630434782608696 0.9901960784313726 0.014130434782608696 0.011437908496732025
0 0.4418478260869565 0.9950980392156863 0.03804347826086957 0.006535947712418301
1 0.09130434782608696 0.11274509803921569 0.014130434782608696 0.013071895424836602
1 0.09239130434782608 0.13071895424836602 0.014130434782608696 0.011437908496732025
1 0.14456521739130435 0.19607843137254902 0.059782608695652176 0.06372549019607843
4 0.24021739130434783 0.20261437908496732 0.015217391304347827 0.013071895424836602
0 0.3978260869565217 0.2107843137254902 0.034782608695652174 0.032679738562091505
1 0.30217391304347824 0.2222222222222222 0.013043478260869565 0.011437908496732025
4 0.05326086956521739 0.2369281045751634 0.014130434782608696 0.013071895424836602
1 0.16195652173913044 0.2434640522875817 0.011956521739130435 0.011437908496732025
4 0.2217391304347826 0.24509803921568626 0.014130434782608696 0.011437908496732025
4 0.325 0.24836601307189543 0.008695652173913044 0.02287581699346405
4 0.33804347826086956 0.24836601307189543 0.008695652173913044 0.02287581699346405
1 0.13152173913043477 0.25 0.008695652173913044 0.02287581699346405
4 0.14565217391304347 0.25 0.009782608695652175 0.02287581699346405
4 0.05326086956521739 0.2565359477124183 0.014130434782608696 0.013071895424836602
4 0.1 0.2565359477124183 0.014130434782608696 0.013071895424836602
1 0.35543478260869565 0.28431372549019607 0.02608695652173913 0.026143790849673203
1 0.19782608695652174 0.28594771241830064 0.013043478260869565 0.032679738562091505
1 0.21304347826086956 0.28594771241830064 0.008695652173913044 0.021241830065359478
0 0.014673913043478261 0.28921568627450983 0.029347826086956522 0.1111111111111111
1 0.04565217391304348 0.29901960784313725 0.007608695652173913 0.021241830065359478
0 0.275 0.30392156862745096 0.04673913043478261 0.08986928104575163
1 0.06086956521739131 0.3088235294117647 0.010869565217391304 0.027777777777777776
1 0.41847826086956524 0.3235294117647059 0.013043478260869565 0.011437908496732025