1 0.18670886075949367 0.7610759493670886 0.02531645569620253 0.02531645569620253
1 0.2616033755274262 0.7610759493670886 0.02531645569620253 0.02531645569620253
1 0.043248945147679324 0.7626582278481012 0.02531645569620253 0.02531645569620253
1 0.007911392405063292 0.7618670886075949 0.015822784810126583 0.02689873417721519
1 0.11286919831223628 0.7610759493670886 0.02531645569620253 0.02531645569620253
1 0.14978902953586498 0.7610759493670886 0.02531645569620253 0.02531645569620253
1 0.229957805907173 0.6060126582278481 0.016877637130801686 0.014240506329113924
1 0.29061181434599154 0.01977848101265823 0.017932489451476793 0.03639240506329114
1 0.11339662447257384 0.01977848101265823 0.017932489451476793 0.03639240506329114
1 0.25158227848101267 0.01977848101265823 0.017932489451476793 0.03639240506329114
1 0.15242616033755274 0.01977848101265823 0.017932489451476793 0.03639240506329114
1 0.13343881856540085 0.01977848101265823 0.017932489451476793 0.03639240506329114
1 0.19251054852320676 0.01977848101265823 0.017932489451476793 0.03639240506329114
1 0.17246835443037975 0.01977848101265823 0.017932489451476793 0.03639240506329114
1 0.23154008438818566 0.01977848101265823 0.017932489451476793 0.03639240506329114
1 0.21149789029535865 0.01977848101265823 0.017932489451476793 0.03639240506329114
1 0.27162447257383965 0.01977848101265823 0.017932489451476793 0.03639240506329114
1 0.22362869198312235 0.7626582278481012 0.02531645569620253 0.02531645569620253
4 0.07805907172995781 0.7610759493670886 0.020042194092827006 0.0189873417721519
1 0.7563291139240507 0.7737341772151899 0.014767932489451477 0.011075949367088608
1 0.7774261603375527 0.7737341772151899 0.013713080168776372 0.012658227848101266
1 0.8955696202531646 0.6075949367088608 0.015822784810126583 0.03639240506329114
1 0.9113924050632911 0.6028481012658228 0.007383966244725738 0.0189873417721519
1 0.9736286919831224 0.5474683544303798 0.012658227848101266 0.028481012658227847
1 0.7763713080168776 0.6012658227848101 0.012658227848101266 0.011075949367088608
1 0.7584388185654009 0.6012658227848101 0.013713080168776372 0.012658227848101266
1 0.8765822784810127 0.4936708860759494 0.015822784810126583 0.0379746835443038
1 0.9736286919831224 0.39082278481012656 0.007383966244725738 0.022151898734177215
1 0.9345991561181435 0.3528481012658228 0.007383966244725738 0.020569620253164556
1 0.9345991561181435 0.3227848101265823 0.007383966244725738 0.020569620253164556
1 0.8607594936708861 0.2689873417721519 0.013713080168776372 0.011075949367088608
1 0.9018987341772152 0.23734177215189872 0.023206751054852322 0.060126582278481014
1 0.9345991561181435 0.22151898734177214 0.008438818565400843 0.020569620253164556
1 0.9694092827004219 0.22151898734177214 0.008438818565400843 0.020569620253164556
1 0.9883966244725738 0.2120253164556962 0.011603375527426161 0.028481012658227847
1 0.9377637130801688 0.189873417721519 0.013713080168776372 0.011075949367088608
1 0.9556962025316456 0.19145569620253164 0.012658227848101266 0.011075949367088608
1 0.8639240506329114 0.1629746835443038 0.012658227848101266 0.011075949367088608
1 0.8955696202531646 0.13291139240506328 0.011603375527426161 0.030063291139240507
1 0.9092827004219409 0.13291139240506328 0.007383966244725738 0.0189873417721519
1 0.9208860759493671 0.13449367088607594 0.007383966244725738 0.0189873417721519
1 0.8934599156118144 0.02689873417721519 0.012658227848101266 0.011075949367088608
1 0.8924050632911392 0.04430379746835443 0.012658227848101266 0.011075949367088608
1 0.8934599156118144 0.06962025316455696 0.012658227848101266 0.011075949367088608
1 0.8934599156118144 0.08544303797468354 0.012658227848101266 0.011075949367088608
1 0.8628691983122363 0.06487341772151899 0.012658227848101266 0.012658227848101266
1 0.9810126582278481 0.07911392405063292 0.012658227848101266 0.012658227848101266
1 0.9810126582278481 0.061708860759493674 0.012658227848101266 0.011075949367088608
1 0.7447257383966245 0.014240506329113924 0.012658227848101266 0.011075949367088608
1 0.7447257383966245 0.10917721518987342 0.012658227848101266 0.011075949367088608
4 0.9071729957805907 0.7816455696202531 0.013713080168776372 0.012658227848101266
4 0.7774261603375527 0.7531645569620253 0.014767932489451477 0.012658227848101266
4 0.739451476793249 0.5822784810126582 0.014767932489451477 0.012658227848101266
4 0.7584388185654009 0.5822784810126582 0.014767932489451477 0.011075949367088608
4 0.7584388185654009 0.5632911392405063 0.013713080168776372 0.012658227848101266
4 0.9588607594936709 0.5664556962025317 0.00949367088607595 0.022151898734177215
4 0.9978902953586498 0.39082278481012656 0.002109704641350211 0.02531645569620253
4 0.9472573839662447 0.4319620253164557 0.008438818565400843 0.023734177215189875
4 0.9609704641350211 0.43037974683544306 0.008438818565400843 0.022151898734177215
4 0.9736286919831224 0.4319620253164557 0.008438818565400843 0.023734177215189875
4 0.9852320675105485 0.4319620253164557 0.008438818565400843 0.022151898734177215
4 0.9483122362869199 0.38924050632911394 0.008438818565400843 0.023734177215189875
4 0.9609704641350211 0.3924050632911392 0.008438818565400843 0.022151898734177215
4 0.9578059071729957 0.22151898734177214 0.008438818565400843 0.020569620253164556
4 0.9451476793248945 0.2231012658227848 0.008438818565400843 0.020569620253164556
4 0.9335443037974683 0.30063291139240506 0.012658227848101266 0.011075949367088608
4 0.9335443037974683 0.2800632911392405 0.013713080168776372 0.011075949367088608
4 0.6867088607594937 0.24050632911392406 0.013713080168776372 0.012658227848101266
4 0.7436708860759493 0.2800632911392405 0.013713080168776372 0.012658227848101266
1 0.6867088607594937 0.2231012658227848 0.013713080168776372 0.012658227848101266
4 0.6877637130801688 0.1281645569620253 0.013713080168776372 0.012658227848101266
4 0.7447257383966245 0.1281645569620253 0.013713080168776372 0.012658227848101266
4 0.6867088607594937 0.20411392405063292 0.013713080168776372 0.012658227848101266
4 0.6867088607594937 0.18670886075949367 0.013713080168776372 0.012658227848101266
4 0.7447257383966245 0.1661392405063291 0.013713080168776372 0.012658227848101266
4 0.7447257383966245 0.14873417721518986 0.013713080168776372 0.012658227848101266
4 0.6877637130801688 0.1661392405063291 0.013713080168776372 0.012658227848101266
4 0.7162447257383966 0.12974683544303797 0.013713080168776372 0.012658227848101266
4 0.7162447257383966 0.16455696202531644 0.013713080168776372 0.012658227848101266
4 0.7436708860759493 0.2468354430379747 0.013713080168776372 0.012658227848101266
1 0.7447257383966245 0.22943037974683544 0.013713080168776372 0.012658227848101266
4 0.7447257383966245 0.2120253164556962 0.013713080168776372 0.012658227848101266
4 0.7447257383966245 0.19462025316455697 0.013713080168776372 0.012658227848101266
4 0.7447257383966245 0.08860759493670886 0.013713080168776372 0.011075949367088608
4 0.7447257383966245 0.07120253164556962 0.014767932489451477 0.012658227848101266
4 0.7447257383966245 0.05221518987341772 0.012658227848101266 0.012658227848101266
4 0.7436708860759493 0.03481012658227848 0.015822784810126583 0.011075949367088608
4 0.7162447257383966 0.09968354430379747 0.014767932489451477 0.011075949367088608
4 0.709915611814346 0.07753164556962025 0.007383966244725738 0.022151898734177215
4 0.7225738396624473 0.07753164556962025 0.008438818565400843 0.022151898734177215
4 0.7151898734177216 0.05221518987341772 0.013713080168776372 0.012658227848101266
4 0.7151898734177216 0.014240506329113924 0.012658227848101266 0.011075949367088608
4 0.6867088607594937 0.012658227848101266 0.013713080168776372 0.014240506329113924
4 0.9324894514767933 0.13291139240506328 0.008438818565400843 0.022151898734177215
4 0.9419831223628692 0.13449367088607594 0.007383966244725738 0.020569620253164556
4 0.9651898734177216 0.13449367088607594 0.007383966244725738 0.020569620253164556
4 0.9873417721518988 0.1550632911392405 0.012658227848101266 0.030063291139240507
4 0.8618143459915611 0.04746835443037975 0.013713080168776372 0.012658227848101266
3 0.9604430379746836 0.7919303797468354 0.0770042194092827 0.1629746835443038
0 0.9567510548523207 0.6392405063291139 0.07172995780590717 0.08860759493670886
0 0.9778481012658228 0.3061708860759494 0.04219409282700422 0.08702531645569621
3 0.8829113924050633 0.3291139240506329 0.052742616033755275 0.08227848101265822
0 0.9345991561181435 0.061708860759493674 0.049578059071729956 0.07278481012658228
1 0.9377637130801688 0.509493670886076 0.08438818565400844 0.11075949367088607
1 0.8386075949367089 0.555379746835443 0.08544303797468354 0.11075949367088607