1 0.3040254237288136 0.3487261146496815 0.013771186440677966 0.014331210191082803
4 0.850635593220339 0.35987261146496813 0.013771186440677966 0.012738853503184714
4 0.8697033898305084 0.35987261146496813 0.013771186440677966 0.012738853503184714
4 0.8908898305084746 0.35987261146496813 0.013771186440677966 0.012738853503184714
4 0.9173728813559322 0.3614649681528662 0.013771186440677966 0.012738853503184714
4 0.8220338983050848 0.3678343949044586 0.009533898305084746 0.020700636942675158
4 0.8103813559322034 0.3678343949044586 0.009533898305084746 0.022292993630573247
1 0.8326271186440678 0.36942675159235666 0.007415254237288136 0.01910828025477707
1 0.8495762711864406 0.37738853503184716 0.013771186440677966 0.011146496815286623
1 0.8686440677966102 0.37738853503184716 0.013771186440677966 0.011146496815286623
1 0.8908898305084746 0.37898089171974525 0.014830508474576272 0.012738853503184714
1 0.9173728813559322 0.37898089171974525 0.014830508474576272 0.011146496815286623
1 0.9671610169491526 0.38057324840764334 0.007415254237288136 0.01910828025477707
4 0.996292372881356 0.3853503184713376 0.005296610169491525 0.022292993630573247
4 0.8146186440677966 0.3980891719745223 0.014830508474576272 0.012738853503184714
1 0.8135593220338984 0.4140127388535032 0.013771186440677966 0.012738853503184714
1 0.9311440677966102 0.42197452229299365 0.007415254237288136 0.022292993630573247
4 0.9427966101694916 0.42197452229299365 0.00847457627118644 0.022292993630573247
1 0.8135593220338984 0.43312101910828027 0.012711864406779662 0.011146496815286623
0 0.993114406779661 0.45063694267515925 0.011652542372881356 0.09554140127388536
1 0.961864406779661 0.45063694267515925 0.022245762711864406 0.06210191082802548
0 0.875 0.4554140127388535 0.06991525423728813 0.10668789808917198
1 0.9322033898305084 0.4570063694267516 0.007415254237288136 0.01910828025477707
1 0.8135593220338984 0.4888535031847134 0.013771186440677966 0.011146496815286623
4 0.9364406779661016 0.4968152866242038 0.013771186440677966 0.012738853503184714
1 0.8135593220338984 0.5063694267515924 0.013771186440677966 0.011146496815286623
4 0.9364406779661016 0.5143312101910829 0.013771186440677966 0.012738853503184714
4 0.926906779661017 0.552547770700637 0.009533898305084746 0.022292993630573247
4 0.9449152542372882 0.552547770700637 0.00847457627118644 0.020700636942675158
1 0.9872881355932204 0.5573248407643312 0.020127118644067795 0.01592356687898089
1 0.9936440677966102 0.5812101910828026 0.01059322033898305 0.012738853503184714
5 0.899364406779661 0.589171974522293 0.036016949152542374 0.027070063694267517
1 0.975635593220339 0.5923566878980892 0.007415254237288136 0.020700636942675158
1 0.9947033898305084 0.5987261146496815 0.00847457627118644 0.012738853503184714
5 0.9417372881355932 0.6178343949044586 0.036016949152542374 0.027070063694267517
4 0.725635593220339 0.6194267515923567 0.013771186440677966 0.012738853503184714
4 0.7489406779661016 0.6194267515923567 0.013771186440677966 0.012738853503184714
4 0.9427966101694916 0.660828025477707 0.013771186440677966 0.012738853503184714
1 0.8686440677966102 0.6687898089171974 0.011652542372881356 0.030254777070063694
1 0.885593220338983 0.6703821656050956 0.01059322033898305 0.03184713375796178
0 0.9841101694915254 0.677547770700637 0.029661016949152543 0.06847133757961783
1 0.8601694915254238 0.7133757961783439 0.015889830508474576 0.012738853503184714
4 0.8591101694915254 0.7308917197452229 0.014830508474576272 0.014331210191082803
3 0.6938559322033898 0.7372611464968153 0.11228813559322035 0.12898089171974522
4 0.9957627118644068 0.768312101910828 0.006355932203389831 0.014331210191082803
1 0.9290254237288136 0.7770700636942676 0.07521186440677965 0.11464968152866242
4 0.9957627118644068 0.7874203821656051 0.006355932203389831 0.014331210191082803
4 0.9957627118644068 0.8057324840764332 0.006355932203389831 0.012738853503184714
1 0.8665254237288136 0.8312101910828026 0.01059322033898305 0.030254777070063694
1 0.8845338983050848 0.8328025477707006 0.011652542372881356 0.030254777070063694
1 0.5455508474576272 0.8359872611464968 0.01694915254237288 0.03821656050955414
1 0.5677966101694916 0.8359872611464968 0.015889830508474576 0.03821656050955414
1 0.590042372881356 0.8375796178343949 0.01694915254237288 0.03821656050955414
1 0.8580508474576272 0.8757961783439491 0.013771186440677966 0.012738853503184714
3 0.6917372881355932 0.9012738853503185 0.11228813559322035 0.12898089171974522
4 0.9841101694915254 0.9060509554140127 0.013771186440677966 0.012738853503184714
4 0.996822033898305 0.9243630573248408 0.00423728813559322 0.014331210191082803
1 0.011652542372881356 0.9394904458598726 0.01694915254237288 0.03821656050955414
1 0.05190677966101695 0.9394904458598726 0.01694915254237288 0.03821656050955414
1 0.03177966101694915 0.9394904458598726 0.01694915254237288 0.03821656050955414
1 0.09216101694915255 0.9410828025477707 0.01694915254237288 0.03821656050955414
1 0.07203389830508475 0.9410828025477707 0.01694915254237288 0.03821656050955414
1 0.11228813559322035 0.9410828025477707 0.01694915254237288 0.03821656050955414
1 0.5444915254237288 0.9601910828025477 0.01694915254237288 0.03821656050955414
1 0.5667372881355932 0.9601910828025477 0.015889830508474576 0.03821656050955414
1 0.8834745762711864 0.9601910828025477 0.011652542372881356 0.030254777070063694
1 0.5889830508474576 0.9617834394904459 0.01694915254237288 0.03821656050955414
4 0.9692796610169492 0.9872611464968153 0.012711864406779662 0.012738853503184714
1 0.8670550847457628 0.9856687898089171 0.011652542372881356 0.025477707006369428
1 0.012182203389830509 0.9896496815286624 0.018008474576271187 0.01751592356687898
1 0.0323093220338983 0.9896496815286624 0.018008474576271187 0.01751592356687898
1 0.0524364406779661 0.9896496815286624 0.018008474576271187 0.01751592356687898
1 0.0725635593220339 0.9904458598726115 0.018008474576271187 0.01592356687898089
1 0.1128177966101695 0.9904458598726115 0.018008474576271187 0.01592356687898089
1 0.0926906779661017 0.9904458598726115 0.018008474576271187 0.01592356687898089
1 0.9157838983050848 0.9888535031847133 0.07733050847457627 0.01910828025477707
1 0.019067796610169493 0.18630573248407642 0.025423728813559324 0.025477707006369428
1 0.05614406779661017 0.18630573248407642 0.025423728813559324 0.027070063694267517
1 0.13241525423728814 0.18789808917197454 0.025423728813559324 0.025477707006369428
1 0.2097457627118644 0.18789808917197454 0.025423728813559324 0.027070063694267517
1 0.17266949152542374 0.18789808917197454 0.025423728813559324 0.025477707006369428
4 0.09851694915254237 0.18789808917197454 0.020127118644067795 0.01910828025477707
1 0.2478813559322034 0.18949044585987262 0.025423728813559324 0.025477707006369428
1 0.2838983050847458 0.18949044585987262 0.025423728813559324 0.025477707006369428
1 0.3209745762711864 0.1910828025477707 0.025423728813559324 0.027070063694267517
1 0.8538135593220338 0.1926751592356688 0.013771186440677966 0.011146496815286623
1 0.875 0.1942675159235669 0.012711864406779662 0.011146496815286623
4 0.9014830508474576 0.1942675159235669 0.013771186440677966 0.012738853503184714
4 0.9205508474576272 0.1942675159235669 0.013771186440677966 0.012738853503184714
1 0.9417372881355932 0.1942675159235669 0.012711864406779662 0.011146496815286623
4 0.5614406779661016 0.19745222929936307 0.013771186440677966 0.012738853503184714
4 0.5815677966101694 0.19745222929936307 0.013771186440677966 0.012738853503184714
4 0.8538135593220338 0.21178343949044587 0.013771186440677966 0.012738853503184714
4 0.9205508474576272 0.21178343949044587 0.013771186440677966 0.012738853503184714
1 0.940677966101695 0.21178343949044587 0.012711864406779662 0.011146496815286623
4 0.9703389830508474 0.2914012738853503 0.018008474576271187 0.01751592356687898