3 0.48586956521739133 0.06862745098039216 0.07934782608695652 0.119281045751634
1 0.42282608695652174 0.18627450980392157 0.008695652173913044 0.021241830065359478
0 0.46304347826086956 0.21405228758169934 0.06086956521739131 0.09477124183006536
1 0.5141304347826087 0.22712418300653595 0.02282608695652174 0.06209150326797386
4 0.33043478260869563 0.23039215686274508 0.013043478260869565 0.013071895424836602
4 0.05326086956521739 0.2696078431372549 0.008695652173913044 0.021241830065359478
4 0.06521739130434782 0.2696078431372549 0.008695652173913044 0.021241830065359478
4 0.0891304347826087 0.2696078431372549 0.008695652173913044 0.021241830065359478
4 0.32608695652173914 0.27450980392156865 0.009782608695652175 0.0196078431372549
1 0.4097826086956522 0.28431372549019607 0.013043478260869565 0.011437908496732025
4 0.5054347826086957 0.28594771241830064 0.013043478260869565 0.013071895424836602
4 0.43369565217391304 0.2875816993464052 0.007608695652173913 0.021241830065359478
1 0.46630434782608693 0.28921568627450983 0.007608695652173913 0.021241830065359478
4 0.4771739130434783 0.28921568627450983 0.008695652173913044 0.021241830065359478
1 0.5217391304347826 0.28921568627450983 0.007608695652173913 0.0196078431372549
4 0.4891304347826087 0.28921568627450983 0.008695652173913044 0.021241830065359478
1 0.4097826086956522 0.3006535947712418 0.014130434782608696 0.013071895424836602
4 0.14347826086956522 0.3366013071895425 0.014130434782608696 0.013071895424836602
4 0.34891304347826085 0.3415032679738562 0.007608695652173913 0.0196078431372549
4 0.36195652173913045 0.3415032679738562 0.007608695652173913 0.017973856209150325
4 0.3739130434782609 0.3431372549019608 0.008695652173913044 0.0196078431372549
4 0.41956521739130437 0.3431372549019608 0.008695652173913044 0.021241830065359478
4 0.40652173913043477 0.3431372549019608 0.007608695652173913 0.0196078431372549
4 0.3130434782608696 0.3464052287581699 0.008695652173913044 0.0196078431372549
4 0.28043478260869564 0.3464052287581699 0.016304347826086956 0.021241830065359478
1 0.625 0.3545751633986928 0.11739130434782609 0.1830065359477124
2 0.12934782608695652 0.36437908496732024 0.02717391304347826 0.026143790849673203
4 0.7695652173913043 0.369281045751634 0.013043478260869565 0.013071895424836602
1 0.8380434782608696 0.369281045751634 0.011956521739130435 0.029411764705882353
4 0.7956521739130434 0.369281045751634 0.007608695652173913 0.021241830065359478
4 0.8076086956521739 0.369281045751634 0.008695652173913044 0.021241830065359478
1 0.21630434782608696 0.39215686274509803 0.007608695652173913 0.02287581699346405
1 0.22826086956521738 0.39215686274509803 0.008695652173913044 0.021241830065359478
4 0.2782608695652174 0.39215686274509803 0.008695652173913044 0.021241830065359478
4 0.325 0.3937908496732026 0.007608695652173913 0.0196078431372549
4 0.3358695652173913 0.3937908496732026 0.008695652173913044 0.0196078431372549
4 0.34782608695652173 0.3937908496732026 0.008695652173913044 0.0196078431372549
5 0.7315217391304348 0.3954248366013072 0.034782608695652174 0.026143790849673203
4 0.1532608695652174 0.3954248366013072 0.008695652173913044 0.02287581699346405
4 0.3641304347826087 0.3954248366013072 0.007608695652173913 0.0196078431372549
4 0.7021739130434783 0.4133986928104575 0.008695652173913044 0.021241830065359478
4 0.4391304347826087 0.4199346405228758 0.014130434782608696 0.013071895424836602
4 0.4641304347826087 0.4215686274509804 0.014130434782608696 0.011437908496732025
1 0.4934782608695652 0.4215686274509804 0.013043478260869565 0.011437908496732025
4 0.7923913043478261 0.43137254901960786 0.014130434782608696 0.013071895424836602
4 0.8119565217391305 0.43300653594771243 0.013043478260869565 0.013071895424836602
4 0.4391304347826087 0.43790849673202614 0.013043478260869565 0.011437908496732025
4 0.4652173913043478 0.43790849673202614 0.013043478260869565 0.011437908496732025
4 0.4380434782608696 0.46078431372549017 0.015217391304347827 0.011437908496732025
4 0.4369565217391304 0.47875816993464054 0.013043478260869565 0.014705882352941176
4 0.8543478260869565 0.4820261437908497 0.013043478260869565 0.011437908496732025
1 0.0891304347826087 0.4869281045751634 0.007608695652173913 0.021241830065359478
4 0.06304347826086956 0.4869281045751634 0.008695652173913044 0.021241830065359478
4 0.01847826086956522 0.48856209150326796 0.008695652173913044 0.02287581699346405
4 0.7989130434782609 0.49019607843137253 0.008695652173913044 0.021241830065359478
4 0.14891304347826087 0.49019607843137253 0.014130434782608696 0.013071895424836602
1 0.7869565217391304 0.49019607843137253 0.007608695652173913 0.021241830065359478
4 0.8108695652173913 0.49019607843137253 0.008695652173913044 0.021241830065359478
1 0.8217391304347826 0.4918300653594771 0.007608695652173913 0.021241830065359478
4 0.7717391304347826 0.4950980392156863 0.014130434782608696 0.013071895424836602
4 0.1108695652173913 0.49673202614379086 0.014130434782608696 0.013071895424836602
1 0.8532608695652174 0.5 0.011956521739130435 0.011437908496732025
4 0.1108695652173913 0.5163398692810458 0.014130434782608696 0.013071895424836602
4 0.7739130434782608 0.5179738562091504 0.013043478260869565 0.011437908496732025
1 0.7739130434782608 0.5343137254901961 0.014130434782608696 0.011437908496732025
4 0.08804347826086957 0.5359477124183006 0.013043478260869565 0.013071895424836602
4 0.01956521739130435 0.5359477124183006 0.008695652173913044 0.021241830065359478
4 0.10978260869565218 0.5359477124183006 0.014130434782608696 0.011437908496732025
4 0.03152173913043478 0.5375816993464052 0.008695652173913044 0.021241830065359478
4 0.043478260869565216 0.5375816993464052 0.008695652173913044 0.021241830065359478
4 0.07065217391304347 0.5375816993464052 0.007608695652173913 0.021241830065359478
4 0.058695652173913045 0.5375816993464052 0.008695652173913044 0.02287581699346405
4 0.15217391304347827 0.5441176470588235 0.014130434782608696 0.013071895424836602
4 0.8782608695652174 0.5620915032679739 0.013043478260869565 0.011437908496732025
0 0.8293478260869566 0.5637254901960784 0.06086956521739131 0.09477124183006536
4 0.15217391304347827 0.5718954248366013 0.015217391304347827 0.014705882352941176
4 0.10869565217391304 0.5735294117647058 0.013043478260869565 0.0392156862745098
4 0.07717391304347826 0.576797385620915 0.014130434782608696 0.03758169934640523
4 0.8771739130434782 0.576797385620915 0.014130434782608696 0.011437908496732025
4 0.8771739130434782 0.5964052287581699 0.015217391304347827 0.013071895424836602
4 0.075 0.6078431372549019 0.014130434782608696 0.011437908496732025
0 0.29347826086956524 0.6078431372549019 0.21956521739130436 0.3382352941176471
4 0.14891304347826087 0.6111111111111112 0.013043478260869565 0.04084967320261438
0 0.5804347826086956 0.6111111111111112 0.10543478260869565 0.23202614379084968
4 0.8771739130434782 0.6143790849673203 0.013043478260869565 0.013071895424836602
4 0.758695652173913 0.6241830065359477 0.014130434782608696 0.011437908496732025
4 0.8771739130434782 0.6290849673202614 0.014130434782608696 0.011437908496732025
1 0.7380434782608696 0.630718954248366 0.007608695652173913 0.0196078431372549
1 0.775 0.630718954248366 0.007608695652173913 0.0196078431372549
4 0.8956521739130435 0.630718954248366 0.013043478260869565 0.011437908496732025
1 0.7869565217391304 0.630718954248366 0.007608695652173913 0.021241830065359478
4 0.7630434782608696 0.6503267973856209 0.008695652173913044 0.021241830065359478
4 0.8978260869565218 0.6503267973856209 0.013043478260869565 0.013071895424836602
4 0.9163043478260869 0.6552287581699346 0.013043478260869565 0.013071895424836602
4 0.12934782608695652 0.6633986928104575 0.014130434782608696 0.013071895424836602
4 0.43478260869565216 0.6699346405228758 0.014130434782608696 0.014705882352941176
1 0.6597826086956522 0.696078431372549 0.007608695652173913 0.021241830065359478
1 0.6793478260869565 0.6977124183006536 0.016304347826086956 0.03758169934640523
0 0.03804347826086957 0.7091503267973857 0.06195652173913044 0.09640522875816994
1 0.907608695652174 0.7140522875816994 0.016304347826086956 0.03758169934640523
1 0.941304347826087 0.7156862745098039 0.02282608695652174 0.06209150326797386
1 0.8891304347826087 0.7156862745098039 0.007608695652173913 0.02287581699346405
0 0.841304347826087 0.7320261437908496 0.06086956521739131 0.09477124183006536
3 0.7423913043478261 0.7352941176470589 0.07934782608695652 0.12091503267973856
1 0.7967391304347826 0.738562091503268 0.009782608695652175 0.02287581699346405
4 0.9391304347826087 0.7647058823529411 0.013043478260869565 0.011437908496732025
4 0.11413043478260869 0.7696078431372549 0.013043478260869565 0.021241830065359478
4 0.14782608695652175 0.7696078431372549 0.014130434782608696 0.02287581699346405
4 0.9391304347826087 0.7843137254901961 0.014130434782608696 0.011437908496732025
1 0.8010869565217391 0.7990196078431373 0.008695652173913044 0.021241830065359478
1 0.8130434782608695 0.8006535947712419 0.007608695652173913 0.02287581699346405
4 0.11413043478260869 0.8088235294117647 0.013043478260869565 0.024509803921568627
4 0.1793478260869565 0.8251633986928104 0.016304347826086956 0.021241830065359478
4 0.25 0.8251633986928104 0.008695652173913044 0.021241830065359478
4 0.2619565217391304 0.8251633986928104 0.007608695652173913 0.021241830065359478
4 0.44021739130434784 0.8251633986928104 0.01956521739130435 0.017973856209150325
4 0.30434782608695654 0.8251633986928104 0.007608695652173913 0.021241830065359478
1 0.3423913043478261 0.826797385620915 0.007608695652173913 0.0196078431372549
1 0.35543478260869565 0.826797385620915 0.007608695652173913 0.0196078431372549
1 0.31630434782608696 0.826797385620915 0.007608695652173913 0.021241830065359478
1 0.3293478260869565 0.826797385620915 0.007608695652173913 0.0196078431372549
4 0.8130434782608695 0.8284313725490197 0.008695652173913044 0.021241830065359478
4 0.44021739130434784 0.8594771241830066 0.01956521739130435 0.017973856209150325
4 0.17717391304347826 0.8627450980392157 0.008695652173913044 0.021241830065359478
0 0.533695652173913 0.8627450980392157 0.04565217391304348 0.09313725490196079
4 0.1891304347826087 0.8627450980392157 0.007608695652173913 0.021241830065359478
0 0.6434782608695652 0.8643790849673203 0.04565217391304348 0.09313725490196079
1 0.3032608695652174 0.8643790849673203 0.007608695652173913 0.0196078431372549
4 0.3293478260869565 0.8643790849673203 0.007608695652173913 0.021241830065359478
4 0.3423913043478261 0.8643790849673203 0.008695652173913044 0.021241830065359478
4 0.35543478260869565 0.8660130718954249 0.007608695652173913 0.021241830065359478
4 0.40652173913043477 0.8676470588235294 0.007608695652173913 0.021241830065359478
4 0.41847826086956524 0.869281045751634 0.007608695652173913 0.021241830065359478
4 0.31521739130434784 0.8725490196078431 0.008695652173913044 0.02287581699346405
4 0.3032608695652174 0.8921568627450981 0.007608695652173913 0.02287581699346405
4 0.3923913043478261 0.8970588235294118 0.011956521739130435 0.03104575163398693
1 0.3706521739130435 0.9003267973856209 0.011956521739130435 0.027777777777777776
4 0.3282608695652174 0.9035947712418301 0.008695652173913044 0.02287581699346405
4 0.3423913043478261 0.9035947712418301 0.007608695652173913 0.021241830065359478
4 0.21630434782608696 0.9052287581699346 0.014130434782608696 0.011437908496732025
4 0.24239130434782608 0.9052287581699346 0.014130434782608696 0.011437908496732025
4 0.2608695652173913 0.9052287581699346 0.014130434782608696 0.011437908496732025
2 0.18043478260869567 0.9084967320261438 0.017391304347826087 0.04084967320261438
1 0.2793478260869565 0.923202614379085 0.013043478260869565 0.011437908496732025
4 0.29891304347826086 0.923202614379085 0.014130434782608696 0.013071895424836602
1 0.7597826086956522 0.934640522875817 0.07934782608695652 0.12418300653594772