4 0.04089026915113872 0.9976635514018691 0.015527950310559006 0.001557632398753894
1 0.10559006211180125 0.9704049844236761 0.07660455486542443 0.056074766355140186
1 0.16304347826086957 0.9953271028037384 0.015527950310559006 0.006230529595015576
1 0.9886128364389234 0.9781931464174455 0.016563146997929608 0.037383177570093455
1 0.9492753623188406 0.9781931464174455 0.016563146997929608 0.037383177570093455
4 0.040372670807453416 0.9781931464174455 0.013457556935817806 0.018691588785046728
1 0.968944099378882 0.9781931464174455 0.016563146997929608 0.037383177570093455
1 0.9306418219461697 0.9781931464174455 0.016563146997929608 0.037383177570093455
1 0.9099378881987578 0.9781931464174455 0.016563146997929608 0.037383177570093455
1 0.8913043478260869 0.9766355140186916 0.016563146997929608 0.037383177570093455
3 0.3255693581780538 0.9532710280373832 0.11283643892339544 0.09034267912772585
4 0.062111801242236024 0.9517133956386293 0.007246376811594203 0.020249221183800622
1 0.468944099378882 0.940809968847352 0.016563146997929608 0.037383177570093455
1 0.4472049689440994 0.9392523364485982 0.015527950310559006 0.037383177570093455
1 0.4244306418219462 0.9392523364485982 0.016563146997929608 0.037383177570093455
1 0.9886128364389234 0.9205607476635514 0.016563146997929608 0.037383177570093455
1 0.968944099378882 0.9190031152647975 0.016563146997929608 0.037383177570093455
1 0.9296066252587992 0.9190031152647975 0.016563146997929608 0.037383177570093455
1 0.8913043478260869 0.9190031152647975 0.016563146997929608 0.037383177570093455
1 0.9503105590062112 0.9190031152647975 0.016563146997929608 0.037383177570093455
1 0.9109730848861284 0.9190031152647975 0.016563146997929608 0.037383177570093455
4 0.030020703933747412 0.9080996884735203 0.008281573498964804 0.020249221183800622
5 0.052795031055900624 0.9034267912772586 0.025879917184265012 0.02336448598130841
1 0.014492753623188406 0.9018691588785047 0.007246376811594203 0.020249221183800622
1 0.004140786749482402 0.9010903426791277 0.006211180124223602 0.020249221183800622
1 0.15424430641821946 0.8847352024922118 0.011387163561076604 0.028037383177570093
1 0.13768115942028986 0.883177570093458 0.011387163561076604 0.029595015576323987
4 0.054865424430641824 0.8582554517133957 0.008281573498964804 0.020249221183800622
1 0.16356107660455488 0.8411214953271028 0.014492753623188406 0.012461059190031152
1 0.4699792960662526 0.8193146417445483 0.016563146997929608 0.037383177570093455
1 0.4472049689440994 0.8193146417445483 0.015527950310559006 0.037383177570093455
3 0.3250517598343685 0.8193146417445483 0.10973084886128365 0.1261682242990654
1 0.4254658385093168 0.8177570093457944 0.016563146997929608 0.037383177570093455
4 0.0036231884057971015 0.7741433021806854 0.005175983436853002 0.021806853582554516
4 0.015527950310559006 0.7741433021806854 0.008281573498964804 0.020249221183800622
1 0.09834368530020704 0.7710280373831776 0.07349896480331262 0.11214953271028037
4 0.019668737060041408 0.7429906542056075 0.008281573498964804 0.021806853582554516
1 0.15527950310559005 0.7305295950155763 0.011387163561076604 0.028037383177570093
1 0.13871635610766045 0.7227414330218068 0.010351966873706004 0.029595015576323987
1 0.16356107660455488 0.6822429906542056 0.015527950310559006 0.014018691588785047
4 0.16459627329192547 0.6651090342679128 0.013457556935817806 0.014018691588785047
3 0.32608695652173914 0.6557632398753894 0.10973084886128365 0.1261682242990654
0 0.030020703933747412 0.6090342679127726 0.057971014492753624 0.12461059190031153
1 0.2691511387163561 0.5903426791277259 0.012422360248447204 0.009345794392523364
4 0.2691511387163561 0.573208722741433 0.013457556935817806 0.012461059190031152
0 0.32091097308488614 0.5638629283489096 0.035196687370600416 0.056074766355140186
4 0.38405797101449274 0.559190031152648 0.008281573498964804 0.021806853582554516
4 0.37267080745341613 0.559190031152648 0.008281573498964804 0.021806853582554516
4 0.2691511387163561 0.5482866043613707 0.013457556935817806 0.012461059190031152
4 0.2691511387163561 0.5327102803738317 0.013457556935817806 0.010903426791277258
4 0.35507246376811596 0.5171339563862928 0.008281573498964804 0.020249221183800622
3 0.11904761904761904 0.5062305295950156 0.07556935817805382 0.11993769470404984
4 0.2670807453416149 0.48442367601246106 0.007246376811594203 0.020249221183800622
1 0.027950310559006212 0.4338006230529595 0.053830227743271224 0.11370716510903427
3 0.036231884057971016 0.3068535825545171 0.07039337474120083 0.12149532710280374
1 0.9855072463768116 0.18847352024922118 0.024844720496894408 0.024922118380062305
1 0.9492753623188406 0.18691588785046728 0.024844720496894408 0.024922118380062305
1 0.8768115942028986 0.18691588785046728 0.024844720496894408 0.024922118380062305
1 0.9130434782608695 0.18691588785046728 0.024844720496894408 0.024922118380062305
1 0.839544513457557 0.1838006230529595 0.020703933747412008 0.020249221183800622
1 0.7639751552795031 0.1838006230529595 0.024844720496894408 0.024922118380062305
1 0.727743271221532 0.1838006230529595 0.024844720496894408 0.024922118380062305
1 0.6915113871635611 0.1838006230529595 0.024844720496894408 0.024922118380062305
1 0.6542443064182195 0.1822429906542056 0.024844720496894408 0.024922118380062305
1 0.6190476190476191 0.1822429906542056 0.024844720496894408 0.024922118380062305
4 0.20496894409937888 0.17757009345794392 0.014492753623188406 0.014018691588785047
1 0.13975155279503104 0.17601246105919002 0.023809523809523808 0.024922118380062305
1 0.17701863354037267 0.17601246105919002 0.023809523809523808 0.024922118380062305
0 0.031055900621118012 0.17133956386292834 0.057971014492753624 0.08722741433021806
4 0.07660455486542443 0.13707165109034267 0.008281573498964804 0.02336448598130841