1 0.18713163064833005 0.9734513274336283 0.02848722986247544 0.05014749262536873
1 0.13261296660117877 0.9129793510324484 0.023575638506876228 0.02064896755162242
1 0.10216110019646366 0.8672566371681416 0.009823182711198428 0.02359882005899705
1 0.06286836935166994 0.8716814159292036 0.047151277013752456 0.038348082595870206
1 0.518664047151277 0.9874631268436578 0.01768172888015717 0.022123893805309734
1 0.6149312377210217 0.9778761061946902 0.0137524557956778 0.038348082595870206
1 0.6335952848722987 0.9778761061946902 0.014734774066797643 0.03687315634218289
1 0.5785854616895875 0.9233038348082596 0.009823182711198428 0.022123893805309734
1 0.49214145383104124 0.8510324483775811 0.018664047151277015 0.04424778761061947
1 0.16011787819253437 0.8466076696165191 0.014734774066797643 0.01327433628318584
1 0.18958742632612965 0.799410029498525 0.025540275049115914 0.06932153392330384
1 0.43320235756385067 0.7861356932153393 0.029469548133595286 0.029498525073746312
1 0.4214145383104126 0.7448377581120944 0.02848722986247544 0.030973451327433628
1 0.43320235756385067 0.6858407079646017 0.029469548133595286 0.029498525073746312
1 0.4931237721021611 0.7404129793510325 0.018664047151277015 0.04424778761061947
1 0.5726915520628684 0.6932153392330384 0.0137524557956778 0.035398230088495575
1 0.587426326129666 0.7772861356932154 0.01669941060903733 0.014749262536873156
1 0.587426326129666 0.7566371681415929 0.015717092337917484 0.014749262536873156
1 0.5943025540275049 0.5353982300884956 0.029469548133595286 0.028023598820058997
1 0.28585461689587427 0.23156342182890854 0.0481335952848723 0.03982300884955752
1 0.8762278978388998 0.948377581120944 0.01669941060903733 0.014749262536873156
1 0.9135559921414538 0.6283185840707964 0.008840864440078585 0.025073746312684365
1 0.9273084479371316 0.6283185840707964 0.009823182711198428 0.025073746312684365
1 0.831041257367387 0.6268436578171092 0.008840864440078585 0.025073746312684365
1 0.8447937131630648 0.6283185840707964 0.009823182711198428 0.025073746312684365
1 0.8585461689587426 0.6268436578171092 0.008840864440078585 0.025073746312684365
1 0.8722986247544204 0.6283185840707964 0.009823182711198428 0.025073746312684365
1 0.8860510805500982 0.6283185840707964 0.008840864440078585 0.025073746312684365
1 0.899803536345776 0.6283185840707964 0.009823182711198428 0.025073746312684365
1 0.9410609037328095 0.6283185840707964 0.009823182711198428 0.025073746312684365
1 0.9233791748526523 0.4351032448377581 0.010805500982318271 0.028023598820058997
1 0.93713163064833 0.4351032448377581 0.008840864440078585 0.025073746312684365
1 0.949901768172888 0.4365781710914454 0.008840864440078585 0.022123893805309734
0 0.12671905697445973 0.8628318584070797 0.03143418467583497 0.045722713864306784
0 0.5157170923379175 0.6091445427728613 0.08644400785854617 0.12831858407079647
0 0.8163064833005894 0.8230088495575221 0.1856581532416503 0.1902654867256637
3 0.13555992141453832 0.9712389380530974 0.047151277013752456 0.05457227138643068
3 0.14145383104125736 0.7949852507374632 0.043222003929273084 0.06637168141592921
3 0.444007858546169 0.7168141592920354 0.023575638506876228 0.019174041297935103
3 0.4724950884086444 0.7418879056047197 0.012770137524557957 0.03392330383480826
3 0.906679764243615 0.42920353982300885 0.012770137524557957 0.035398230088495575
4 0.2318271119842829 0.9970501474926253 0.011787819253438114 0.0029498525073746312
4 0.27996070726915523 0.9690265486725663 0.01669941060903733 0.01327433628318584
4 0.5761296660117878 0.9852507374631269 0.0481335952848723 0.02654867256637168
4 0.5358546168958742 0.9874631268436578 0.012770137524557957 0.022123893805309734
4 0.5884086444007859 0.9542772861356932 0.01768172888015717 0.01327433628318584
4 0.5952848722986247 0.9233038348082596 0.009823182711198428 0.02359882005899705
4 0.1650294695481336 0.883480825958702 0.01669941060903733 0.014749262536873156
4 0.16110019646365423 0.8643067846607669 0.01669941060903733 0.014749262536873156
4 0.09823182711198428 0.9070796460176991 0.023575638506876228 0.02064896755162242
4 0.24656188605108054 0.8539823008849557 0.010805500982318271 0.025073746312684365
4 0.27210216110019647 0.8539823008849557 0.010805500982318271 0.02654867256637168
4 0.21709233791748528 0.8348082595870207 0.014734774066797643 0.035398230088495575
4 0.6129666011787819 0.7418879056047197 0.015717092337917484 0.014749262536873156
4 0.6139489194499018 0.7197640117994101 0.01768172888015717 0.014749262536873156
4 0.5893909626719057 0.6887905604719764 0.009823182711198428 0.02359882005899705
4 0.5147347740667977 0.7020648967551623 0.010805500982318271 0.02654867256637168
4 0.600196463654224 0.6592920353982301 0.01669941060903733 0.01327433628318584
4 0.600196463654224 0.640117994100295 0.01669941060903733 0.016224188790560472
4 0.5992141453831041 0.6209439528023599 0.015717092337917484 0.014749262536873156
4 0.28585461689587427 0.2831858407079646 0.04518664047151277 0.03687315634218289
4 0.8320235756385069 0.668141592920354 0.010805500982318271 0.025073746312684365
4 0.8595284872298625 0.6666666666666666 0.010805500982318271 0.025073746312684365
4 0.9273084479371316 0.668141592920354 0.010805500982318271 0.025073746312684365
4 0.9410609037328095 0.6666666666666666 0.010805500982318271 0.025073746312684365
4 0.899803536345776 0.6666666666666666 0.010805500982318271 0.025073746312684365
4 0.9135559921414538 0.668141592920354 0.010805500982318271 0.025073746312684365
4 0.8722986247544204 0.6666666666666666 0.010805500982318271 0.025073746312684365
4 0.8860510805500982 0.6651917404129793 0.010805500982318271 0.025073746312684365
4 0.8447937131630648 0.6666666666666666 0.010805500982318271 0.025073746312684365
4 0.9508840864440079 0.37905604719764013 0.008840864440078585 0.02359882005899705
5 0.2593320235756385 0.915929203539823 0.04420432220039293 0.038348082595870206