4 0.29411764705882354 0.09603658536585366 0.016227180527383367 0.01524390243902439
4 0.44523326572008115 0.0701219512195122 0.017241379310344827 0.01524390243902439
4 0.4614604462474645 0.09298780487804878 0.018255578093306288 0.01524390243902439
4 0.34178498985801214 0.12957317073170732 0.018255578093306288 0.01676829268292683
0 0.2738336713995943 0.1524390243902439 0.04665314401622718 0.042682926829268296
0 0.3539553752535497 0.26676829268292684 0.07910750507099391 0.12804878048780488
4 0.25963488843813387 0.2225609756097561 0.018255578093306288 0.01524390243902439
4 0.25760649087221094 0.27896341463414637 0.019269776876267748 0.01676829268292683
4 0.45740365111561865 0.25152439024390244 0.018255578093306288 0.01524390243902439
4 0.6257606490872211 0.34603658536585363 0.010141987829614604 0.027439024390243903
4 0.43711967545638947 0.4969512195121951 0.010141987829614604 0.025914634146341462
4 0.3509127789046653 0.5030487804878049 0.011156186612576065 0.027439024390243903
4 0.33468559837728196 0.5030487804878049 0.010141987829614604 0.027439024390243903
4 0.31947261663286003 0.5350609756097561 0.017241379310344827 0.01524390243902439
4 0.44421906693711966 0.5304878048780488 0.016227180527383367 0.01524390243902439
4 0.3580121703853955 0.5335365853658537 0.018255578093306288 0.01524390243902439
4 0.3316430020283976 0.6570121951219512 0.017241379310344827 0.01524390243902439
4 0.3316430020283976 0.6128048780487805 0.017241379310344827 0.01524390243902439
4 0.3316430020283976 0.5899390243902439 0.017241379310344827 0.01524390243902439
4 0.3306288032454361 0.5625 0.017241379310344827 0.01524390243902439
4 0.3316430020283976 0.635670731707317 0.017241379310344827 0.01524390243902439
4 0.23427991886409735 0.48323170731707316 0.010141987829614604 0.025914634146341462
0 0.140973630831643 0.5899390243902439 0.15618661257606492 0.12347560975609756
4 0.1105476673427992 0.7621951219512195 0.018255578093306288 0.013719512195121951
4 0.0720081135902637 0.7820121951219512 0.018255578093306288 0.01676829268292683
4 0.056795131845841784 0.7576219512195121 0.018255578093306288 0.01524390243902439
4 0.23123732251521298 0.7835365853658537 0.019269776876267748 0.01676829268292683
1 0.5385395537525355 0.025914634146341462 0.034482758620689655 0.03353658536585366
1 0.3448275862068966 0.10060975609756098 0.02636916835699797 0.022865853658536585
1 0.23732251521298176 0.13567073170731708 0.011156186612576065 0.025914634146341462
1 0.44016227180527384 0.21189024390243902 0.010141987829614604 0.024390243902439025
1 0.46247464503042596 0.20121951219512196 0.02231237322515213 0.05030487804878049
1 0.539553752535497 0.2149390243902439 0.034482758620689655 0.03353658536585366
1 0.5385395537525355 0.2652439024390244 0.034482758620689655 0.0350609756097561
1 0.6430020283975659 0.4801829268292683 0.02434077079107505 0.051829268292682924
1 0.4553752535496957 0.5640243902439024 0.012170385395537525 0.028963414634146343
1 0.4563894523326572 0.6067073170731707 0.011156186612576065 0.028963414634146343
1 0.372210953346856 0.5640243902439024 0.012170385395537525 0.028963414634146343
1 0.37322515212981744 0.6158536585365854 0.011156186612576065 0.028963414634146343
1 0.38843813387423937 0.5640243902439024 0.011156186612576065 0.024390243902439025
1 0.38843813387423937 0.6158536585365854 0.009127789046653144 0.025914634146341462
1 0.47058823529411764 0.5640243902439024 0.012170385395537525 0.028963414634146343
1 0.47058823529411764 0.6067073170731707 0.011156186612576065 0.028963414634146343
1 0.48580121703853957 0.6067073170731707 0.009127789046653144 0.025914634146341462
1 0.48580121703853957 0.5640243902439024 0.011156186612576065 0.024390243902439025
1 0.07302231237322515 0.4649390243902439 0.016227180527383367 0.01524390243902439
1 0.23123732251521298 0.6661585365853658 0.016227180527383367 0.01524390243902439
1 0.23427991886409735 0.5259146341463414 0.010141987829614604 0.025914634146341462
1 0.7981744421906694 0.4817073170731707 0.02434077079107505 0.053353658536585365
1 0.8742393509127789 0.4817073170731707 0.02332657200811359 0.053353658536585365
1 0.9776876267748479 0.3018292682926829 0.034482758620689655 0.036585365853658534
1 0.9756592292089249 0.07774390243902439 0.034482758620689655 0.0350609756097561
1 0.6632860040567952 0.21036585365853658 0.006085192697768763 0.01676829268292683
1 0.6044624746450304 0.2820121951219512 0.007099391480730223 0.01676829268292683
1 0.6328600405679513 0.20884146341463414 0.011156186612576065 0.010670731707317074
1 0.6024340770791075 0.34603658536585363 0.006085192697768763 0.01676829268292683
1 0.6328600405679513 0.3902439024390244 0.006085192697768763 0.01676829268292683
1 0.6470588235294118 0.38871951219512196 0.006085192697768763 0.01676829268292683
1 0.6764705882352942 0.38871951219512196 0.006085192697768763 0.01676829268292683
1 0.691683569979716 0.34603658536585363 0.006085192697768763 0.01676829268292683
1 0.6470588235294118 0.3003048780487805 0.006085192697768763 0.01676829268292683
1 0.691683569979716 0.29878048780487804 0.006085192697768763 0.01676829268292683
1 0.7068965517241379 0.2774390243902439 0.006085192697768763 0.01676829268292683
1 0.7068965517241379 0.2545731707317073 0.006085192697768763 0.01676829268292683
1 0.7221095334685599 0.23323170731707318 0.006085192697768763 0.01676829268292683
1 0.7363083164300203 0.2545731707317073 0.006085192697768763 0.01676829268292683
1 0.7525354969574036 0.2774390243902439 0.006085192697768763 0.01676829268292683
1 0.7647058823529411 0.2774390243902439 0.006085192697768763 0.01676829268292683
1 0.7657200811359026 0.3445121951219512 0.006085192697768763 0.01676829268292683
1 0.7363083164300203 0.34603658536585363 0.006085192697768763 0.01676829268292683
1 0.7363083164300203 0.38871951219512196 0.006085192697768763 0.01676829268292683
1 0.7068965517241379 0.38871951219512196 0.006085192697768763 0.01676829268292683
1 0.7657200811359026 0.38871951219512196 0.006085192697768763 0.01676829268292683
1 0.795131845841785 0.3673780487804878 0.006085192697768763 0.01676829268292683
1 0.7941176470588235 0.34603658536585363 0.006085192697768763 0.01676829268292683
1 0.8397565922920892 0.3429878048780488 0.006085192697768763 0.01676829268292683
1 0.8539553752535497 0.3704268292682927 0.006085192697768763 0.01676829268292683
1 0.8691683569979716 0.34146341463414637 0.006085192697768763 0.01676829268292683
1 0.8975659229208925 0.3490853658536585 0.006085192697768763 0.01676829268292683
1 0.8833671399594321 0.3902439024390244 0.006085192697768763 0.01676829268292683
1 0.8103448275862069 0.27439024390243905 0.006085192697768763 0.01676829268292683
1 0.7799188640973631 0.25609756097560976 0.006085192697768763 0.01676829268292683
1 0.7799188640973631 0.2347560975609756 0.006085192697768763 0.01676829268292683
1 0.7809330628803245 0.010670731707317074 0.006085192697768763 0.01676829268292683
1 0.7657200811359026 0.18902439024390244 0.006085192697768763 0.01676829268292683
1 0.7373225152129818 0.18902439024390244 0.006085192697768763 0.01676829268292683
1 0.7068965517241379 0.2073170731707317 0.006085192697768763 0.01676829268292683
1 0.678498985801217 0.29878048780487804 0.011156186612576065 0.010670731707317074
1 0.691683569979716 0.2774390243902439 0.011156186612576065 0.010670731707317074
1 0.7068965517241379 0.29878048780487804 0.011156186612576065 0.010670731707317074
1 0.7241379310344828 0.2545731707317073 0.011156186612576065 0.010670731707317074
1 0.7565922920892495 0.31097560975609756 0.011156186612576065 0.010670731707317074
1 0.7799188640973631 0.2774390243902439 0.011156186612576065 0.010670731707317074
1 0.795131845841785 0.3003048780487805 0.011156186612576065 0.010670731707317074
1 0.8093306288032455 0.29878048780487804 0.011156186612576065 0.010670731707317074
1 0.8275862068965517 0.29878048780487804 0.011156186612576065 0.010670731707317074
1 0.90973630831643 0.33384146341463417 0.011156186612576065 0.010670731707317074
1 0.9310344827586207 0.26676829268292684 0.011156186612576065 0.010670731707317074
1 0.8874239350912779 0.24390243902439024 0.011156186612576065 0.010670731707317074
1 0.8103448275862069 0.23323170731707318 0.011156186612576065 0.010670731707317074
1 0.795131845841785 0.2347560975609756 0.011156186612576065 0.010670731707317074
1 0.7058823529411765 0.23323170731707318 0.011156186612576065 0.010670731707317074
1 0.8417849898580122 0.21036585365853658 0.011156186612576065 0.010670731707317074
1 0.9026369168356998 0.17682926829268292 0.011156186612576065 0.010670731707317074
1 0.8620689655172413 0.13414634146341464 0.011156186612576065 0.010670731707317074
1 0.8103448275862069 0.1448170731707317 0.011156186612576065 0.010670731707317074
1 0.7961460446247465 0.16615853658536586 0.011156186612576065 0.010670731707317074
1 0.7809330628803245 0.14634146341463414 0.011156186612576065 0.010670731707317074
1 0.7210953346855984 0.16463414634146342 0.011156186612576065 0.010670731707317074
1 0.7210953346855984 0.1448170731707317 0.011156186612576065 0.010670731707317074
1 0.6926977687626775 0.1448170731707317 0.011156186612576065 0.010670731707317074
1 0.7068965517241379 0.12195121951219512 0.011156186612576065 0.010670731707317074
1 0.6308316430020284 0.11890243902439024 0.011156186612576065 0.010670731707317074
1 0.5851926977687627 0.08841463414634146 0.011156186612576065 0.010670731707317074
1 0.6176470588235294 0.010670731707317074 0.011156186612576065 0.010670731707317074
1 0.6612576064908722 0.03353658536585366 0.011156186612576065 0.010670731707317074
1 0.7505070993914807 0.10060975609756098 0.011156186612576065 0.010670731707317074
1 0.8032454361054767 0.0899390243902439 0.011156186612576065 0.010670731707317074
1 0.8985801217038539 0.07774390243902439 0.011156186612576065 0.010670731707317074
1 0.8681541582150102 0.056402439024390245 0.011156186612576065 0.010670731707317074
1 0.9350912778904665 0.024390243902439025 0.011156186612576065 0.010670731707317074
1 0.7809330628803245 0.18902439024390244 0.006085192697768763 0.01676829268292683
1 0.8103448275862069 0.12195121951219512 0.006085192697768763 0.01676829268292683
1 0.7647058823529411 0.125 0.006085192697768763 0.01676829268292683
1 0.7373225152129818 0.12195121951219512 0.006085192697768763 0.01676829268292683
1 0.7221095334685599 0.12195121951219512 0.006085192697768763 0.01676829268292683
1 0.7068965517241379 0.054878048780487805 0.006085192697768763 0.01676829268292683
1 0.7079107505070994 0.009146341463414634 0.006085192697768763 0.01676829268292683
1 0.8255578093306288 0.03048780487804878 0.006085192697768763 0.01676829268292683
3 0.4208924949290061 0.5655487804878049 0.032454361054766734 0.03201219512195122
3 0.42190669371196754 0.6051829268292683 0.032454361054766734 0.03201219512195122