1 0.2554027504911591 0.7020648967551623 0.0481335952848723 0.03982300884955752
1 0.45579567779960706 0.6740412979351033 0.025540275049115914 0.07227138643067847
1 0.4901768172888016 0.6740412979351033 0.025540275049115914 0.07079646017699115
1 0.6473477406679764 0.6268436578171092 0.026522593320235755 0.07227138643067847
1 0.7387033398821218 0.6268436578171092 0.025540275049115914 0.07227138643067847
1 0.7092337917485265 0.5929203539823009 0.021611001964636542 0.0471976401179941
1 0.6905697445972495 0.5914454277286135 0.012770137524557957 0.035398230088495575
1 0.6709233791748527 0.5958702064896755 0.0137524557956778 0.035398230088495575
1 0.7662082514734774 0.56047197640118 0.022593320235756387 0.02064896755162242
1 0.7573673870333988 0.528023598820059 0.023575638506876228 0.019174041297935103
1 0.7573673870333988 0.4970501474926254 0.023575638506876228 0.02064896755162242
1 0.5854616895874263 0.5339233038348082 0.021611001964636542 0.02064896755162242
1 0.4931237721021611 0.5663716814159292 0.009823182711198428 0.02359882005899705
1 0.574656188605108 0.4882005899705015 0.02848722986247544 0.029498525073746312
1 0.8595284872298625 0.5530973451327433 0.008840864440078585 0.022123893805309734
1 0.7829076620825147 0.4557522123893805 0.03241650294695481 0.032448377581120944
1 0.7809430255402751 0.40707964601769914 0.047151277013752456 0.03982300884955752
1 0.5127701375245579 0.42625368731563423 0.008840864440078585 0.022123893805309734
1 0.5756385068762279 0.45427728613569324 0.02848722986247544 0.030973451327433628
1 0.668958742632613 0.33480825958702065 0.012770137524557957 0.03392330383480826
1 0.45579567779960706 0.3303834808259587 0.008840864440078585 0.02359882005899705
1 0.3948919449901768 0.35398230088495575 0.0206286836935167 0.045722713864306784
1 0.3703339882121807 0.35398230088495575 0.0206286836935167 0.04424778761061947
1 0.3349705304518664 0.30678466076696165 0.015717092337917484 0.01327433628318584
1 0.3477406679764244 0.26843657817109146 0.022593320235756387 0.02064896755162242
1 0.2819253438113949 0.3200589970501475 0.04518664047151277 0.038348082595870206
1 0.23084479371316308 0.30383480825958703 0.008840864440078585 0.02359882005899705
1 0.25736738703339884 0.24041297935103245 0.026522593320235755 0.06784660766961652
1 0.3948919449901768 0.17551622418879056 0.04616895874263261 0.038348082595870206
1 0.15422396856581533 0.1415929203539823 0.04616895874263261 0.03687315634218289
1 0.14145383104125736 0.20353982300884957 0.015717092337917484 0.01327433628318584
1 0.23084479371316308 0.1976401179941003 0.0137524557956778 0.03392330383480826
1 0.09037328094302555 0.09882005899705015 0.023575638506876228 0.019174041297935103
1 0.09430255402750491 0.06637168141592921 0.009823182711198428 0.025073746312684365
1 0.06286836935166994 0.025073746312684365 0.04616895874263261 0.038348082595870206
1 0.18467583497053044 0.007374631268436578 0.0275049115913556 0.011799410029498525
1 0.15225933202357564 0.02064896755162242 0.01669941060903733 0.014749262536873156
1 0.3379174852652259 0.17404129793510326 0.01669941060903733 0.014749262536873156
1 0.5162082514734774 0.0058997050147492625 0.01669941060903733 0.008849557522123894
1 0.5589390962671905 0.05457227138643068 0.015717092337917484 0.01327433628318584
1 0.6139489194499018 0.02654867256637168 0.014734774066797643 0.03687315634218289
1 0.6316306483300589 0.028023598820058997 0.0137524557956778 0.03687315634218289
2 0.1650294695481336 0.612094395280236 0.06679764243614932 0.061946902654867256
2 0.16404715127701375 0.6932153392330384 0.06679764243614932 0.061946902654867256
2 0.5785854616895875 0.6268436578171092 0.023575638506876228 0.06932153392330384
2 0.07269155206286837 0.1430678466076696 0.02848722986247544 0.022123893805309734
2 0.949901768172888 0.44542772861356933 0.04518664047151277 0.05457227138643068
0 0.46463654223968565 0.471976401179941 0.07269155206286837 0.09292035398230089
0 0.6679764243614931 0.4631268436578171 0.11591355599214145 0.17404129793510326
0 0.18467583497053044 0.24926253687315633 0.03241650294695481 0.0471976401179941
0 0.3104125736738703 0.20943952802359883 0.03143418467583497 0.0471976401179941
0 0.11984282907662082 0.038348082595870206 0.03143418467583497 0.04424778761061947
3 0.3163064833005894 0.5309734513274337 0.1787819253438114 0.26548672566371684
3 0.1237721021611002 0.25073746312684364 0.04420432220039293 0.06637168141592921
3 0.325147347740668 0.12536873156342182 0.04518664047151277 0.06932153392330384
3 0.13310412573673872 0.003687315634218289 0.04616895874263261 0.004424778761061947
4 0.5540275049115914 0.6032448377581121 0.010805500982318271 0.02654867256637168
4 0.5255402750491159 0.5294985250737463 0.008840864440078585 0.02359882005899705
4 0.6129666011787819 0.5855457227138643 0.009823182711198428 0.025073746312684365
4 0.6267190569744597 0.5855457227138643 0.009823182711198428 0.02359882005899705
4 0.5893909626719057 0.556047197640118 0.01669941060903733 0.014749262536873156
4 0.5982318271119843 0.42035398230088494 0.01669941060903733 0.016224188790560472
4 0.5618860510805501 0.41002949852507375 0.010805500982318271 0.02654867256637168
4 0.5481335952848723 0.41002949852507375 0.010805500982318271 0.02654867256637168
4 0.33398821218074654 0.3672566371681416 0.02455795677799607 0.022123893805309734
4 0.2966601178781925 0.3672566371681416 0.01669941060903733 0.016224188790560472
4 0.4243614931237721 0.3687315634218289 0.010805500982318271 0.025073746312684365
4 0.43909626719056977 0.3687315634218289 0.010805500982318271 0.02654867256637168
4 0.45579567779960706 0.3702064896755162 0.010805500982318271 0.02359882005899705
4 0.6277013752455796 0.3185840707964602 0.04616895874263261 0.035398230088495575
4 0.8015717092337917 0.34513274336283184 0.04518664047151277 0.05752212389380531
4 0.3113948919449902 0.2669616519174041 0.02455795677799607 0.022123893805309734
4 0.2318271119842829 0.2536873156342183 0.0137524557956778 0.03687315634218289
4 0.2111984282907662 0.23156342182890854 0.008840864440078585 0.02359882005899705
4 0.3801571709233792 0.22566371681415928 0.02455795677799607 0.022123893805309734
4 0.343811394891945 0.2168141592920354 0.01669941060903733 0.014749262536873156
4 0.343811394891945 0.19616519174041297 0.01669941060903733 0.016224188790560472
4 0.27406679764243613 0.10766961651917405 0.009823182711198428 0.02359882005899705
4 0.2475442043222004 0.10619469026548672 0.009823182711198428 0.025073746312684365
4 0.14243614931237722 0.17994100294985252 0.01669941060903733 0.016224188790560472
4 0.16994106090373282 0.18141592920353983 0.015717092337917484 0.01327433628318584
4 0.11100196463654224 0.20353982300884957 0.023575638506876228 0.02064896755162242
4 0.10412573673870335 0.15339233038348082 0.009823182711198428 0.02359882005899705
4 0.12671905697445973 0.09734513274336283 0.023575638506876228 0.02064896755162242
4 0.15717092337917485 0.05604719764011799 0.015717092337917484 0.01327433628318584
4 0.13163064833005894 0.0752212389380531 0.01669941060903733 0.01327433628318584
4 0.15225933202357564 0.038348082595870206 0.015717092337917484 0.01327433628318584
4 0.2082514734774067 0.017699115044247787 0.015717092337917484 0.032448377581120944
4 0.2293713163064833 0.008112094395280236 0.010805500982318271 0.01327433628318584
4 0.6964636542239686 0.15781710914454278 0.009823182711198428 0.02359882005899705
4 0.730844793713163 0.15781710914454278 0.009823182711198428 0.02359882005899705
4 0.5736738703339882 0.017699115044247787 0.047151277013752456 0.032448377581120944
4 0.831041257367387 0.551622418879056 0.010805500982318271 0.025073746312684365
4 0.8447937131630648 0.551622418879056 0.010805500982318271 0.02359882005899705
4 0.8958742632612967 0.4616519174041298 0.01669941060903733 0.014749262536873156
4 0.8948919449901768 0.4277286135693215 0.01669941060903733 0.016224188790560472
5 0.5530451866404715 0.34513274336283184 0.025540275049115914 0.06342182890855458
5 0.26031434184675833 0.038348082595870206 0.04420432220039293 0.04277286135693215