4 0.09719222462203024 0.08116883116883117 0.019438444924406047 0.017857142857142856
4 0.1263498920086393 0.08116883116883117 0.019438444924406047 0.017857142857142856
4 0.4524838012958963 0.17532467532467533 0.019438444924406047 0.017857142857142856
4 0.490280777537797 0.18668831168831168 0.011879049676025918 0.025974025974025976
4 0.5323974082073434 0.2288961038961039 0.011879049676025918 0.02922077922077922
4 0.4611231101511879 0.22077922077922077 0.019438444924406047 0.017857142857142856
4 0.6069114470842333 0.45616883116883117 0.019438444924406047 0.016233766233766232
4 0.6058315334773218 0.4788961038961039 0.019438444924406047 0.017857142857142856
4 0.6511879049676026 0.4675324675324675 0.019438444924406047 0.016233766233766232
4 0.5561555075593952 0.5746753246753247 0.011879049676025918 0.02922077922077922
4 0.5043196544276458 0.5746753246753247 0.011879049676025918 0.02922077922077922
4 0.5377969762419006 0.5292207792207793 0.011879049676025918 0.02922077922077922
4 0.5205183585313174 0.5308441558441559 0.011879049676025918 0.02922077922077922
4 0.642548596112311 0.5746753246753247 0.011879049676025918 0.02922077922077922
4 0.6252699784017278 0.5746753246753247 0.011879049676025918 0.02922077922077922
4 0.6079913606911447 0.5746753246753247 0.011879049676025918 0.02922077922077922
4 0.5907127429805615 0.5762987012987013 0.011879049676025918 0.02922077922077922
4 0.6511879049676026 0.512987012987013 0.0183585313174946 0.016233766233766232
1 0.17386609071274298 0.3003246753246753 0.023758099352051837 0.05194805194805195
1 0.07883369330453564 0.7256493506493507 0.024838012958963283 0.05519480519480519
1 0.15766738660907129 0.7256493506493507 0.024838012958963283 0.05519480519480519
1 0.13498920086393087 0.7321428571428571 0.009719222462203024 0.027597402597402596
1 0.056155507559395246 0.7321428571428571 0.01079913606911447 0.025974025974025976
1 0.016198704103671708 0.7321428571428571 0.01079913606911447 0.027597402597402596
1 0.14578833693304535 0.237012987012987 0.009719222462203024 0.027597402597402596
1 0.5075593952483801 0.2288961038961039 0.01079913606911447 0.027597402597402596
1 0.5043196544276458 0.650974025974026 0.016198704103671708 0.04220779220779221
1 0.5118790496760259 0.47564935064935066 0.0064794816414686825 0.017857142857142856
1 0.5237580993520519 0.4675324675324675 0.0064794816414686825 0.016233766233766232
1 0.5367170626349892 0.4594155844155844 0.0064794816414686825 0.016233766233766232
1 0.48596112311015116 0.4675324675324675 0.0064794816414686825 0.017857142857142856
1 0.44384449244060475 0.461038961038961 0.011879049676025918 0.00974025974025974
1 0.4146868250539957 0.3847402597402597 0.011879049676025918 0.011363636363636364
1 0.44384449244060475 0.3392857142857143 0.011879049676025918 0.011363636363636364
1 0.5161987041036717 0.2824675324675325 0.0064794816414686825 0.017857142857142856
1 0.5269978401727862 0.31006493506493504 0.0064794816414686825 0.017857142857142856
1 0.5691144708423326 0.2987012987012987 0.011879049676025918 0.011363636363636364
1 0.5680345572354212 0.33116883116883117 0.0064794816414686825 0.01948051948051948
1 0.5701943844492441 0.3685064935064935 0.011879049676025918 0.00974025974025974
1 0.4373650107991361 0.26461038961038963 0.011879049676025918 0.00974025974025974
1 0.2267818574514039 0.00974025974025974 0.011879049676025918 0.011363636363636364
1 0.2548596112311015 0.03409090909090909 0.00755939524838013 0.01948051948051948
1 0.2084233261339093 0.04383116883116883 0.00755939524838013 0.017857142857142856
1 0.19546436285097193 0.04383116883116883 0.0064794816414686825 0.017857142857142856
1 0.16090712742980562 0.05357142857142857 0.00755939524838013 0.017857142857142856
1 0.15766738660907129 0.024350649350649352 0.01079913606911447 0.00974025974025974
1 0.132829373650108 0.02922077922077922 0.011879049676025918 0.00974025974025974
1 0.08207343412526998 0.007305194805194805 0.008639308855291577 0.01461038961038961
1 0.05075593952483801 0.00974025974025974 0.01079913606911447 0.00974025974025974
1 0.23326133909287258 0.15584415584415584 0.0064794816414686825 0.016233766233766232
1 0.23974082073434125 0.20941558441558442 0.011879049676025918 0.00974025974025974
1 0.21382289416846653 0.2077922077922078 0.01079913606911447 0.00974025974025974
1 0.20734341252699784 0.17694805194805194 0.00755939524838013 0.017857142857142856
1 0.17602591792656588 0.2077922077922078 0.011879049676025918 0.00974025974025974
1 0.13822894168466524 0.18831168831168832 0.011879049676025918 0.00974025974025974
1 0.11339092872570194 0.18993506493506493 0.011879049676025918 0.00974025974025974
1 0.0755939524838013 0.2077922077922078 0.012958963282937365 0.011363636363636364
1 0.056155507559395246 0.21753246753246752 0.0064794816414686825 0.017857142857142856