4 0.12264150943396226 0.9669811320754716 0.010482180293501049 0.026729559748427674
4 0.13836477987421383 0.9669811320754716 0.011530398322851153 0.02830188679245283
4 0.059748427672955975 0.9669811320754716 0.010482180293501049 0.026729559748427674
4 0.07547169811320754 0.9669811320754716 0.011530398322851153 0.02830188679245283
4 0.027253668763102725 0.9669811320754716 0.010482180293501049 0.026729559748427674
4 0.0429769392033543 0.9654088050314465 0.011530398322851153 0.02830188679245283
4 0.011530398322851153 0.9654088050314465 0.011530398322851153 0.02830188679245283
4 0.09119496855345911 0.9669811320754716 0.010482180293501049 0.026729559748427674
4 0.10796645702306079 0.9669811320754716 0.011530398322851153 0.02830188679245283
4 0.33438155136268344 0.36163522012578614 0.018867924528301886 0.01729559748427673
4 0.33438155136268344 0.3836477987421384 0.018867924528301886 0.01729559748427673
4 0.35639412997903563 0.39622641509433965 0.011530398322851153 0.026729559748427674
1 0.18343815513626835 0.9716981132075472 0.023060796645702306 0.050314465408805034
1 0.010482180293501049 0.9245283018867925 0.010482180293501049 0.02830188679245283
1 0.05870020964360587 0.9229559748427673 0.010482180293501049 0.02830188679245283
1 0.07547169811320754 0.9245283018867925 0.010482180293501049 0.02830188679245283
1 0.09014675052410902 0.9229559748427673 0.010482180293501049 0.02830188679245283
1 0.1069182389937107 0.9245283018867925 0.010482180293501049 0.02830188679245283
1 0.12264150943396226 0.9229559748427673 0.010482180293501049 0.02830188679245283
1 0.13836477987421383 0.9245283018867925 0.010482180293501049 0.02830188679245283
1 0.027253668763102725 0.9229559748427673 0.009433962264150943 0.025157232704402517
1 0.0429769392033543 0.9245283018867925 0.010482180293501049 0.02830188679245283
1 0.3113207547169811 0.37264150943396224 0.011530398322851153 0.026729559748427674