4 0.18682505399568033 0.3344155844155844 0.01079913606911447 0.02922077922077922
4 0.29049676025917925 0.336038961038961 0.011879049676025918 0.027597402597402596
4 0.326133909287257 0.3344155844155844 0.011879049676025918 0.027597402597402596
4 0.6285097192224622 0.7775974025974026 0.011879049676025918 0.02922077922077922
4 0.4200863930885529 0.9107142857142857 0.019438444924406047 0.017857142857142856
4 0.3542116630669546 0.810064935064935 0.0183585313174946 0.016233766233766232
4 0.32721382289416845 0.8928571428571429 0.019438444924406047 0.016233766233766232
0 0.5669546436285097 0.8311688311688312 0.10259179265658748 0.12824675324675325
4 0.8250539956803455 0.9675324675324676 0.019438444924406047 0.016233766233766232
4 0.8466522678185745 0.9366883116883117 0.011879049676025918 0.02922077922077922
1 0.5377969762419006 0.5535714285714286 0.012958963282937365 0.030844155844155844
1 0.5518358531317494 0.5551948051948052 0.009719222462203024 0.027597402597402596
1 0.5377969762419006 0.42694805194805197 0.012958963282937365 0.030844155844155844
1 0.5518358531317494 0.42694805194805197 0.009719222462203024 0.027597402597402596
1 0.509719222462203 0.599025974025974 0.017278617710583154 0.016233766233766232
1 0.5075593952483801 0.7743506493506493 0.01079913606911447 0.02922077922077922
1 0.49892008639308855 0.8831168831168831 0.01079913606911447 0.027597402597402596
1 0.6501079913606912 0.9090909090909091 0.024838012958963283 0.056818181818181816
1 0.796976241900648 0.9107142857142857 0.024838012958963283 0.05519480519480519
1 0.8876889848812095 0.9123376623376623 0.024838012958963283 0.05519480519480519
1 0.9848812095032398 0.9829545454545454 0.028077753779697623 0.030844155844155844
1 0.6733261339092873 0.9951298701298701 0.00755939524838013 0.006493506493506494
3 0.5010799136069114 0.4642857142857143 0.03455723542116631 0.030844155844155844
3 0.5010799136069114 0.512987012987013 0.032397408207343416 0.032467532467532464