1 0.25736738703339884 0.7035398230088495 0.0481335952848723 0.03982300884955752
1 0.4577603143418468 0.6755162241887905 0.025540275049115914 0.07227138643067847
1 0.49214145383104124 0.6755162241887905 0.025540275049115914 0.07079646017699115
1 0.6493123772102161 0.6283185840707964 0.026522593320235755 0.07227138643067847
1 0.7406679764243614 0.6283185840707964 0.025540275049115914 0.07227138643067847
1 0.7111984282907662 0.5943952802359882 0.021611001964636542 0.0471976401179941
1 0.6925343811394892 0.5929203539823009 0.012770137524557957 0.035398230088495575
1 0.6728880157170923 0.5973451327433629 0.0137524557956778 0.035398230088495575
1 0.768172888015717 0.5619469026548672 0.022593320235756387 0.02064896755162242
1 0.7593320235756386 0.5294985250737463 0.023575638506876228 0.019174041297935103
1 0.7593320235756386 0.49852507374631266 0.023575638506876228 0.02064896755162242
1 0.587426326129666 0.5353982300884956 0.021611001964636542 0.02064896755162242
1 0.4950884086444008 0.5678466076696165 0.009823182711198428 0.02359882005899705
1 0.5766208251473477 0.4896755162241888 0.02848722986247544 0.029498525073746312
1 0.8614931237721022 0.5545722713864307 0.008840864440078585 0.022123893805309734
1 0.7848722986247544 0.45722713864306785 0.03241650294695481 0.032448377581120944
1 0.7829076620825147 0.4085545722713864 0.047151277013752456 0.03982300884955752
1 0.5147347740667977 0.4277286135693215 0.008840864440078585 0.022123893805309734
1 0.5776031434184676 0.4557522123893805 0.02848722986247544 0.030973451327433628
1 0.6709233791748527 0.336283185840708 0.012770137524557957 0.03392330383480826
1 0.4577603143418468 0.33185840707964603 0.008840864440078585 0.02359882005899705
1 0.3968565815324165 0.3554572271386431 0.0206286836935167 0.045722713864306784
1 0.37229862475442044 0.3554572271386431 0.0206286836935167 0.04424778761061947
1 0.3369351669941061 0.308259587020649 0.015717092337917484 0.01327433628318584
1 0.34970530451866405 0.26991150442477874 0.022593320235756387 0.02064896755162242
1 0.28388998035363455 0.3215339233038348 0.04518664047151277 0.038348082595870206
1 0.23280943025540274 0.3053097345132743 0.008840864440078585 0.02359882005899705
1 0.2593320235756385 0.24188790560471976 0.026522593320235755 0.06784660766961652
1 0.3968565815324165 0.17699115044247787 0.04616895874263261 0.038348082595870206
1 0.15618860510805502 0.1430678466076696 0.04616895874263261 0.03687315634218289
1 0.14341846758349705 0.20501474926253688 0.015717092337917484 0.01327433628318584
1 0.23280943025540274 0.19911504424778761 0.0137524557956778 0.03392330383480826
1 0.09233791748526522 0.10029498525073746 0.023575638506876228 0.019174041297935103
1 0.0962671905697446 0.06784660766961652 0.009823182711198428 0.025073746312684365
1 0.06483300589390963 0.02654867256637168 0.04616895874263261 0.038348082595870206
1 0.18664047151277013 0.008112094395280236 0.0275049115913556 0.01327433628318584
1 0.15422396856581533 0.022123893805309734 0.01669941060903733 0.014749262536873156
1 0.33988212180746563 0.17551622418879056 0.01669941060903733 0.014749262536873156
1 0.518172888015717 0.00663716814159292 0.01669941060903733 0.01032448377581121
1 0.5609037328094303 0.05604719764011799 0.015717092337917484 0.01327433628318584
1 0.6159135559921415 0.028023598820058997 0.014734774066797643 0.03687315634218289
1 0.6335952848722987 0.029498525073746312 0.0137524557956778 0.03687315634218289
2 0.16699410609037327 0.6135693215339233 0.06679764243614932 0.061946902654867256
2 0.16601178781925344 0.6946902654867256 0.06679764243614932 0.061946902654867256
2 0.5805500982318271 0.6283185840707964 0.023575638506876228 0.06932153392330384
2 0.07465618860510806 0.14454277286135694 0.02848722986247544 0.022123893805309734
2 0.9518664047151277 0.4469026548672566 0.04518664047151277 0.05457227138643068
0 0.46660117878192536 0.47345132743362833 0.07269155206286837 0.09292035398230089
0 0.6699410609037328 0.4646017699115044 0.11591355599214145 0.17404129793510326
0 0.18664047151277013 0.25073746312684364 0.03241650294695481 0.0471976401179941
0 0.31237721021611004 0.21091445427728614 0.03143418467583497 0.0471976401179941
0 0.12180746561886051 0.03982300884955752 0.03143418467583497 0.04424778761061947
3 0.3182711198428291 0.532448377581121 0.1787819253438114 0.26548672566371684
3 0.12573673870333987 0.252212389380531 0.04420432220039293 0.06637168141592921
3 0.32711198428290766 0.12684365781710916 0.04518664047151277 0.06932153392330384
3 0.13506876227897838 0.004424778761061947 0.04616895874263261 0.0058997050147492625
4 0.555992141453831 0.6047197640117994 0.010805500982318271 0.02654867256637168
4 0.5275049115913556 0.5309734513274337 0.008840864440078585 0.02359882005899705
4 0.6149312377210217 0.5870206489675516 0.009823182711198428 0.025073746312684365
4 0.6286836935166994 0.5870206489675516 0.009823182711198428 0.02359882005899705
4 0.5913555992141454 0.5575221238938053 0.01669941060903733 0.014749262536873156
4 0.600196463654224 0.4218289085545723 0.01669941060903733 0.016224188790560472
4 0.5638506876227898 0.41150442477876104 0.010805500982318271 0.02654867256637168
4 0.550098231827112 0.41150442477876104 0.010805500982318271 0.02654867256637168
4 0.33595284872298625 0.3687315634218289 0.02455795677799607 0.022123893805309734
4 0.29862475442043224 0.3687315634218289 0.01669941060903733 0.016224188790560472
4 0.4263261296660118 0.3702064896755162 0.010805500982318271 0.025073746312684365
4 0.44106090373280943 0.3702064896755162 0.010805500982318271 0.02654867256637168
4 0.4577603143418468 0.37168141592920356 0.010805500982318271 0.02359882005899705
4 0.6296660117878192 0.3200589970501475 0.04616895874263261 0.035398230088495575
4 0.8035363457760314 0.3466076696165192 0.04518664047151277 0.05752212389380531
4 0.31335952848722987 0.26843657817109146 0.02455795677799607 0.022123893805309734
4 0.2337917485265226 0.2551622418879056 0.0137524557956778 0.03687315634218289
4 0.2131630648330059 0.23303834808259588 0.008840864440078585 0.02359882005899705
4 0.38212180746561886 0.22713864306784662 0.02455795677799607 0.022123893805309734
4 0.34577603143418467 0.2182890855457227 0.01669941060903733 0.014749262536873156
4 0.34577603143418467 0.1976401179941003 0.01669941060903733 0.016224188790560472
4 0.27603143418467585 0.10914454277286136 0.009823182711198428 0.02359882005899705
4 0.24950884086444008 0.10766961651917405 0.009823182711198428 0.025073746312684365
4 0.1444007858546169 0.18141592920353983 0.01669941060903733 0.016224188790560472
4 0.1719056974459725 0.18289085545722714 0.015717092337917484 0.01327433628318584
4 0.11296660117878192 0.20501474926253688 0.023575638506876228 0.02064896755162242
4 0.10609037328094302 0.15486725663716813 0.009823182711198428 0.02359882005899705
4 0.12868369351669942 0.09882005899705015 0.023575638506876228 0.02064896755162242
4 0.15913555992141454 0.05752212389380531 0.015717092337917484 0.01327433628318584
4 0.13359528487229863 0.07669616519174041 0.01669941060903733 0.01327433628318584
4 0.15422396856581533 0.03982300884955752 0.015717092337917484 0.01327433628318584
4 0.21021611001964635 0.018436578171091445 0.015717092337917484 0.03392330383480826
4 0.231335952848723 0.008849557522123894 0.010805500982318271 0.014749262536873156
4 0.6984282907662083 0.1592920353982301 0.009823182711198428 0.02359882005899705
4 0.7328094302554028 0.1592920353982301 0.009823182711198428 0.02359882005899705
4 0.5756385068762279 0.018436578171091445 0.047151277013752456 0.03392330383480826
4 0.8330058939096268 0.5530973451327433 0.010805500982318271 0.025073746312684365
4 0.8467583497053045 0.5530973451327433 0.010805500982318271 0.02359882005899705
4 0.8978388998035364 0.4631268436578171 0.01669941060903733 0.014749262536873156
4 0.8968565815324165 0.42920353982300885 0.01669941060903733 0.016224188790560472
5 0.5550098231827112 0.3466076696165192 0.025540275049115914 0.06342182890855458
5 0.26227897838899805 0.03982300884955752 0.04420432220039293 0.04277286135693215