4 0.09329140461215933 0.0440251572327044 0.018867924528301886 0.01729559748427673
4 0.12159329140461216 0.0440251572327044 0.018867924528301886 0.01729559748427673
4 0.4381551362683438 0.13522012578616352 0.018867924528301886 0.01729559748427673
4 0.4748427672955975 0.14622641509433962 0.011530398322851153 0.025157232704402517
4 0.5157232704402516 0.1871069182389937 0.011530398322851153 0.02830188679245283
4 0.44654088050314467 0.1792452830188679 0.018867924528301886 0.01729559748427673
4 0.5880503144654088 0.40723270440251574 0.018867924528301886 0.015723270440251572
4 0.5870020964360587 0.42924528301886794 0.018867924528301886 0.01729559748427673
4 0.6310272536687631 0.41823899371069184 0.018867924528301886 0.015723270440251572
4 0.5387840670859538 0.5220125786163522 0.011530398322851153 0.02830188679245283
4 0.48846960167714887 0.5220125786163522 0.011530398322851153 0.02830188679245283
4 0.5209643605870021 0.4779874213836478 0.011530398322851153 0.02830188679245283
4 0.5041928721174004 0.47955974842767296 0.011530398322851153 0.02830188679245283
4 0.6226415094339622 0.5220125786163522 0.011530398322851153 0.02830188679245283
4 0.6058700209643606 0.5220125786163522 0.011530398322851153 0.02830188679245283
4 0.589098532494759 0.5220125786163522 0.011530398322851153 0.02830188679245283
4 0.5723270440251572 0.5235849056603774 0.011530398322851153 0.02830188679245283
4 0.6310272536687631 0.46226415094339623 0.01781970649895178 0.015723270440251572
1 0.16771488469601678 0.2562893081761006 0.023060796645702306 0.050314465408805034
1 0.07547169811320754 0.6682389937106918 0.02410901467505241 0.05345911949685535
1 0.1519916142557652 0.6682389937106918 0.02410901467505241 0.05345911949685535
1 0.129979035639413 0.6745283018867925 0.009433962264150943 0.026729559748427674
1 0.05345911949685535 0.6745283018867925 0.010482180293501049 0.025157232704402517
1 0.014675052410901468 0.6745283018867925 0.010482180293501049 0.026729559748427674
1 0.14046121593291405 0.1949685534591195 0.009433962264150943 0.026729559748427674
1 0.4916142557651992 0.1871069182389937 0.010482180293501049 0.026729559748427674
1 0.48846960167714887 0.5959119496855346 0.015723270440251572 0.040880503144654086
1 0.49580712788259956 0.4261006289308176 0.006289308176100629 0.01729559748427673
1 0.5073375262054507 0.41823899371069184 0.006289308176100629 0.015723270440251572
1 0.519916142557652 0.41037735849056606 0.006289308176100629 0.015723270440251572
1 0.47064989517819705 0.41823899371069184 0.006289308176100629 0.01729559748427673
1 0.429769392033543 0.4119496855345912 0.011530398322851153 0.009433962264150943
1 0.40146750524109015 0.3380503144654088 0.011530398322851153 0.0110062893081761
1 0.429769392033543 0.2940251572327044 0.011530398322851153 0.0110062893081761
1 0.5 0.2389937106918239 0.006289308176100629 0.01729559748427673
1 0.510482180293501 0.26572327044025157 0.006289308176100629 0.01729559748427673
1 0.5513626834381551 0.25471698113207547 0.011530398322851153 0.0110062893081761
1 0.550314465408805 0.2861635220125786 0.006289308176100629 0.018867924528301886
1 0.5524109014675053 0.3223270440251572 0.011530398322851153 0.009433962264150943
1 0.42348008385744235 0.22169811320754718 0.011530398322851153 0.009433962264150943
1 0.24633123689727462 0.0047169811320754715 0.008385744234800839 0.009433962264150943
1 0.20125786163522014 0.008647798742138365 0.008385744234800839 0.01729559748427673
1 0.18920335429769392 0.008647798742138365 0.007337526205450734 0.01729559748427673
1 0.15513626834381553 0.01729559748427673 0.007337526205450734 0.01729559748427673
1 0.22536687631027252 0.11635220125786164 0.006289308176100629 0.015723270440251572
1 0.23165618448637318 0.16823899371069181 0.011530398322851153 0.009433962264150943
1 0.20649895178197064 0.16666666666666666 0.010482180293501049 0.009433962264150943
1 0.20020964360587 0.13679245283018868 0.007337526205450734 0.01729559748427673
1 0.16981132075471697 0.16666666666666666 0.011530398322851153 0.009433962264150943
1 0.1331236897274633 0.14779874213836477 0.011530398322851153 0.009433962264150943
1 0.1090146750524109 0.14937106918238993 0.011530398322851153 0.009433962264150943
1 0.07232704402515723 0.16666666666666666 0.012578616352201259 0.0110062893081761
1 0.05345911949685535 0.1761006289308176 0.006289308176100629 0.01729559748427673