4 0.18029350104821804 0.2893081761006289 0.010482180293501049 0.02830188679245283
4 0.2809224318658281 0.2908805031446541 0.011530398322851153 0.026729559748427674
4 0.31551362683438156 0.2893081761006289 0.011530398322851153 0.026729559748427674
4 0.6090146750524109 0.7185534591194969 0.011530398322851153 0.02830188679245283
4 0.40670859538784065 0.8474842767295597 0.018867924528301886 0.01729559748427673
4 0.34276729559748426 0.75 0.01781970649895178 0.015723270440251572
4 0.3165618448637317 0.8301886792452831 0.018867924528301886 0.015723270440251572
4 0.4171907756813417 0.960691823899371 0.011530398322851153 0.02830188679245283
4 0.14517819706498952 0.9937106918238994 0.013626834381551363 0.009433962264150943
4 0.18396226415094338 0.9929245283018868 0.013626834381551363 0.0110062893081761
0 0.549266247379455 0.7704402515723271 0.09958071278825996 0.12421383647798742
4 0.79979035639413 0.9025157232704403 0.018867924528301886 0.015723270440251572
4 0.8207547169811321 0.8726415094339622 0.011530398322851153 0.02830188679245283
1 0.5209643605870021 0.5015723270440252 0.012578616352201259 0.029874213836477988
1 0.5345911949685535 0.5031446540880503 0.009433962264150943 0.026729559748427674
1 0.5209643605870021 0.3789308176100629 0.012578616352201259 0.029874213836477988
1 0.5345911949685535 0.3789308176100629 0.009433962264150943 0.026729559748427674
1 0.4937106918238994 0.5455974842767296 0.016771488469601678 0.015723270440251572
1 0.4916142557651992 0.7154088050314465 0.010482180293501049 0.02830188679245283
1 0.4832285115303983 0.8207547169811321 0.010482180293501049 0.026729559748427674
1 0.629979035639413 0.8459119496855346 0.02410901467505241 0.055031446540880505
1 0.5094339622641509 0.9944968553459119 0.03773584905660377 0.007861635220125786
1 0.7725366876310272 0.8474842767295597 0.02410901467505241 0.05345911949685535
1 0.860587002096436 0.8490566037735849 0.02410901467505241 0.05345911949685535
1 0.960167714884696 0.9213836477987422 0.03668763102725367 0.036163522012578615
1 0.84958071278826 0.9968553459119497 0.013626834381551363 0.0031446540880503146
1 0.6058700209643606 0.9795597484276729 0.011530398322851153 0.0110062893081761
1 0.6514675052410901 0.9968553459119497 0.013626834381551363 0.0031446540880503146
1 0.6970649895178197 0.9559748427672956 0.006289308176100629 0.01729559748427673
1 0.6519916142557652 0.9355345911949685 0.006289308176100629 0.01729559748427673
1 0.7735849056603774 0.9795597484276729 0.006289308176100629 0.01729559748427673
1 0.8039832285115304 0.9960691823899371 0.008385744234800839 0.0047169811320754715
1 0.8186582809224319 0.9559748427672956 0.006289308176100629 0.01729559748427673
1 0.8805031446540881 0.9544025157232704 0.006289308176100629 0.01729559748427673
3 0.48532494758909855 0.41509433962264153 0.033542976939203356 0.029874213836477988
3 0.48532494758909855 0.46226415094339623 0.031446540880503145 0.031446540880503145