1 0.8063241106719368 0.6038575667655787 0.015810276679841896 0.01483679525222552
1 0.8063241106719368 0.6231454005934718 0.016798418972332016 0.013353115727002967
1 0.817193675889328 0.6750741839762612 0.014822134387351778 0.01483679525222552
1 0.817193675889328 0.6943620178041543 0.016798418972332016 0.01483679525222552
1 0.5958498023715415 0.6928783382789317 0.018774703557312252 0.016320474777448073
1 0.5968379446640316 0.6735905044510386 0.018774703557312252 0.016320474777448073
1 0.25790513833992096 0.017804154302670624 0.015810276679841896 0.013353115727002967
1 0.2994071146245059 0.019287833827893175 0.016798418972332016 0.01483679525222552
1 0.27964426877470355 0.04599406528189911 0.030632411067193676 0.028189910979228485
1 0.4881422924901186 0.1201780415430267 0.015810276679841896 0.01483679525222552
4 0.5731225296442688 0.0830860534124629 0.016798418972332016 0.01483679525222552
4 0.9841897233201581 0.4970326409495549 0.009881422924901186 0.025222551928783383
4 0.9713438735177866 0.4970326409495549 0.009881422924901186 0.026706231454005934