1 0.18516699410609036 0.9727138643067846 0.02848722986247544 0.051622418879056046
1 0.13064833005893908 0.911504424778761 0.023575638506876228 0.02064896755162242
1 0.10019646365422397 0.8657817109144543 0.009823182711198428 0.02359882005899705
1 0.060903732809430254 0.8702064896755162 0.047151277013752456 0.038348082595870206
1 0.5166994106090373 0.9867256637168141 0.01768172888015717 0.02359882005899705
1 0.6129666011787819 0.976401179941003 0.0137524557956778 0.038348082595870206
1 0.6316306483300589 0.976401179941003 0.014734774066797643 0.03687315634218289
1 0.5766208251473477 0.9218289085545722 0.009823182711198428 0.022123893805309734
1 0.4901768172888016 0.8495575221238938 0.018664047151277015 0.04424778761061947
1 0.1581532416502947 0.8451327433628318 0.014734774066797643 0.01327433628318584
1 0.18762278978389 0.7979351032448377 0.025540275049115914 0.06932153392330384
1 0.431237721021611 0.7846607669616519 0.029469548133595286 0.029498525073746312
1 0.4194499017681729 0.7433628318584071 0.02848722986247544 0.030973451327433628
1 0.431237721021611 0.6843657817109144 0.029469548133595286 0.029498525073746312
1 0.4911591355599214 0.7389380530973452 0.018664047151277015 0.04424778761061947
1 0.5707269155206287 0.6917404129793511 0.0137524557956778 0.035398230088495575
1 0.5854616895874263 0.775811209439528 0.01669941060903733 0.014749262536873156
1 0.5854616895874263 0.7551622418879056 0.015717092337917484 0.014749262536873156
1 0.5923379174852652 0.5339233038348082 0.029469548133595286 0.028023598820058997
1 0.28388998035363455 0.23008849557522124 0.0481335952848723 0.03982300884955752
1 0.8742632612966601 0.9469026548672567 0.01669941060903733 0.014749262536873156
1 0.9115913555992141 0.6268436578171092 0.008840864440078585 0.025073746312684365
1 0.925343811394892 0.6268436578171092 0.009823182711198428 0.025073746312684365
1 0.8290766208251473 0.6253687315634219 0.008840864440078585 0.025073746312684365
1 0.8428290766208252 0.6268436578171092 0.009823182711198428 0.025073746312684365
1 0.8565815324165029 0.6253687315634219 0.008840864440078585 0.025073746312684365
1 0.8703339882121808 0.6268436578171092 0.009823182711198428 0.025073746312684365
1 0.8840864440078585 0.6268436578171092 0.008840864440078585 0.025073746312684365
1 0.8978388998035364 0.6268436578171092 0.009823182711198428 0.025073746312684365
1 0.9390962671905697 0.6268436578171092 0.009823182711198428 0.025073746312684365
1 0.9214145383104125 0.4336283185840708 0.010805500982318271 0.028023598820058997
1 0.9351669941060904 0.4336283185840708 0.008840864440078585 0.025073746312684365
1 0.9479371316306483 0.4351032448377581 0.008840864440078585 0.022123893805309734
0 0.12475442043222004 0.8613569321533924 0.03143418467583497 0.045722713864306784
0 0.5137524557956779 0.6076696165191741 0.08644400785854617 0.12831858407079647
0 0.8143418467583498 0.8215339233038348 0.1856581532416503 0.1902654867256637
3 0.13359528487229863 0.9705014749262537 0.047151277013752456 0.05604719764011799
3 0.13948919449901767 0.7935103244837758 0.043222003929273084 0.06637168141592921
3 0.44204322200392926 0.7153392330383481 0.023575638506876228 0.019174041297935103
3 0.47053045186640474 0.7404129793510325 0.012770137524557957 0.03392330383480826
3 0.9047151277013753 0.4277286135693215 0.012770137524557957 0.035398230088495575
4 0.22986247544204322 0.9963126843657817 0.011787819253438114 0.004424778761061947
4 0.2779960707269155 0.967551622418879 0.01669941060903733 0.01327433628318584
4 0.5741650294695482 0.9845132743362832 0.0481335952848723 0.028023598820058997
4 0.5338899803536346 0.9867256637168141 0.012770137524557957 0.02359882005899705
4 0.5864440078585462 0.9528023598820059 0.01768172888015717 0.01327433628318584
4 0.593320235756385 0.9218289085545722 0.009823182711198428 0.02359882005899705
4 0.16306483300589392 0.8820058997050148 0.01669941060903733 0.014749262536873156
4 0.15913555992141454 0.8628318584070797 0.01669941060903733 0.014749262536873156
4 0.0962671905697446 0.9056047197640118 0.023575638506876228 0.02064896755162242
4 0.24459724950884087 0.8525073746312685 0.010805500982318271 0.025073746312684365
4 0.27013752455795675 0.8525073746312685 0.010805500982318271 0.02654867256637168
4 0.2151277013752456 0.8333333333333334 0.014734774066797643 0.035398230088495575
4 0.6110019646365422 0.7404129793510325 0.015717092337917484 0.014749262536873156
4 0.611984282907662 0.7182890855457227 0.01768172888015717 0.014749262536873156
4 0.587426326129666 0.6873156342182891 0.009823182711198428 0.02359882005899705
4 0.5127701375245579 0.700589970501475 0.010805500982318271 0.02654867256637168
4 0.5982318271119843 0.6578171091445427 0.01669941060903733 0.01327433628318584
4 0.5982318271119843 0.6386430678466076 0.01669941060903733 0.016224188790560472
4 0.5972495088408645 0.6194690265486725 0.015717092337917484 0.014749262536873156
4 0.28388998035363455 0.28171091445427726 0.04518664047151277 0.03687315634218289
4 0.8300589390962672 0.6666666666666666 0.010805500982318271 0.025073746312684365
4 0.8575638506876228 0.6651917404129793 0.010805500982318271 0.025073746312684365
4 0.925343811394892 0.6666666666666666 0.010805500982318271 0.025073746312684365
4 0.9390962671905697 0.6651917404129793 0.010805500982318271 0.025073746312684365
4 0.8978388998035364 0.6651917404129793 0.010805500982318271 0.025073746312684365
4 0.9115913555992141 0.6666666666666666 0.010805500982318271 0.025073746312684365
4 0.8703339882121808 0.6651917404129793 0.010805500982318271 0.025073746312684365
4 0.8840864440078585 0.6637168141592921 0.010805500982318271 0.025073746312684365
4 0.8428290766208252 0.6651917404129793 0.010805500982318271 0.025073746312684365
4 0.9489194499017681 0.3775811209439528 0.008840864440078585 0.02359882005899705
5 0.25736738703339884 0.9144542772861357 0.04420432220039293 0.038348082595870206