1 0.03536345776031434 0.5530973451327433 0.009823182711198428 0.02654867256637168
1 0.27210216110019647 0.556047197640118 0.009823182711198428 0.022123893805309734
1 0.3605108055009823 0.5693215339233039 0.01669941060903733 0.014749262536873156
1 0.41453831041257366 0.5722713864306784 0.01669941060903733 0.01327433628318584
1 0.35854616895874264 0.45132743362831856 0.015717092337917484 0.014749262536873156
1 0.36738703339882123 0.3938053097345133 0.01669941060903733 0.014749262536873156
1 0.36738703339882123 0.35398230088495575 0.015717092337917484 0.014749262536873156
1 0.2829076620825147 0.3834808259587021 0.009823182711198428 0.025073746312684365
1 0.3948919449901768 0.21386430678466076 0.009823182711198428 0.02359882005899705
1 0.3948919449901768 0.10029498525073746 0.009823182711198428 0.02359882005899705
1 0.5216110019646365 0.2831858407079646 0.015717092337917484 0.014749262536873156
1 0.581532416502947 0.3834808259587021 0.009823182711198428 0.025073746312684365
1 0.581532416502947 0.45722713864306785 0.009823182711198428 0.025073746312684365
1 0.555992141453831 0.5737463126843658 0.01669941060903733 0.01327433628318584
1 0.5265225933202358 0.5766961651917404 0.015717092337917484 0.014749262536873156
1 0.49410609037328096 0.5752212389380531 0.01669941060903733 0.01327433628318584
1 0.568762278978389 0.7109144542772862 0.009823182711198428 0.025073746312684365
1 0.7023575638506876 0.6047197640117994 0.0481335952848723 0.03982300884955752
1 0.8546168958742633 0.5973451327433629 0.014734774066797643 0.03687315634218289
2 0.1100196463654224 0.44837758112094395 0.04420432220039293 0.05604719764011799
2 0.18271119842829076 0.5117994100294986 0.026522593320235755 0.02064896755162242
2 0.5265225933202358 0.08702064896755163 0.025540275049115914 0.022123893805309734
2 0.7465618860510805 0.5191740412979351 0.014734774066797643 0.03687315634218289
2 0.7043222003929273 0.5206489675516224 0.014734774066797643 0.038348082595870206
2 0.6640471512770137 0.5191740412979351 0.014734774066797643 0.03687315634218289
2 0.6237721021611002 0.5191740412979351 0.0137524557956778 0.03687315634218289
2 0.6787819253438114 0.6946902654867256 0.025540275049115914 0.022123893805309734
0 0.5088408644400786 0.6814159292035398 0.05304518664047151 0.10619469026548672
0 0.4862475442043222 0.4306784660766962 0.14047151277013753 0.21238938053097345
0 0.4538310412573674 0.16666666666666666 0.0893909626719057 0.11061946902654868
0 0.8035363457760314 0.5825958702064897 0.026522593320235755 0.06342182890855458
4 0.0068762278978389 0.5530973451327433 0.010805500982318271 0.025073746312684365
4 0.0206286836935167 0.5530973451327433 0.010805500982318271 0.02359882005899705
4 0.0550098231827112 0.46607669616519176 0.01669941060903733 0.014749262536873156
4 0.054027504911591355 0.43215339233038347 0.01669941060903733 0.016224188790560472
4 0.1925343811394892 0.5545722713864307 0.009823182711198428 0.02654867256637168
4 0.2868369351669941 0.556047197640118 0.010805500982318271 0.025073746312684365
4 0.35854616895874264 0.43215339233038347 0.01669941060903733 0.014749262536873156
4 0.4214145383104126 0.6017699115044248 0.009823182711198428 0.025073746312684365
4 0.4449901768172888 0.6017699115044248 0.008840864440078585 0.025073746312684365
4 0.462671905697446 0.6002949852507374 0.008840864440078585 0.02654867256637168
4 0.4764243614931238 0.6017699115044248 0.008840864440078585 0.025073746312684365
4 0.224950884086444 0.32448377581120946 0.009823182711198428 0.02359882005899705
4 0.36738703339882123 0.37315634218289084 0.01669941060903733 0.016224188790560472
4 0.36738703339882123 0.33185840707964603 0.01669941060903733 0.014749262536873156
4 0.48428290766208254 0.25958702064896755 0.009823182711198428 0.025073746312684365
4 0.5108055009823183 0.21386430678466076 0.010805500982318271 0.025073746312684365
4 0.5402750491159135 0.20943952802359883 0.009823182711198428 0.02654867256637168
4 0.5402750491159135 0.1430678466076696 0.008840864440078585 0.025073746312684365
4 0.41453831041257366 0.07964601769911504 0.01669941060903733 0.01327433628318584
4 0.4901768172888016 0.08112094395280237 0.015717092337917484 0.016224188790560472
4 0.5166994106090373 0.04277286135693215 0.009823182711198428 0.025073746312684365
4 0.5402750491159135 0.04277286135693215 0.008840864440078585 0.025073746312684365
4 0.19646365422396855 0.0752212389380531 0.010805500982318271 0.025073746312684365
4 0.2111984282907662 0.0752212389380531 0.010805500982318271 0.025073746312684365
4 0.27996070726915523 0.0752212389380531 0.010805500982318271 0.025073746312684365
4 0.2956777996070727 0.0752212389380531 0.010805500982318271 0.025073746312684365
4 0.25245579567779963 0.0752212389380531 0.010805500982318271 0.025073746312684365
4 0.26620825147347743 0.0752212389380531 0.010805500982318271 0.025073746312684365
4 0.224950884086444 0.0752212389380531 0.010805500982318271 0.025073746312684365
4 0.2387033398821218 0.0752212389380531 0.010805500982318271 0.025073746312684365
4 0.7013752455795678 0.6504424778761062 0.04616895874263261 0.035398230088495575
4 0.7180746561886051 0.6946902654867256 0.01669941060903733 0.014749262536873156