4 0.25471698113207547 0.06289308176100629 0.016771488469601678 0.015723270440251572
4 0.4109014675052411 0.036163522012578615 0.01781970649895178 0.015723270440251572
4 0.4276729559748428 0.059748427672955975 0.018867924528301886 0.015723270440251572
4 0.3039832285115304 0.09748427672955975 0.018867924528301886 0.01729559748427673
0 0.23375262054507337 0.12106918238993711 0.04821802935010482 0.0440251572327044
0 0.3165618448637317 0.2389937106918239 0.08176100628930817 0.1320754716981132
4 0.2190775681341719 0.19339622641509435 0.018867924528301886 0.015723270440251572
4 0.2169811320754717 0.25157232704402516 0.019916142557651992 0.01729559748427673
4 0.42348008385744235 0.22327044025157233 0.018867924528301886 0.015723270440251572
4 0.5974842767295597 0.32075471698113206 0.010482180293501049 0.02830188679245283
4 0.4025157232704403 0.47641509433962265 0.010482180293501049 0.026729559748427674
4 0.31341719077568136 0.4827044025157233 0.011530398322851153 0.02830188679245283
4 0.2966457023060797 0.4827044025157233 0.010482180293501049 0.02830188679245283
4 0.2809224318658281 0.5157232704402516 0.01781970649895178 0.015723270440251572
4 0.40985324947589097 0.5110062893081762 0.016771488469601678 0.015723270440251572
4 0.32075471698113206 0.5141509433962265 0.018867924528301886 0.015723270440251572
4 0.29350104821802936 0.6415094339622641 0.01781970649895178 0.015723270440251572
4 0.29350104821802936 0.5959119496855346 0.01781970649895178 0.015723270440251572
4 0.29350104821802936 0.5723270440251572 0.01781970649895178 0.015723270440251572
4 0.29245283018867924 0.5440251572327044 0.01781970649895178 0.015723270440251572
4 0.29350104821802936 0.6194968553459119 0.01781970649895178 0.015723270440251572
4 0.1928721174004193 0.46226415094339623 0.010482180293501049 0.026729559748427674
0 0.09643605870020965 0.5723270440251572 0.16142557651991615 0.12735849056603774
4 0.0649895178197065 0.75 0.018867924528301886 0.014150943396226415
4 0.025157232704402517 0.7704402515723271 0.018867924528301886 0.01729559748427673
4 0.009433962264150943 0.7452830188679245 0.018867924528301886 0.015723270440251572
4 0.18972746331236898 0.7720125786163522 0.019916142557651992 0.01729559748427673
1 0.5078616352201258 0.0047169811320754715 0.03668763102725367 0.009433962264150943
1 0.30712788259958074 0.06761006289308176 0.027253668763102725 0.02358490566037736
1 0.1960167714884696 0.10377358490566038 0.011530398322851153 0.026729559748427674
1 0.4056603773584906 0.18238993710691823 0.010482180293501049 0.025157232704402517
1 0.42872117400419285 0.17138364779874213 0.023060796645702306 0.05188679245283019
1 0.5083857442348009 0.18553459119496854 0.03563941299790356 0.03459119496855346
1 0.5073375262054507 0.23742138364779874 0.03563941299790356 0.036163522012578615
1 0.6153039832285115 0.4591194968553459 0.025157232704402517 0.05345911949685535
1 0.42138364779874216 0.5455974842767296 0.012578616352201259 0.029874213836477988
1 0.4224318658280922 0.589622641509434 0.011530398322851153 0.029874213836477988
1 0.33542976939203356 0.5455974842767296 0.012578616352201259 0.029874213836477988
1 0.33647798742138363 0.5990566037735849 0.011530398322851153 0.029874213836477988
1 0.3522012578616352 0.5455974842767296 0.011530398322851153 0.025157232704402517
1 0.3522012578616352 0.5990566037735849 0.009433962264150943 0.026729559748427674
1 0.4371069182389937 0.5455974842767296 0.012578616352201259 0.029874213836477988
1 0.4371069182389937 0.589622641509434 0.011530398322851153 0.029874213836477988
1 0.4528301886792453 0.589622641509434 0.009433962264150943 0.026729559748427674
1 0.4528301886792453 0.5455974842767296 0.011530398322851153 0.025157232704402517
1 0.02620545073375262 0.44339622641509435 0.016771488469601678 0.015723270440251572
1 0.18972746331236898 0.6509433962264151 0.016771488469601678 0.015723270440251572
1 0.1928721174004193 0.5062893081761006 0.010482180293501049 0.026729559748427674
1 0.7756813417190775 0.4606918238993711 0.025157232704402517 0.055031446540880505
1 0.8542976939203354 0.4606918238993711 0.02410901467505241 0.055031446540880505
1 0.9612159329140462 0.2751572327044025 0.03563941299790356 0.03773584905660377
1 0.9591194968553459 0.0440251572327044 0.03563941299790356 0.036163522012578615
1 0.6362683438155137 0.18081761006289307 0.006289308176100629 0.01729559748427673
1 0.5754716981132075 0.25471698113207547 0.007337526205450734 0.01729559748427673
1 0.6048218029350105 0.1792452830188679 0.011530398322851153 0.0110062893081761
1 0.5733752620545073 0.32075471698113206 0.006289308176100629 0.01729559748427673
1 0.6048218029350105 0.3663522012578616 0.006289308176100629 0.01729559748427673
1 0.6194968553459119 0.36477987421383645 0.006289308176100629 0.01729559748427673
1 0.649895178197065 0.36477987421383645 0.006289308176100629 0.01729559748427673
1 0.6656184486373166 0.32075471698113206 0.006289308176100629 0.01729559748427673
1 0.6194968553459119 0.27358490566037735 0.006289308176100629 0.01729559748427673
1 0.6656184486373166 0.2720125786163522 0.006289308176100629 0.01729559748427673
1 0.6813417190775681 0.25 0.006289308176100629 0.01729559748427673
1 0.6813417190775681 0.22641509433962265 0.006289308176100629 0.01729559748427673
1 0.6970649895178197 0.20440251572327045 0.006289308176100629 0.01729559748427673
1 0.7117400419287212 0.22641509433962265 0.006289308176100629 0.01729559748427673
1 0.7285115303983228 0.25 0.006289308176100629 0.01729559748427673
1 0.7410901467505241 0.25 0.006289308176100629 0.01729559748427673
1 0.7421383647798742 0.3191823899371069 0.006289308176100629 0.01729559748427673
1 0.7117400419287212 0.32075471698113206 0.006289308176100629 0.01729559748427673
1 0.7117400419287212 0.36477987421383645 0.006289308176100629 0.01729559748427673
1 0.6813417190775681 0.36477987421383645 0.006289308176100629 0.01729559748427673
1 0.7421383647798742 0.36477987421383645 0.006289308176100629 0.01729559748427673
1 0.7725366876310272 0.34276729559748426 0.006289308176100629 0.01729559748427673
1 0.7714884696016772 0.32075471698113206 0.006289308176100629 0.01729559748427673
1 0.8186582809224319 0.31761006289308175 0.006289308176100629 0.01729559748427673
1 0.8333333333333334 0.34591194968553457 0.006289308176100629 0.01729559748427673
1 0.8490566037735849 0.3160377358490566 0.006289308176100629 0.01729559748427673
1 0.8784067085953878 0.3238993710691824 0.006289308176100629 0.01729559748427673
1 0.8637316561844863 0.3663522012578616 0.006289308176100629 0.01729559748427673
1 0.7882599580712788 0.2468553459119497 0.006289308176100629 0.01729559748427673
1 0.7568134171907757 0.2279874213836478 0.006289308176100629 0.01729559748427673
1 0.7568134171907757 0.2059748427672956 0.006289308176100629 0.01729559748427673
1 0.7421383647798742 0.15880503144654087 0.006289308176100629 0.01729559748427673
1 0.7127882599580713 0.15880503144654087 0.006289308176100629 0.01729559748427673
1 0.6813417190775681 0.17767295597484276 0.006289308176100629 0.01729559748427673
1 0.6519916142557652 0.2720125786163522 0.011530398322851153 0.0110062893081761
1 0.6656184486373166 0.25 0.011530398322851153 0.0110062893081761
1 0.6813417190775681 0.2720125786163522 0.011530398322851153 0.0110062893081761
1 0.69916142557652 0.22641509433962265 0.011530398322851153 0.0110062893081761
1 0.7327044025157232 0.28459119496855345 0.011530398322851153 0.0110062893081761
1 0.7568134171907757 0.25 0.011530398322851153 0.0110062893081761
1 0.7725366876310272 0.27358490566037735 0.011530398322851153 0.0110062893081761
1 0.7872117400419287 0.2720125786163522 0.011530398322851153 0.0110062893081761
1 0.8060796645702306 0.2720125786163522 0.011530398322851153 0.0110062893081761
1 0.8909853249475891 0.3081761006289308 0.011530398322851153 0.0110062893081761
1 0.9129979035639413 0.2389937106918239 0.011530398322851153 0.0110062893081761
1 0.8679245283018868 0.21540880503144655 0.011530398322851153 0.0110062893081761
1 0.7882599580712788 0.20440251572327045 0.011530398322851153 0.0110062893081761
1 0.7725366876310272 0.2059748427672956 0.011530398322851153 0.0110062893081761
1 0.6802935010482181 0.20440251572327045 0.011530398322851153 0.0110062893081761
1 0.8207547169811321 0.18081761006289307 0.011530398322851153 0.0110062893081761
1 0.8836477987421384 0.14622641509433962 0.011530398322851153 0.0110062893081761
1 0.8417190775681341 0.10220125786163523 0.011530398322851153 0.0110062893081761
1 0.7882599580712788 0.11320754716981132 0.011530398322851153 0.0110062893081761
1 0.7735849056603774 0.13522012578616352 0.011530398322851153 0.0110062893081761
1 0.7578616352201258 0.11477987421383648 0.011530398322851153 0.0110062893081761
1 0.6960167714884696 0.13364779874213836 0.011530398322851153 0.0110062893081761
1 0.6960167714884696 0.11320754716981132 0.011530398322851153 0.0110062893081761
1 0.6666666666666666 0.11320754716981132 0.011530398322851153 0.0110062893081761
1 0.6813417190775681 0.08962264150943396 0.011530398322851153 0.0110062893081761
1 0.6027253668763103 0.08647798742138364 0.011530398322851153 0.0110062893081761
1 0.5555555555555556 0.055031446540880505 0.011530398322851153 0.0110062893081761
1 0.6341719077568134 0.0023584905660377358 0.012578616352201259 0.0047169811320754715
1 0.7264150943396226 0.06761006289308176 0.011530398322851153 0.0110062893081761
1 0.7809224318658281 0.05660377358490566 0.011530398322851153 0.0110062893081761
1 0.8794549266247379 0.0440251572327044 0.011530398322851153 0.0110062893081761
1 0.8480083857442348 0.0220125786163522 0.011530398322851153 0.0110062893081761
1 0.7578616352201258 0.15880503144654087 0.006289308176100629 0.01729559748427673
1 0.7882599580712788 0.08962264150943396 0.006289308176100629 0.01729559748427673
1 0.7410901467505241 0.09276729559748427 0.006289308176100629 0.01729559748427673
1 0.7127882599580713 0.08962264150943396 0.006289308176100629 0.01729559748427673
1 0.6970649895178197 0.08962264150943396 0.006289308176100629 0.01729559748427673
1 0.6813417190775681 0.020440251572327043 0.006289308176100629 0.01729559748427673
1 0.8045073375262054 0.0023584905660377358 0.007337526205450734 0.0047169811320754715
3 0.3857442348008386 0.5471698113207547 0.033542976939203356 0.0330188679245283
3 0.3867924528301887 0.5880503144654088 0.033542976939203356 0.0330188679245283