1 0.03732809430255403 0.5545722713864307 0.009823182711198428 0.02654867256637168
1 0.27406679764243613 0.5575221238938053 0.009823182711198428 0.022123893805309734
1 0.362475442043222 0.5707964601769911 0.01669941060903733 0.014749262536873156
1 0.4165029469548134 0.5737463126843658 0.01669941060903733 0.01327433628318584
1 0.3605108055009823 0.4528023598820059 0.015717092337917484 0.014749262536873156
1 0.3693516699410609 0.3952802359882006 0.01669941060903733 0.014749262536873156
1 0.3693516699410609 0.3554572271386431 0.015717092337917484 0.014749262536873156
1 0.28487229862475444 0.38495575221238937 0.009823182711198428 0.025073746312684365
1 0.3968565815324165 0.2153392330383481 0.009823182711198428 0.02359882005899705
1 0.3968565815324165 0.10176991150442478 0.009823182711198428 0.02359882005899705
1 0.5235756385068763 0.28466076696165193 0.015717092337917484 0.014749262536873156
1 0.5834970530451866 0.38495575221238937 0.009823182711198428 0.025073746312684365
1 0.5834970530451866 0.45870206489675514 0.009823182711198428 0.025073746312684365
1 0.5579567779960707 0.5752212389380531 0.01669941060903733 0.01327433628318584
1 0.5284872298624754 0.5781710914454278 0.015717092337917484 0.014749262536873156
1 0.4960707269155206 0.5766961651917404 0.01669941060903733 0.01327433628318584
1 0.5707269155206287 0.7123893805309734 0.009823182711198428 0.025073746312684365
1 0.7043222003929273 0.6061946902654868 0.0481335952848723 0.03982300884955752
1 0.8565815324165029 0.5988200589970502 0.014734774066797643 0.03687315634218289
2 0.11198428290766209 0.4498525073746313 0.04420432220039293 0.05604719764011799
2 0.18467583497053044 0.5132743362831859 0.026522593320235755 0.02064896755162242
2 0.5284872298624754 0.08849557522123894 0.025540275049115914 0.022123893805309734
2 0.7485265225933202 0.5206489675516224 0.014734774066797643 0.03687315634218289
2 0.706286836935167 0.5221238938053098 0.014734774066797643 0.038348082595870206
2 0.6660117878192534 0.5206489675516224 0.014734774066797643 0.03687315634218289
2 0.6257367387033399 0.5206489675516224 0.0137524557956778 0.03687315634218289
2 0.6807465618860511 0.696165191740413 0.025540275049115914 0.022123893805309734
0 0.5108055009823183 0.6828908554572272 0.05304518664047151 0.10619469026548672
0 0.48821218074656186 0.43215339233038347 0.14047151277013753 0.21238938053097345
0 0.45579567779960706 0.168141592920354 0.0893909626719057 0.11061946902654868
0 0.8055009823182712 0.584070796460177 0.026522593320235755 0.06342182890855458
4 0.008840864440078585 0.5545722713864307 0.010805500982318271 0.025073746312684365
4 0.022593320235756387 0.5545722713864307 0.010805500982318271 0.02359882005899705
4 0.05697445972495088 0.46755162241887904 0.01669941060903733 0.014749262536873156
4 0.055992141453831044 0.4336283185840708 0.01669941060903733 0.016224188790560472
4 0.1944990176817289 0.556047197640118 0.009823182711198428 0.02654867256637168
4 0.2888015717092338 0.5575221238938053 0.010805500982318271 0.025073746312684365
4 0.3605108055009823 0.4336283185840708 0.01669941060903733 0.014749262536873156
4 0.42337917485265225 0.6032448377581121 0.009823182711198428 0.025073746312684365
4 0.44695481335952847 0.6032448377581121 0.008840864440078585 0.025073746312684365
4 0.46463654223968565 0.6017699115044248 0.008840864440078585 0.02654867256637168
4 0.47838899803536344 0.6032448377581121 0.008840864440078585 0.025073746312684365
4 0.2269155206286837 0.32595870206489674 0.009823182711198428 0.02359882005899705
4 0.3693516699410609 0.3746312684365782 0.01669941060903733 0.016224188790560472
4 0.3693516699410609 0.3333333333333333 0.01669941060903733 0.014749262536873156
4 0.4862475442043222 0.2610619469026549 0.009823182711198428 0.025073746312684365
4 0.5127701375245579 0.2153392330383481 0.010805500982318271 0.025073746312684365
4 0.5422396856581533 0.21091445427728614 0.009823182711198428 0.02654867256637168
4 0.5422396856581533 0.14454277286135694 0.008840864440078585 0.025073746312684365
4 0.4165029469548134 0.08112094395280237 0.01669941060903733 0.01327433628318584
4 0.49214145383104124 0.08259587020648967 0.015717092337917484 0.016224188790560472
4 0.518664047151277 0.04424778761061947 0.009823182711198428 0.025073746312684365
4 0.5422396856581533 0.04424778761061947 0.008840864440078585 0.025073746312684365
4 0.19842829076620824 0.07669616519174041 0.010805500982318271 0.025073746312684365
4 0.2131630648330059 0.07669616519174041 0.010805500982318271 0.025073746312684365
4 0.2819253438113949 0.07669616519174041 0.010805500982318271 0.025073746312684365
4 0.29764243614931235 0.07669616519174041 0.010805500982318271 0.025073746312684365
4 0.2544204322200393 0.07669616519174041 0.010805500982318271 0.025073746312684365
4 0.2681728880157171 0.07669616519174041 0.010805500982318271 0.025073746312684365
4 0.2269155206286837 0.07669616519174041 0.010805500982318271 0.025073746312684365
4 0.2406679764243615 0.07669616519174041 0.010805500982318271 0.025073746312684365
4 0.7033398821218074 0.6519174041297935 0.04616895874263261 0.035398230088495575
4 0.7200392927308448 0.696165191740413 0.01669941060903733 0.014749262536873156