1 0.7450592885375494 0.29673590504451036 0.04841897233201581 0.040059347181008904
1 0.5434782608695652 0.3249258160237389 0.025691699604743084 0.07270029673590504
1 0.508893280632411 0.3249258160237389 0.025691699604743084 0.0712166172106825
1 0.35079051383399207 0.3724035608308605 0.0266798418972332 0.07270029673590504
1 0.25889328063241107 0.3724035608308605 0.025691699604743084 0.07270029673590504
1 0.2885375494071146 0.4065281899109792 0.021739130434782608 0.04747774480712166
1 0.3073122529644269 0.40801186943620177 0.012845849802371542 0.03560830860534125
1 0.32707509881422925 0.4035608308605341 0.01383399209486166 0.03560830860534125
1 0.23122529644268774 0.4391691394658754 0.022727272727272728 0.020771513353115726
1 0.24011857707509882 0.47181008902077154 0.023715415019762844 0.019287833827893175
1 0.24011857707509882 0.5029673590504451 0.023715415019762844 0.020771513353115726
1 0.41304347826086957 0.4658753709198813 0.021739130434782608 0.020771513353115726
1 0.5059288537549407 0.4332344213649852 0.009881422924901186 0.02373887240356083
1 0.42391304347826086 0.5118694362017804 0.02865612648221344 0.02967359050445104
1 0.1373517786561265 0.4465875370919881 0.008893280632411068 0.02225519287833828
1 0.21442687747035574 0.5445103857566765 0.03260869565217391 0.032640949554896145
1 0.21640316205533597 0.5934718100890207 0.04743083003952569 0.040059347181008904
1 0.48616600790513836 0.5741839762611276 0.008893280632411068 0.02225519287833828
1 0.42292490118577075 0.5459940652818991 0.02865612648221344 0.03115727002967359
1 0.3290513833992095 0.6661721068249258 0.012845849802371542 0.03412462908011869
1 0.5434782608695652 0.6706231454005934 0.008893280632411068 0.02373887240356083
1 0.6047430830039525 0.6468842729970327 0.020750988142292492 0.04599406528189911
1 0.6294466403162056 0.6468842729970327 0.020750988142292492 0.04451038575667656
1 0.6650197628458498 0.6943620178041543 0.015810276679841896 0.013353115727002967
1 0.6521739130434783 0.7329376854599406 0.022727272727272728 0.020771513353115726
1 0.7183794466403162 0.6810089020771514 0.045454545454545456 0.03857566765578635
1 0.7697628458498024 0.6973293768545994 0.008893280632411068 0.02373887240356083
1 0.7430830039525692 0.7611275964391692 0.0266798418972332 0.06824925816023739
1 0.6047430830039525 0.8264094955489614 0.046442687747035576 0.03857566765578635
1 0.8468379446640316 0.8605341246290801 0.046442687747035576 0.037091988130563795
1 0.8596837944664032 0.798219584569733 0.015810276679841896 0.013353115727002967
1 0.7697628458498024 0.8041543026706232 0.01383399209486166 0.03412462908011869
1 0.9110671936758893 0.9035608308605341 0.023715415019762844 0.019287833827893175
1 0.9071146245059288 0.9362017804154302 0.009881422924901186 0.025222551928783383
1 0.9387351778656127 0.9777448071216617 0.046442687747035576 0.03857566765578635
1 0.8162055335968379 0.9940652818991098 0.02766798418972332 0.008902077151335312
1 0.8488142292490118 0.9821958456973294 0.016798418972332016 0.01483679525222552
1 0.6620553359683794 0.827893175074184 0.016798418972332016 0.01483679525222552
1 0.4827075098814229 0.9955489614243324 0.016798418972332016 0.005934718100890208
1 0.4397233201581028 0.9480712166172107 0.015810276679841896 0.013353115727002967
1 0.38438735177865613 0.9762611275964391 0.014822134387351778 0.037091988130563795
1 0.366600790513834 0.9747774480712166 0.01383399209486166 0.037091988130563795
2 0.8359683794466403 0.38724035608308605 0.06719367588932806 0.06231454005934718
2 0.8369565217391305 0.3056379821958457 0.06719367588932806 0.06231454005934718
2 0.4199604743083004 0.3724035608308605 0.023715415019762844 0.06973293768545995
2 0.9288537549407114 0.8590504451038575 0.02865612648221344 0.02225519287833828
2 0.046442687747035576 0.5548961424332344 0.045454545454545456 0.05489614243323442
0 0.5345849802371542 0.5281899109792285 0.07312252964426877 0.09347181008902077
0 0.3300395256916996 0.5370919881305638 0.116600790513834 0.17507418397626112
0 0.8162055335968379 0.7522255192878339 0.03260869565217391 0.04747774480712166
0 0.6897233201581028 0.7922848664688428 0.03162055335968379 0.04747774480712166
0 0.8814229249011858 0.9643916913946587 0.03162055335968379 0.04451038575667656
3 0.6837944664031621 0.4688427299703264 0.17984189723320157 0.26706231454005935
3 0.8774703557312253 0.7507418397626113 0.044466403162055336 0.06676557863501484
3 0.674901185770751 0.8768545994065282 0.045454545454545456 0.06973293768545995
4 0.44466403162055335 0.3961424332344214 0.010869565217391304 0.026706231454005934
4 0.4733201581027668 0.47032640949554894 0.008893280632411068 0.02373887240356083
4 0.38537549407114624 0.413946587537092 0.009881422924901186 0.025222551928783383
4 0.3715415019762846 0.413946587537092 0.009881422924901186 0.02373887240356083
4 0.4090909090909091 0.443620178041543 0.016798418972332016 0.01483679525222552
4 0.40019762845849804 0.5801186943620178 0.016798418972332016 0.016320474777448073
4 0.4367588932806324 0.5905044510385756 0.010869565217391304 0.026706231454005934
4 0.4505928853754941 0.5905044510385756 0.010869565217391304 0.026706231454005934
4 0.66600790513834 0.6335311572700296 0.024703557312252964 0.02225519287833828
4 0.7035573122529645 0.6335311572700296 0.016798418972332016 0.016320474777448073
4 0.575098814229249 0.6320474777448071 0.010869565217391304 0.025222551928783383
4 0.5602766798418972 0.6320474777448071 0.010869565217391304 0.026706231454005934
4 0.5434782608695652 0.6305637982195845 0.010869565217391304 0.02373887240356083
4 0.3705533596837945 0.6824925816023739 0.046442687747035576 0.03560830860534125
4 0.1956521739130435 0.655786350148368 0.045454545454545456 0.057863501483679525
4 0.6887351778656127 0.7344213649851632 0.024703557312252964 0.02225519287833828
4 0.7687747035573123 0.7477744807121661 0.01383399209486166 0.037091988130563795
4 0.7895256916996047 0.7700296735905044 0.008893280632411068 0.02373887240356083
4 0.6195652173913043 0.7759643916913946 0.024703557312252964 0.02225519287833828
4 0.6561264822134387 0.7848664688427299 0.016798418972332016 0.01483679525222552
4 0.6561264822134387 0.8056379821958457 0.016798418972332016 0.016320474777448073
4 0.7262845849802372 0.8946587537091988 0.009881422924901186 0.02373887240356083
4 0.7529644268774703 0.8961424332344213 0.009881422924901186 0.025222551928783383
4 0.8586956521739131 0.8219584569732937 0.016798418972332016 0.016320474777448073
4 0.8310276679841897 0.8204747774480712 0.015810276679841896 0.013353115727002967
4 0.8903162055335968 0.798219584569733 0.023715415019762844 0.020771513353115726
4 0.8972332015810277 0.8486646884272997 0.009881422924901186 0.02373887240356083
4 0.8745059288537549 0.9050445103857567 0.023715415019762844 0.020771513353115726
4 0.8438735177865613 0.9465875370919882 0.015810276679841896 0.013353115727002967
4 0.8695652173913043 0.9272997032640949 0.016798418972332016 0.013353115727002967
4 0.8488142292490118 0.9643916913946587 0.015810276679841896 0.013353115727002967
4 0.7924901185770751 0.983679525222552 0.015810276679841896 0.02967359050445104
4 0.7712450592885376 0.9933234421364985 0.010869565217391304 0.010385756676557863
4 0.30138339920948615 0.844213649851632 0.009881422924901186 0.02373887240356083
4 0.26679841897233203 0.844213649851632 0.009881422924901186 0.02373887240356083
4 0.424901185770751 0.983679525222552 0.04743083003952569 0.02967359050445104
4 0.16600790513833993 0.44807121661721067 0.010869565217391304 0.025222551928783383
4 0.15217391304347827 0.44807121661721067 0.010869565217391304 0.02373887240356083
4 0.1007905138339921 0.5385756676557863 0.016798418972332016 0.01483679525222552
4 0.10177865612648221 0.5727002967359051 0.016798418972332016 0.016320474777448073
5 0.44565217391304346 0.655786350148368 0.025691699604743084 0.06379821958456973
5 0.7401185770750988 0.9643916913946587 0.044466403162055336 0.04302670623145401