1 0.3380855397148676 0.5137614678899083 0.024439918533604887 0.022935779816513763
1 0.06517311608961303 0.3516819571865443 0.024439918533604887 0.022935779816513763
1 0.12016293279022404 0.35015290519877673 0.024439918533604887 0.022935779816513763
1 0.860488798370672 0.6253822629969419 0.031568228105906315 0.03363914373088685
1 0.2484725050916497 0.43730886850152906 0.024439918533604887 0.022935779816513763
1 0.48268839103869654 0.39602446483180426 0.024439918533604887 0.022935779816513763
1 0.4816700610997963 0.45565749235474007 0.024439918533604887 0.022935779816513763
1 0.47963340122199594 0.4938837920489297 0.024439918533604887 0.022935779816513763
1 0.48065173116089616 0.5275229357798165 0.024439918533604887 0.022935779816513763
1 0.47963340122199594 0.5611620795107034 0.024439918533604887 0.022935779816513763
1 0.48065173116089616 0.5948012232415902 0.024439918533604887 0.022935779816513763
1 0.2494908350305499 0.6162079510703364 0.024439918533604887 0.022935779816513763
1 0.2484725050916497 0.6574923547400612 0.024439918533604887 0.022935779816513763
1 0.43584521384928715 0.7584097859327217 0.024439918533604887 0.022935779816513763
1 0.7209775967413442 0.6253822629969419 0.031568228105906315 0.03363914373088685
1 0.21181262729124237 0.900611620795107 0.024439918533604887 0.022935779816513763
1 0.4185336048879837 0.8990825688073395 0.024439918533604887 0.022935779816513763
1 0.5519348268839104 0.8990825688073395 0.024439918533604887 0.02599388379204893
4 0.1425661914460285 0.9663608562691132 0.025458248472505093 0.024464831804281346
4 0.15784114052953158 0.8990825688073395 0.025458248472505093 0.02599388379204893
4 0.2953156822810591 0.8975535168195719 0.024439918533604887 0.02599388379204893
4 0.1659877800407332 0.7966360856269113 0.04684317718940937 0.0382262996941896
4 0.2484725050916497 0.7232415902140673 0.024439918533604887 0.022935779816513763
4 0.011710794297352342 0.35091743119266056 0.023421588594704685 0.02599388379204893
4 0.03971486761710794 0.3073394495412844 0.025458248472505093 0.02599388379204893
4 0.12016293279022404 0.3058103975535168 0.024439918533604887 0.024464831804281346
4 0.12118126272912423 0.26452599388379205 0.024439918533604887 0.024464831804281346
4 0.33706720977596744 0.7110091743119266 0.025458248472505093 0.024464831804281346
4 0.38085539714867617 0.3256880733944954 0.024439918533604887 0.024464831804281346
4 0.42973523421588594 0.39755351681957185 0.031568228105906315 0.03363914373088685
4 0.3971486761710794 0.6773700305810397 0.031568228105906315 0.03363914373088685
4 0.5488798370672098 0.3944954128440367 0.031568228105906315 0.03363914373088685
4 0.5692464358452138 0.7599388379204893 0.031568228105906315 0.03363914373088685
4 0.4959266802443992 0.7584097859327217 0.031568228105906315 0.03363914373088685
4 0.5661914460285132 0.47553516819571867 0.032586558044806514 0.035168195718654434
4 0.3411405295315682 0.5856269113149847 0.031568228105906315 0.03363914373088685
4 0.2494908350305499 0.4709480122324159 0.024439918533604887 0.024464831804281346
4 0.33706720977596744 0.5474006116207951 0.024439918533604887 0.024464831804281346
4 0.5661914460285132 0.5672782874617737 0.032586558044806514 0.03363914373088685
4 0.5661914460285132 0.6605504587155964 0.031568228105906315 0.035168195718654434
4 0.5661914460285132 0.6162079510703364 0.031568228105906315 0.035168195718654434
4 0.860488798370672 0.7339449541284404 0.032586558044806514 0.03363914373088685
4 0.7209775967413442 0.7308868501529052 0.032586558044806514 0.03363914373088685
4 0.37067209775967414 0.7660550458715596 0.031568228105906315 0.03363914373088685
4 0.45519348268839105 0.8318042813455657 0.025458248472505093 0.022935779816513763
4 0.34623217922606925 0.8975535168195719 0.025458248472505093 0.027522935779816515
4 0.47963340122199594 0.8853211009174312 0.025458248472505093 0.02599388379204893
4 0.5529531568228105 0.9785932721712538 0.025458248472505093 0.02599388379204893
4 0.5855397148676171 0.8394495412844036 0.025458248472505093 0.024464831804281346
4 0.8625254582484725 0.8853211009174312 0.032586558044806514 0.03058103975535168
4 0.7189409368635438 0.882262996941896 0.032586558044806514 0.03058103975535168
4 0.7189409368635438 0.9434250764525994 0.032586558044806514 0.03058103975535168
4 0.7209775967413442 0.9923547400611621 0.034623217922606926 0.012232415902140673
4 0.8635437881873728 0.9915902140672783 0.034623217922606926 0.013761467889908258
4 0.8625254582484725 0.9418960244648318 0.032586558044806514 0.03058103975535168
0 0.059063136456211814 0.8570336391437309 0.11812627291242363 0.09938837920489296
0 0.10641547861507128 0.5573394495412844 0.21283095723014256 0.16972477064220184