1 0.4772256728778468 0.32087227414330216 0.09834368530020704 0.09813084112149532
1 0.39492753623188404 0.940809968847352 0.048654244306418216 0.11526479750778816
3 0.5921325051759835 0.32087227414330216 0.046583850931677016 0.037383177570093455
1 0.2122153209109731 0.4158878504672897 0.062111801242236024 0.1542056074766355
2 0.11283643892339544 0.5420560747663551 0.023809523809523808 0.06853582554517133
2 0.11387163561076605 0.2881619937694704 0.023809523809523808 0.06853582554517133
2 0.11283643892339544 0.4143302180685358 0.023809523809523808 0.06853582554517133
4 0.5714285714285714 0.4221183800623053 0.020703933747412008 0.045171339563862926
4 0.5351966873706004 0.4221183800623053 0.019668737060041408 0.045171339563862926
4 0.5031055900621118 0.4205607476635514 0.020703933747412008 0.04361370716510903
4 0.32919254658385094 0.3956386292834891 0.023809523809523808 0.021806853582554516
4 0.7691511387163561 0.26791277258566976 0.047619047619047616 0.03894080996884735
0 0.2582815734989648 0.1308411214953271 0.12732919254658384 0.2585669781931464
0 0.6847826086956522 0.794392523364486 0.39233954451345754 0.40809968847352024
0 0.35507246376811596 0.5109034267912772 0.06832298136645963 0.14174454828660435