1 0.7541666666666667 0.9294670846394985 0.025 0.023510971786833857
1 0.634375 0.9467084639498433 0.023958333333333335 0.023510971786833857
1 0.5145833333333333 0.945141065830721 0.025 0.023510971786833857
1 0.7541666666666667 0.7962382445141066 0.025 0.023510971786833857
1 0.5979166666666667 0.7570532915360502 0.025 0.0219435736677116
1 0.5427083333333333 0.7586206896551724 0.026041666666666668 0.0219435736677116
1 0.5979166666666667 0.7241379310344828 0.025 0.0219435736677116
1 0.5427083333333333 0.725705329153605 0.026041666666666668 0.0219435736677116
1 0.596875 0.6598746081504702 0.025 0.0219435736677116
1 0.54375 0.658307210031348 0.026041666666666668 0.0219435736677116
1 0.596875 0.6238244514106583 0.025 0.0219435736677116
1 0.54375 0.6238244514106583 0.026041666666666668 0.0219435736677116
1 0.7145833333333333 0.43103448275862066 0.023958333333333335 0.023510971786833857
1 0.7520833333333333 0.3620689655172414 0.027083333333333334 0.02664576802507837
1 0.8791666666666667 0.28056426332288403 0.025 0.023510971786833857
4 0.9447916666666667 0.8730407523510971 0.03229166666666667 0.03605015673981191
4 0.5697916666666667 0.3793103448275862 0.051041666666666666 0.04075235109717868
4 0.6354166666666666 0.38087774294670845 0.051041666666666666 0.04075235109717868
4 0.4739583333333333 0.43103448275862066 0.026041666666666668 0.02664576802507837
4 0.3333333333333333 0.6786833855799373 0.026041666666666668 0.02664576802507837
4 0.3333333333333333 0.6238244514106583 0.026041666666666668 0.02664576802507837
4 0.753125 0.49686520376175547 0.027083333333333334 0.025078369905956112
4 0.7520833333333333 0.5642633228840125 0.027083333333333334 0.02664576802507837
4 0.753125 0.6912225705329154 0.026041666666666668 0.02664576802507837
4 0.596875 0.6912225705329154 0.027083333333333334 0.023510971786833857
4 0.54375 0.6912225705329154 0.027083333333333334 0.02664576802507837