1 0.2777777777777778 0.0110062893081761 0.029350104821802937 0.0220125786163522
1 0.6687631027253669 0.17138364779874213 0.02830188679245283 0.02358490566037736
1 0.5283018867924528 0.2028301886792453 0.02830188679245283 0.02358490566037736
1 0.44758909853249473 0.2971698113207547 0.02830188679245283 0.02358490566037736
1 0.27672955974842767 0.3018867924528302 0.02830188679245283 0.02358490566037736
1 0.48427672955974843 0.789308176100629 0.02830188679245283 0.02358490566037736
1 0.3270440251572327 0.012578616352201259 0.02830188679245283 0.02358490566037736
1 0.20754716981132076 0.01179245283018868 0.029350104821802937 0.02358490566037736
1 0.10062893081761007 0.01179245283018868 0.029350104821802937 0.02358490566037736
1 0.018867924528301886 0.41823899371069184 0.02830188679245283 0.02358490566037736
1 0.4937106918238994 0.46226415094339623 0.025157232704402517 0.02358490566037736
1 0.09119496855345911 0.5880503144654088 0.02830188679245283 0.02358490566037736
1 0.09538784067085954 0.6650943396226415 0.02830188679245283 0.02358490566037736
1 0.014150943396226415 0.8380503144654088 0.02620545073375262 0.025157232704402517
1 0.014150943396226415 0.9292452830188679 0.02620545073375262 0.025157232704402517
1 0.01310272536687631 0.9732704402515723 0.02410901467505241 0.025157232704402517
1 0.48427672955974843 0.8977987421383647 0.02830188679245283 0.02358490566037736
4 0.5566037735849056 0.4606918238993711 0.025157232704402517 0.025157232704402517
4 0.03249475890985325 0.07075471698113207 0.025157232704402517 0.025157232704402517
4 0.5293501048218029 0.28459119496855345 0.025157232704402517 0.025157232704402517
4 0.5922431865828093 0.3270440251572327 0.025157232704402517 0.025157232704402517
4 0.44863731656184486 0.33962264150943394 0.025157232704402517 0.025157232704402517
4 0.44758909853249473 0.4088050314465409 0.025157232704402517 0.025157232704402517
4 0.5932914046121593 0.40723270440251574 0.025157232704402517 0.025157232704402517
4 0.5943396226415094 0.36792452830188677 0.025157232704402517 0.025157232704402517
4 0.5932914046121593 0.24528301886792453 0.025157232704402517 0.025157232704402517
4 0.20335429769392033 0.12264150943396226 0.025157232704402517 0.025157232704402517
4 0.15513626834381553 0.012578616352201259 0.025157232704402517 0.025157232704402517
4 0.20545073375262055 0.18867924528301888 0.027253668763102725 0.026729559748427674
4 0.018867924528301886 0.5440251572327044 0.025157232704402517 0.02358490566037736
4 0.1310272536687631 0.18867924528301888 0.025157232704402517 0.02358490566037736
4 0.1310272536687631 0.2468553459119497 0.025157232704402517 0.02358490566037736
4 0.13522012578616352 0.3522012578616352 0.025157232704402517 0.02358490566037736
4 0.20230607966457023 0.3522012578616352 0.025157232704402517 0.02358490566037736
4 0.018867924528301886 0.46226415094339623 0.025157232704402517 0.02358490566037736
4 0.01781970649895178 0.5031446540880503 0.025157232704402517 0.02358490566037736
4 0.48427672955974843 0.6446540880503144 0.027253668763102725 0.0770440251572327
4 0.4832285115303983 0.7374213836477987 0.027253668763102725 0.07861635220125786
4 0.4832285115303983 0.8490566037735849 0.027253668763102725 0.07861635220125786
4 0.48427672955974843 0.9544025157232704 0.027253668763102725 0.07861635220125786
4 0.3710691823899371 0.6540880503144654 0.025157232704402517 0.025157232704402517
4 0.01310272536687631 0.789308176100629 0.02410901467505241 0.025157232704402517
0 0.20649895178197064 0.6053459119496856 0.1310272536687631 0.0880503144654088
0 0.23375262054507337 0.8726415094339622 0.15513626834381553 0.25157232704402516