1 0.7691511387163561 0.8753894080996885 0.014492753623188406 0.03582554517133956
1 0.6086956521739131 0.9626168224299065 0.023809523809523808 0.021806853582554516
1 0.6086956521739131 0.9236760124610592 0.024844720496894408 0.021806853582554516
1 0.6066252587991718 0.8473520249221184 0.026915113871635612 0.021806853582554516
1 0.7298136645962733 0.7772585669781932 0.024844720496894408 0.020249221183800622
1 0.2401656314699793 0.5919003115264797 0.018633540372670808 0.04361370716510903
3 0.717391304347826 0.1806853582554517 0.015527950310559006 0.037383177570093455
1 0.37267080745341613 0.3442367601246106 0.10455486542443064 0.09657320872274143
0 0.34057971014492755 0.4766355140186916 0.055900621118012424 0.10903426791277258
2 0.2536231884057971 0.4672897196261682 0.025879917184265012 0.08255451713395638
2 0.35196687370600416 0.6542056074766355 0.043478260869565216 0.11370716510903427
3 0.2536231884057971 0.7102803738317757 0.08695652173913043 0.13862928348909656
1 0.8209109730848861 0.7616822429906542 0.07867494824016563 0.07476635514018691
2 0.7391304347826086 0.6090342679127726 0.037267080745341616 0.10747663551401869
2 0.7971014492753623 0.6105919003115264 0.040372670807453416 0.11370716510903427
0 0.6987577639751553 0.9096573208722741 0.054865424430641824 0.10903426791277258
4 0.6086956521739131 0.881619937694704 0.023809523809523808 0.021806853582554516
4 0.7287784679089027 0.8115264797507789 0.024844720496894408 0.02336448598130841
4 0.22153209109730848 0.7959501557632399 0.022774327122153208 0.02336448598130841
0 0.005175983436853002 0.5965732087227414 0.008281573498964804 0.4236760124610592
0 0.13250517598343686 0.661993769470405 0.059006211180124224 0.2102803738317757
0 0.2163561076604555 0.09735202492211838 0.34782608695652173 0.19158878504672897
0 0.5196687370600414 0.9112149532710281 0.056935817805383024 0.1059190031152648