1 0.9582484725050916 0.9694189602446484 0.0274949083503055 0.022935779816513763
1 0.9592668024439919 0.9388379204892966 0.0274949083503055 0.022935779816513763
1 0.9175152749490835 0.8440366972477065 0.0274949083503055 0.022935779816513763
1 0.8716904276985743 0.8425076452599388 0.0274949083503055 0.022935779816513763
1 0.7118126272912424 0.8440366972477065 0.0274949083503055 0.022935779816513763
1 0.6588594704684317 0.8425076452599388 0.0274949083503055 0.022935779816513763
1 0.5 0.9403669724770642 0.0274949083503055 0.022935779816513763
1 0.5005091649694501 0.9900611620795107 0.029531568228105907 0.016819571865443424
1 0.6741344195519349 0.599388379204893 0.04684317718940937 0.0382262996941896
1 0.8828920570264766 0.6880733944954128 0.024439918533604887 0.022935779816513763
1 0.9877800407331976 0.617737003058104 0.02240325865580448 0.024464831804281346
1 0.9867617107942973 0.42660550458715596 0.024439918533604887 0.022935779816513763
1 0.560081466395112 0.5198776758409785 0.04684317718940937 0.0382262996941896
1 0.6731160896130346 0.5198776758409785 0.04684317718940937 0.0382262996941896
1 0.5509164969450102 0.2706422018348624 0.03054989816700611 0.03058103975535168
1 0.7657841140529531 0.573394495412844 0.03054989816700611 0.03058103975535168
1 0.90020366598778 0.3746177370030581 0.04786150712830957 0.05963302752293578
1 0.19653767820773932 0.2706422018348624 0.024439918533604887 0.022935779816513763
4 0.5 0.47553516819571867 0.026476578411405296 0.0764525993883792
4 0.5010183299389002 0.8853211009174312 0.026476578411405296 0.0764525993883792
4 0.5010183299389002 0.7920489296636085 0.026476578411405296 0.0764525993883792
4 0.5 0.654434250764526 0.026476578411405296 0.0764525993883792
4 0.4989816700610998 0.5688073394495413 0.026476578411405296 0.0764525993883792
4 0.8228105906313645 0.8440366972477065 0.024439918533604887 0.024464831804281346
4 0.7729124236252546 0.8425076452599388 0.025458248472505093 0.02599388379204893
4 0.4989816700610998 0.7125382262996942 0.024439918533604887 0.022935779816513763
4 0.5 0.9678899082568807 0.023421588594704685 0.022935779816513763
4 0.4979633401221996 0.7400611620795107 0.024439918533604887 0.022935779816513763
4 0.9877800407331976 0.6704892966360856 0.02240325865580448 0.02599388379204893
4 0.9786150712830958 0.8058103975535168 0.024439918533604887 0.024464831804281346
4 0.5274949083503055 0.3547400611620795 0.026476578411405296 0.02599388379204893
4 0.5285132382892057 0.31345565749235477 0.025458248472505093 0.02599388379204893
4 0.9032586558044806 0.463302752293578 0.025458248472505093 0.024464831804281346
4 0.8380855397148677 0.27217125382262997 0.025458248472505093 0.024464831804281346
4 0.8370672097759674 0.41896024464831805 0.025458248472505093 0.024464831804281346
4 0.8370672097759674 0.4602446483180428 0.025458248472505093 0.024464831804281346
4 0.90020366598778 0.3256880733944954 0.031568228105906315 0.03363914373088685
4 0.90020366598778 0.2706422018348624 0.026476578411405296 0.02599388379204893
0 0.7438900203665988 0.9510703363914373 0.15173116089613034 0.09480122324159021