1 0.2646484375 0.8372434017595308 0.013671875 0.03372434017595308
1 0.416015625 0.9193548387096774 0.0224609375 0.020527859237536656
1 0.416015625 0.8826979472140762 0.0234375 0.020527859237536656
1 0.41796875 0.8108504398826979 0.025390625 0.020527859237536656
1 0.3017578125 0.7448680351906158 0.0234375 0.01906158357771261
1 0.763671875 0.5703812316715543 0.017578125 0.04105571847507331
3 0.3134765625 0.18328445747800587 0.0146484375 0.03519061583577713
1 0.638671875 0.33724340175953077 0.0986328125 0.09090909090909091
0 0.6689453125 0.46187683284457476 0.052734375 0.10263929618768329
2 0.7509765625 0.4530791788856305 0.0244140625 0.07771260997067449
2 0.658203125 0.6290322580645161 0.041015625 0.10703812316715543
3 0.7509765625 0.6818181818181818 0.08203125 0.13049853372434017
1 0.2158203125 0.7302052785923754 0.07421875 0.07038123167155426
2 0.29296875 0.5865102639296188 0.03515625 0.10117302052785923
2 0.23828125 0.5879765395894428 0.0380859375 0.10703812316715543
0 0.3310546875 0.8695014662756598 0.0517578125 0.10263929618768329
4 0.416015625 0.843108504398827 0.0224609375 0.020527859237536656
4 0.302734375 0.7771260997067448 0.0234375 0.021994134897360705
4 0.78125 0.7624633431085044 0.021484375 0.021994134897360705
0 0.990234375 0.5755131964809385 0.017578125 0.3973607038123167
0 0.865234375 0.6363636363636364 0.0556640625 0.19794721407624633
0 0.78564453125 0.09824046920821114 0.3271484375 0.1935483870967742
0 0.5 0.8709677419354839 0.0537109375 0.09970674486803519