1 0.18991416309012876 0.3596774193548387 0.02575107296137339 0.02258064516129032
1 0.628755364806867 0.46774193548387094 0.02682403433476395 0.024193548387096774
1 0.6952789699570815 0.4096774193548387 0.02575107296137339 0.024193548387096774
1 0.8122317596566524 0.2903225806451613 0.02467811158798283 0.02258064516129032
1 0.8476394849785408 0.45645161290322583 0.02575107296137339 0.024193548387096774
1 0.7510729613733905 0.4112903225806452 0.02575107296137339 0.02258064516129032
1 0.6319742489270386 0.5774193548387097 0.027896995708154508 0.024193548387096774
1 0.8487124463519313 0.5806451612903226 0.02575107296137339 0.024193548387096774
1 0.8487124463519313 0.6709677419354839 0.02575107296137339 0.024193548387096774
1 0.6630901287553648 0.7693548387096775 0.02682403433476395 0.024193548387096774
1 0.871244635193133 0.75 0.02575107296137339 0.02258064516129032
1 0.8894849785407726 0.8064516129032258 0.02682403433476395 0.02258064516129032
1 0.6695278969957081 0.885483870967742 0.02682403433476395 0.025806451612903226
1 0.8862660944206009 0.8903225806451613 0.02575107296137339 0.024193548387096774
4 0.6566523605150214 0.2870967741935484 0.02682403433476395 0.025806451612903226
4 0.6555793991416309 0.3435483870967742 0.02682403433476395 0.025806451612903226
4 0.7392703862660944 0.2887096774193548 0.02682403433476395 0.025806451612903226
4 0.740343347639485 0.3403225806451613 0.02682403433476395 0.025806451612903226
4 0.8476394849785408 0.3629032258064516 0.02682403433476395 0.025806451612903226
4 0.8497854077253219 0.4967741935483871 0.02682403433476395 0.025806451612903226
4 0.7682403433476395 0.4870967741935484 0.02682403433476395 0.025806451612903226
4 0.47746781115879827 0.567741935483871 0.028969957081545063 0.07903225806451612
4 0.47746781115879827 0.682258064516129 0.028969957081545063 0.07903225806451612
4 0.6083690987124464 0.8903225806451613 0.027896995708154508 0.027419354838709678
4 0.48068669527896996 0.75 0.027896995708154508 0.027419354838709678
4 0.47532188841201717 0.9806451612903225 0.027896995708154508 0.025806451612903226
4 0.48068669527896996 0.7870967741935484 0.027896995708154508 0.025806451612903226
4 0.7682403433476395 0.5693548387096774 0.02682403433476395 0.025806451612903226
4 0.47746781115879827 0.8870967741935484 0.028969957081545063 0.07903225806451612
0 0.7317596566523605 0.9919354838709677 0.15450643776824036 0.012903225806451613
0 0.7650214592274678 0.8193548387096774 0.13626609442060086 0.09032258064516129