1 0.5826180257510729 0.043548387096774194 0.02682403433476395 0.024193548387096774
1 0.9581545064377682 0.08064516129032258 0.02682403433476395 0.024193548387096774
1 0.9592274678111588 0.19032258064516128 0.02575107296137339 0.02258064516129032
1 0.47532188841201717 0.2838709677419355 0.02575107296137339 0.025806451612903226
1 0.6351931330472103 0.3709677419354839 0.02575107296137339 0.024193548387096774
1 0.6856223175965666 0.36935483870967745 0.02467811158798283 0.024193548387096774
1 0.7585836909871244 0.36935483870967745 0.02575107296137339 0.024193548387096774
1 0.8680257510729614 0.36935483870967745 0.027896995708154508 0.024193548387096774
1 0.9581545064377682 0.25806451612903225 0.02575107296137339 0.024193548387096774
1 0.2843347639484979 0.532258064516129 0.02682403433476395 0.024193548387096774
1 0.4270386266094421 0.5645161290322581 0.02575107296137339 0.024193548387096774
1 0.5107296137339056 0.6612903225806451 0.02575107296137339 0.024193548387096774
1 0.6866952789699571 0.6693548387096774 0.02575107296137339 0.02258064516129032
1 0.9506437768240343 0.7919354838709678 0.02575107296137339 0.024193548387096774
1 0.4624463519313305 0.8306451612903226 0.02575107296137339 0.024193548387096774
1 0.8766094420600858 0.964516129032258 0.02682403433476395 0.024193548387096774
4 0.47532188841201717 0.14193548387096774 0.028969957081545063 0.07903225806451612
4 0.47532188841201717 0.0467741935483871 0.028969957081545063 0.07903225806451612
4 0.47532188841201717 0.2064516129032258 0.02682403433476395 0.024193548387096774
4 0.7607296137339056 0.5516129032258065 0.02682403433476395 0.024193548387096774
4 0.7607296137339056 0.4854838709677419 0.02575107296137339 0.025806451612903226
4 0.9227467811158798 0.3161290322580645 0.02575107296137339 0.025806451612903226
4 0.8122317596566524 0.3709677419354839 0.02575107296137339 0.025806451612903226
4 0.9377682403433476 0.432258064516129 0.02575107296137339 0.025806451612903226
4 0.9592274678111588 0.1338709677419355 0.02682403433476395 0.024193548387096774
4 0.9506437768240343 0.9193548387096774 0.027896995708154508 0.025806451612903226
4 0.8347639484978541 0.5532258064516129 0.027896995708154508 0.025806451612903226
4 0.4270386266094421 0.646774193548387 0.02682403433476395 0.025806451612903226
4 0.3626609442060086 0.6064516129032258 0.02682403433476395 0.025806451612903226
4 0.5107296137339056 0.7758064516129032 0.02682403433476395 0.025806451612903226
4 0.3626609442060086 0.6903225806451613 0.02682403433476395 0.025806451612903226
4 0.3605150214592275 0.7322580645161291 0.02682403433476395 0.025806451612903226
4 0.361587982832618 0.7741935483870968 0.02682403433476395 0.025806451612903226
4 0.5107296137339056 0.7032258064516129 0.02682403433476395 0.025806451612903226
4 0.39914163090128757 0.8306451612903226 0.028969957081545063 0.027419354838709678
4 0.8358369098712446 0.6112903225806452 0.027896995708154508 0.025806451612903226
4 0.8304721030042919 0.7225806451612903 0.027896995708154508 0.025806451612903226
4 0.7639484978540773 0.7225806451612903 0.027896995708154508 0.025806451612903226
4 0.9506437768240343 0.8370967741935483 0.027896995708154508 0.025806451612903226
4 0.9517167381974249 0.8774193548387097 0.027896995708154508 0.025806451612903226
0 0.7585836909871244 0.967741935483871 0.13733905579399142 0.06129032258064516
0 0.7317596566523605 0.15403225806451612 0.15450643776824036 0.30806451612903224