1 0.16416309012875535 0.8951612903225806 0.027896995708154508 0.024193548387096774
1 0.21888412017167383 0.8951612903225806 0.02575107296137339 0.02258064516129032
1 0.3315450643776824 0.8983870967741936 0.02682403433476395 0.024193548387096774
1 0.463519313304721 0.8983870967741936 0.02575107296137339 0.024193548387096774
1 0.5305793991416309 0.9903225806451613 0.02682403433476395 0.016129032258064516
1 0.7070815450643777 0.8548387096774194 0.02682403433476395 0.024193548387096774
1 0.10622317596566523 0.4 0.02575107296137339 0.024193548387096774
1 0.1984978540772532 0.3629032258064516 0.02575107296137339 0.02258064516129032
1 0.30257510729613735 0.34516129032258064 0.02575107296137339 0.024193548387096774
1 0.45493562231759654 0.36612903225806454 0.02682403433476395 0.024193548387096774
1 0.453862660944206 0.33225806451612905 0.02575107296137339 0.024193548387096774
1 0.45493562231759654 0.2967741935483871 0.02575107296137339 0.024193548387096774
1 0.45493562231759654 0.2629032258064516 0.02575107296137339 0.024193548387096774
1 0.45493562231759654 0.22903225806451613 0.02575107296137339 0.024193548387096774
1 0.7070815450643777 0.34516129032258064 0.032188841201716736 0.035483870967741936
1 0.8540772532188842 0.3467741935483871 0.033261802575107295 0.03387096774193549
1 0.20064377682403434 0.22903225806451613 0.02575107296137339 0.025806451612903226
1 0.40879828326180256 0.08387096774193549 0.02682403433476395 0.025806451612903226
1 0.2017167381974249 0.10483870967741936 0.02575107296137339 0.02258064516129032
1 0.05472103004291846 0.05967741935483871 0.02575107296137339 0.02258064516129032
4 0.11802575107296137 0.06290322580645161 0.05257510729613734 0.041935483870967745
4 0.048283261802575105 0.4064516129032258 0.05257510729613734 0.041935483870967745
4 0.4699570815450644 0.08387096774193549 0.033261802575107295 0.035483870967741936
4 0.5482832618025751 0.08387096774193549 0.033261802575107295 0.035483870967741936
4 0.33798283261802575 0.07741935483870968 0.033261802575107295 0.035483870967741936
4 0.37553648068669526 0.14677419354838708 0.033261802575107295 0.035483870967741936
4 0.30472103004291845 0.14516129032258066 0.02682403433476395 0.027419354838709678
4 0.30686695278969955 0.2725806451612903 0.03540772532188841 0.035483870967741936
4 0.30364806866952787 0.19516129032258064 0.02682403433476395 0.027419354838709678
4 0.19313304721030042 0.17580645161290323 0.03540772532188841 0.035483870967741936
4 0.5429184549356223 0.18548387096774194 0.033261802575107295 0.035483870967741936
4 0.5439914163090128 0.23709677419354838 0.03540772532188841 0.03870967741935484
4 0.5439914163090128 0.2870967741935484 0.033261802575107295 0.035483870967741936
4 0.5429184549356223 0.38387096774193546 0.034334763948497854 0.037096774193548385
4 0.5257510729613734 0.4693548387096774 0.034334763948497854 0.035483870967741936
4 0.3583690987124464 0.4661290322580645 0.033261802575107295 0.037096774193548385
4 0.30364806866952787 0.31290322580645163 0.02682403433476395 0.025806451612903226
3 0.5826180257510729 0.6096774193548387 0.04935622317596566 0.041935483870967745
4 0.5300429184549357 0.9580645161290322 0.027896995708154508 0.025806451612903226
4 0.5300429184549357 0.9241935483870968 0.027896995708154508 0.025806451612903226
4 0.6502145922746781 0.8548387096774194 0.028969957081545063 0.027419354838709678
4 0.3830472103004292 0.8983870967741936 0.027896995708154508 0.027419354838709678
4 0.33261802575107297 0.9725806451612903 0.02682403433476395 0.025806451612903226
4 0.3873390557939914 0.9725806451612903 0.027896995708154508 0.025806451612903226
4 0.8379828326180258 0.5741935483870968 0.03540772532188841 0.035483870967741936
4 0.8379828326180258 0.6274193548387097 0.03540772532188841 0.035483870967741936
4 0.8358369098712446 0.8016129032258065 0.03540772532188841 0.035483870967741936
4 0.8358369098712446 0.8564516129032258 0.03540772532188841 0.035483870967741936
4 0.8390557939914163 0.6870967741935484 0.03540772532188841 0.035483870967741936
4 0.8369098712446352 0.7451612903225806 0.03540772532188841 0.035483870967741936
4 0.8540772532188842 0.23548387096774193 0.033261802575107295 0.03387096774193549
4 0.7060085836909872 0.23709677419354838 0.033261802575107295 0.03387096774193549
4 0.7060085836909872 0.07903225806451612 0.033261802575107295 0.037096774193548385
4 0.8562231759656652 0.07741935483870968 0.033261802575107295 0.03870967741935484
4 0.7070815450643777 0.016935483870967744 0.034334763948497854 0.03387096774193549
4 0.8562231759656652 0.018548387096774192 0.034334763948497854 0.037096774193548385