1 0.5836864406779662 0.6847133757961783 0.10063559322033898 0.10031847133757962
1 0.6684322033898306 0.05493630573248408 0.048728813559322036 0.10987261146496816
3 0.4661016949152542 0.6847133757961783 0.04766949152542373 0.03821656050955414
1 0.8548728813559322 0.5875796178343949 0.0635593220338983 0.15764331210191082
2 0.9565677966101694 0.4585987261146497 0.024364406779661018 0.07006369426751592
2 0.9555084745762712 0.7181528662420382 0.024364406779661018 0.07006369426751592
2 0.9565677966101694 0.589171974522293 0.024364406779661018 0.07006369426751592
4 0.036016949152542374 0.2786624203821656 0.024364406779661018 0.07643312101910828
4 0.037076271186440676 0.0875796178343949 0.025423728813559324 0.0732484076433121
4 0.4872881355932203 0.5812101910828026 0.0211864406779661 0.04617834394904458
4 0.524364406779661 0.5812101910828026 0.020127118644067795 0.04617834394904458
4 0.5572033898305084 0.5828025477707006 0.0211864406779661 0.044585987261146494
4 0.7351694915254238 0.60828025477707 0.024364406779661018 0.022292993630573247
4 0.2849576271186441 0.7388535031847133 0.048728813559322036 0.03980891719745223
0 0.8077330508474576 0.8726114649681529 0.13029661016949154 0.2515923566878981
0 0.00847457627118644 0.43471337579617836 0.01694915254237288 0.1592356687898089
0 0.3718220338983051 0.20461783439490447 0.4004237288135593 0.40923566878980894
0 0.7086864406779662 0.49044585987261147 0.06991525423728813 0.1449044585987261