1 0.5804123711340207 0.04024767801857585 0.02577319587628866 0.02321981424148607
1 0.9412371134020618 0.07585139318885449 0.02577319587628866 0.02321981424148607
1 0.9422680412371134 0.18111455108359134 0.024742268041237112 0.021671826625386997
1 0.477319587628866 0.2708978328173375 0.024742268041237112 0.02476780185758514
1 0.6309278350515464 0.3544891640866873 0.024742268041237112 0.02321981424148607
1 0.6793814432989691 0.35294117647058826 0.023711340206185566 0.02321981424148607
1 0.7494845360824742 0.35294117647058826 0.024742268041237112 0.02321981424148607
1 0.8546391752577319 0.35294117647058826 0.026804123711340205 0.02321981424148607
1 0.9412371134020618 0.24613003095975233 0.024742268041237112 0.02321981424148607
1 0.29381443298969073 0.5092879256965944 0.02577319587628866 0.02321981424148607
1 0.4309278350515464 0.5402476780185759 0.024742268041237112 0.02321981424148607
1 0.511340206185567 0.6331269349845201 0.024742268041237112 0.02321981424148607
1 0.6804123711340206 0.6408668730650154 0.024742268041237112 0.021671826625386997
1 0.934020618556701 0.7585139318885449 0.024742268041237112 0.02321981424148607
1 0.46494845360824744 0.7956656346749226 0.024742268041237112 0.02321981424148607
1 0.8628865979381444 0.9241486068111455 0.02577319587628866 0.02321981424148607
4 0.477319587628866 0.1346749226006192 0.027835051546391754 0.07585139318885449
4 0.477319587628866 0.043343653250773995 0.027835051546391754 0.07585139318885449
4 0.477319587628866 0.19659442724458204 0.02577319587628866 0.02321981424148607
4 0.7515463917525773 0.5278637770897833 0.02577319587628866 0.02321981424148607
4 0.7515463917525773 0.46439628482972134 0.024742268041237112 0.02476780185758514
4 0.9072164948453608 0.3018575851393189 0.024742268041237112 0.02476780185758514
4 0.8010309278350516 0.3544891640866873 0.024742268041237112 0.02476780185758514
4 0.9216494845360824 0.413312693498452 0.024742268041237112 0.02476780185758514
4 0.9422680412371134 0.12693498452012383 0.02577319587628866 0.02321981424148607
4 0.934020618556701 0.8808049535603715 0.026804123711340205 0.02476780185758514
4 0.822680412371134 0.5294117647058824 0.026804123711340205 0.02476780185758514
4 0.4309278350515464 0.6191950464396285 0.02577319587628866 0.02476780185758514
4 0.36907216494845363 0.5804953560371517 0.02577319587628866 0.02476780185758514
4 0.511340206185567 0.7430340557275542 0.02577319587628866 0.02476780185758514
4 0.36907216494845363 0.6609907120743034 0.02577319587628866 0.02476780185758514
4 0.3670103092783505 0.7012383900928792 0.02577319587628866 0.02476780185758514
4 0.3680412371134021 0.7414860681114551 0.02577319587628866 0.02476780185758514
4 0.511340206185567 0.673374613003096 0.02577319587628866 0.02476780185758514
4 0.4041237113402062 0.7956656346749226 0.027835051546391754 0.02631578947368421
4 0.5865979381443299 0.9860681114551083 0.026804123711340205 0.02476780185758514
4 0.8237113402061855 0.5851393188854489 0.026804123711340205 0.02476780185758514
4 0.8185567010309278 0.6919504643962848 0.026804123711340205 0.02476780185758514
4 0.7546391752577319 0.6919504643962848 0.026804123711340205 0.02476780185758514
4 0.934020618556701 0.8018575851393189 0.026804123711340205 0.02476780185758514
4 0.9350515463917526 0.8405572755417957 0.026804123711340205 0.02476780185758514
0 0.7494845360824742 0.9411764705882353 0.1309278350515464 0.08668730650154799
0 0.7237113402061855 0.14705882352941177 0.14845360824742268 0.29411764705882354