1 0.5509164969450102 0.1926605504587156 0.024439918533604887 0.022935779816513763
1 0.14052953156822812 0.04434250764525994 0.024439918533604887 0.022935779816513763
1 0.1415478615071283 0.16666666666666666 0.025458248472505093 0.021406727828746176
1 0.21283095723014256 0.0581039755351682 0.024439918533604887 0.022935779816513763
1 0.21384928716904278 0.12691131498470948 0.024439918533604887 0.022935779816513763
1 0.1395112016293279 0.12232415902140673 0.024439918533604887 0.022935779816513763
1 0.5529531568228105 0.04281345565749235 0.024439918533604887 0.022935779816513763
1 0.6486761710794298 0.07033639143730887 0.024439918533604887 0.022935779816513763
1 0.5519348268839104 0.14831804281345565 0.024439918533604887 0.022935779816513763
1 0.7179226069246436 0.5259938837920489 0.02240325865580448 0.022935779816513763
1 0.009674134419551934 0.35015290519877673 0.019348268839103868 0.024464831804281346
1 0.05295315682281059 0.28440366972477066 0.02240325865580448 0.022935779816513763
1 0.14052953156822812 0.28440366972477066 0.02240325865580448 0.022935779816513763
1 0.21181262729124237 0.3119266055045872 0.02240325865580448 0.022935779816513763
1 0.20468431771894094 0.4831804281345566 0.024439918533604887 0.021406727828746176
1 0.21181262729124237 0.3516819571865443 0.02240325865580448 0.022935779816513763
1 0.25661914460285135 0.4831804281345566 0.02240325865580448 0.022935779816513763
1 0.3635437881873727 0.4831804281345566 0.02240325865580448 0.022935779816513763
1 0.48879837067209775 0.481651376146789 0.02240325865580448 0.022935779816513763
1 0.5509164969450102 0.3929663608562691 0.02240325865580448 0.022935779816513763
1 0.5509164969450102 0.28593272171253825 0.02240325865580448 0.022935779816513763
4 0.012219959266802444 0.5435779816513762 0.024439918533604887 0.02599388379204893
4 0.09470468431771895 0.9418960244648318 0.04989816700610998 0.039755351681957186
4 0.1415478615071283 0.20336391437308868 0.025458248472505093 0.02599388379204893
4 0.1415478615071283 0.2415902140672783 0.025458248472505093 0.02599388379204893
4 0.21079429735234215 0.2706422018348624 0.025458248472505093 0.02599388379204893
4 0.21079429735234215 0.2324159021406728 0.025458248472505093 0.02599388379204893
4 0.21181262729124237 0.19571865443425077 0.025458248472505093 0.02599388379204893
4 0.21181262729124237 0.1636085626911315 0.025458248472505093 0.02599388379204893
4 0.21181262729124237 0.0963302752293578 0.025458248472505093 0.02599388379204893
4 0.5519348268839104 0.009938837920489297 0.026476578411405296 0.016819571865443424
4 0.445010183299389 0.016819571865443424 0.024439918533604887 0.02599388379204893
4 0.4979633401221996 0.03058103975535168 0.024439918533604887 0.02599388379204893
4 0.659877800407332 0.1834862385321101 0.03054989816700611 0.03058103975535168
4 0.5509164969450102 0.3211009174311927 0.024439918533604887 0.022935779816513763
4 0.4175152749490835 0.41131498470948014 0.026476578411405296 0.024464831804281346
4 0.3645621181262729 0.41131498470948014 0.026476578411405296 0.024464831804281346
4 0.4124236252545825 0.481651376146789 0.024439918533604887 0.02599388379204893
4 0.5509164969450102 0.42660550458715596 0.024439918533604887 0.022935779816513763
4 0.5509164969450102 0.45718654434250766 0.024439918533604887 0.022935779816513763
4 0.6639511201629328 0.5244648318042814 0.025458248472505093 0.02599388379204893
4 0.8411405295315683 0.7400611620795107 0.03054989816700611 0.03363914373088685
4 0.8421588594704684 0.790519877675841 0.031568228105906315 0.03363914373088685
4 0.8411405295315683 0.5229357798165137 0.03054989816700611 0.03363914373088685
4 0.8421588594704684 0.573394495412844 0.031568228105906315 0.03363914373088685
4 0.8411405295315683 0.6284403669724771 0.03054989816700611 0.03363914373088685
4 0.8421588594704684 0.6834862385321101 0.031568228105906315 0.03363914373088685
3 0.59979633401222 0.7553516819571865 0.04786150712830957 0.039755351681957186
4 0.544806517311609 0.8883792048929664 0.031568228105906315 0.03058103975535168
4 0.3879837067209776 0.8899082568807339 0.031568228105906315 0.03363914373088685
4 0.5621181262729125 0.9678899082568807 0.031568228105906315 0.03363914373088685