1 0.20309278350515464 0.34365325077399383 0.024742268041237112 0.021671826625386997
1 0.6247422680412371 0.4473684210526316 0.02577319587628866 0.02321981424148607
1 0.688659793814433 0.39164086687306504 0.024742268041237112 0.02321981424148607
1 0.8010309278350516 0.2770897832817337 0.023711340206185566 0.021671826625386997
1 0.8350515463917526 0.43653250773993807 0.024742268041237112 0.02321981424148607
1 0.7422680412371134 0.3931888544891641 0.024742268041237112 0.021671826625386997
1 0.6278350515463917 0.5526315789473685 0.026804123711340205 0.02321981424148607
1 0.8360824742268042 0.5557275541795665 0.024742268041237112 0.02321981424148607
1 0.8360824742268042 0.6424148606811145 0.024742268041237112 0.02321981424148607
1 0.6577319587628866 0.7368421052631579 0.02577319587628866 0.02321981424148607
1 0.8577319587628865 0.718266253869969 0.024742268041237112 0.021671826625386997
1 0.8752577319587629 0.7724458204334366 0.02577319587628866 0.021671826625386997
1 0.6639175257731958 0.848297213622291 0.02577319587628866 0.02476780185758514
1 0.8721649484536083 0.8529411764705882 0.024742268041237112 0.02321981424148607
1 0.477319587628866 0.9829721362229102 0.024742268041237112 0.02321981424148607
1 0.9979381443298969 0.7252321981424149 0.002061855670103093 0.02631578947368421
4 0.9443298969072165 0.9829721362229102 0.02577319587628866 0.02476780185758514
4 0.6515463917525773 0.2739938080495356 0.02577319587628866 0.02476780185758514
4 0.6505154639175258 0.3281733746130031 0.02577319587628866 0.02476780185758514
4 0.7309278350515463 0.2755417956656347 0.02577319587628866 0.02476780185758514
4 0.7319587628865979 0.32507739938080493 0.02577319587628866 0.02476780185758514
4 0.8350515463917526 0.34674922600619196 0.02577319587628866 0.02476780185758514
4 0.8371134020618557 0.47523219814241485 0.02577319587628866 0.02476780185758514
4 0.7587628865979381 0.46594427244582043 0.02577319587628866 0.02476780185758514
4 0.4793814432989691 0.5433436532507739 0.027835051546391754 0.07585139318885449
4 0.4793814432989691 0.653250773993808 0.027835051546391754 0.07585139318885449
4 0.6051546391752577 0.8529411764705882 0.026804123711340205 0.02631578947368421
4 0.4824742268041237 0.718266253869969 0.026804123711340205 0.02631578947368421
4 0.477319587628866 0.9396284829721362 0.026804123711340205 0.02476780185758514
4 0.4824742268041237 0.7538699690402477 0.026804123711340205 0.02476780185758514
4 0.7587628865979381 0.544891640866873 0.02577319587628866 0.02476780185758514
4 0.4793814432989691 0.8498452012383901 0.027835051546391754 0.07585139318885449
0 0.7237113402061855 0.9713622291021672 0.14845360824742268 0.05417956656346749
0 0.7556701030927835 0.7848297213622291 0.1309278350515464 0.08668730650154799