1 0.7739583333333333 0.36363636363636365 0.025 0.0219435736677116
1 0.34791666666666665 0.46865203761755486 0.026041666666666668 0.023510971786833857
1 0.2833333333333333 0.4122257053291536 0.025 0.023510971786833857
1 0.16979166666666667 0.2962382445141066 0.023958333333333335 0.0219435736677116
1 0.13541666666666666 0.45768025078369906 0.025 0.023510971786833857
1 0.22916666666666666 0.41379310344827586 0.025 0.0219435736677116
1 0.34479166666666666 0.5752351097178683 0.027083333333333334 0.023510971786833857
1 0.134375 0.5783699059561128 0.025 0.023510971786833857
1 0.134375 0.6661442006269592 0.025 0.023510971786833857
1 0.3145833333333333 0.7617554858934169 0.026041666666666668 0.023510971786833857
1 0.1125 0.7429467084639498 0.025 0.0219435736677116
1 0.09479166666666666 0.7978056426332288 0.026041666666666668 0.0219435736677116
1 0.30833333333333335 0.8746081504702194 0.026041666666666668 0.025078369905956112
1 0.09791666666666667 0.8793103448275862 0.025 0.023510971786833857
4 0.32083333333333336 0.29310344827586204 0.026041666666666668 0.025078369905956112
4 0.321875 0.34796238244514105 0.026041666666666668 0.025078369905956112
4 0.240625 0.2946708463949843 0.026041666666666668 0.025078369905956112
4 0.23958333333333334 0.3448275862068966 0.026041666666666668 0.025078369905956112
4 0.13541666666666666 0.3667711598746082 0.026041666666666668 0.025078369905956112
4 0.13333333333333333 0.49686520376175547 0.026041666666666668 0.025078369905956112
4 0.2125 0.48746081504702193 0.026041666666666668 0.025078369905956112
4 0.4947916666666667 0.5658307210031348 0.028125 0.0768025078369906
4 0.4947916666666667 0.677115987460815 0.028125 0.0768025078369906
4 0.36770833333333336 0.8793103448275862 0.027083333333333334 0.02664576802507837
4 0.49166666666666664 0.7429467084639498 0.027083333333333334 0.02664576802507837
4 0.496875 0.9670846394984326 0.027083333333333334 0.025078369905956112
4 0.49166666666666664 0.7789968652037618 0.027083333333333334 0.025078369905956112
4 0.2125 0.567398119122257 0.026041666666666668 0.025078369905956112
4 0.4947916666666667 0.8761755485893417 0.028125 0.0768025078369906
0 0.24791666666666667 0.9851097178683386 0.15 0.02664576802507837
0 0.215625 0.8103448275862069 0.13229166666666667 0.0877742946708464