1 0.21030042918454936 0.9419354838709677 0.02575107296137339 0.024193548387096774
1 0.33369098712446355 0.9596774193548387 0.02467811158798283 0.024193548387096774
1 0.4570815450643777 0.9580645161290322 0.02575107296137339 0.024193548387096774
1 0.21030042918454936 0.8048387096774193 0.02575107296137339 0.024193548387096774
1 0.37124463519313305 0.7645161290322581 0.02575107296137339 0.02258064516129032
1 0.4281115879828326 0.7661290322580645 0.02682403433476395 0.02258064516129032
1 0.37124463519313305 0.7306451612903225 0.02575107296137339 0.02258064516129032
1 0.4281115879828326 0.7322580645161291 0.02682403433476395 0.02258064516129032
1 0.3723175965665236 0.6645161290322581 0.02575107296137339 0.02258064516129032
1 0.4270386266094421 0.6629032258064517 0.02682403433476395 0.02258064516129032
1 0.3723175965665236 0.6274193548387097 0.02575107296137339 0.02258064516129032
1 0.4270386266094421 0.6274193548387097 0.02682403433476395 0.02258064516129032
1 0.2510729613733906 0.4290322580645161 0.02467811158798283 0.024193548387096774
1 0.21244635193133046 0.3580645161290323 0.027896995708154508 0.027419354838709678
1 0.0815450643776824 0.27419354838709675 0.02575107296137339 0.024193548387096774
4 0.01555793991416309 0.8838709677419355 0.03111587982832618 0.03870967741935484
4 0.4002145922746781 0.3758064516129032 0.05257510729613734 0.041935483870967745
4 0.33261802575107297 0.3774193548387097 0.05257510729613734 0.041935483870967745
4 0.4989270386266094 0.4290322580645161 0.02682403433476395 0.027419354838709678
4 0.6437768240343348 0.6838709677419355 0.02682403433476395 0.027419354838709678
4 0.6437768240343348 0.6274193548387097 0.02682403433476395 0.027419354838709678
4 0.2113733905579399 0.4967741935483871 0.027896995708154508 0.025806451612903226
4 0.21244635193133046 0.5661290322580645 0.027896995708154508 0.027419354838709678
4 0.2113733905579399 0.6967741935483871 0.02682403433476395 0.027419354838709678
4 0.3723175965665236 0.6967741935483871 0.027896995708154508 0.024193548387096774
4 0.4270386266094421 0.6967741935483871 0.027896995708154508 0.027419354838709678