1 0.17835051546391753 0.8575851393188855 0.026804123711340205 0.02321981424148607
1 0.2309278350515464 0.8575851393188855 0.024742268041237112 0.021671826625386997
1 0.3391752577319588 0.8606811145510835 0.02577319587628866 0.02321981424148607
1 0.465979381443299 0.8606811145510835 0.024742268041237112 0.02321981424148607
1 0.5298969072164949 0.9520123839009288 0.024742268041237112 0.021671826625386997
1 0.7 0.8188854489164087 0.02577319587628866 0.02321981424148607
1 0.18453608247422681 0.989938080495356 0.0288659793814433 0.017027863777089782
1 0.12268041237113401 0.38235294117647056 0.024742268041237112 0.02321981424148607
1 0.211340206185567 0.34674922600619196 0.024742268041237112 0.021671826625386997
1 0.311340206185567 0.32972136222910214 0.024742268041237112 0.02321981424148607
1 0.4577319587628866 0.3498452012383901 0.02577319587628866 0.02321981424148607
1 0.45670103092783504 0.3173374613003096 0.024742268041237112 0.02321981424148607
1 0.4577319587628866 0.28328173374613 0.024742268041237112 0.02321981424148607
1 0.4577319587628866 0.25077399380804954 0.024742268041237112 0.02321981424148607
1 0.4577319587628866 0.21826625386996903 0.024742268041237112 0.02321981424148607
1 0.7 0.32972136222910214 0.030927835051546393 0.034055727554179564
1 0.8412371134020619 0.33126934984520123 0.031958762886597936 0.032507739938080496
1 0.006701030927835051 0.22910216718266255 0.013402061855670102 0.02476780185758514
1 0.2134020618556701 0.21826625386996903 0.024742268041237112 0.02476780185758514
1 0.4134020618556701 0.07894736842105263 0.02577319587628866 0.02476780185758514
1 0.21443298969072164 0.09907120743034056 0.024742268041237112 0.021671826625386997
1 0.0731958762886598 0.05572755417956656 0.024742268041237112 0.021671826625386997
1 0.005670103092783505 0.08204334365325078 0.01134020618556701 0.02476780185758514
4 0.012371134020618556 0.14628482972136223 0.024742268041237112 0.03560371517027864
4 0.13402061855670103 0.058823529411764705 0.050515463917525774 0.04024767801857585
4 0.06701030927835051 0.38854489164086686 0.050515463917525774 0.04024767801857585
4 0.47216494845360824 0.07894736842105263 0.031958762886597936 0.034055727554179564
4 0.5474226804123712 0.07894736842105263 0.031958762886597936 0.034055727554179564
4 0.34536082474226804 0.07275541795665634 0.031958762886597936 0.034055727554179564
4 0.38144329896907214 0.1393188854489164 0.031958762886597936 0.034055727554179564
4 0.3134020618556701 0.13777089783281735 0.02577319587628866 0.02631578947368421
4 0.3154639175257732 0.26006191950464397 0.03402061855670103 0.034055727554179564
4 0.31237113402061856 0.18575851393188855 0.02577319587628866 0.02631578947368421
4 0.20618556701030927 0.16718266253869968 0.03402061855670103 0.034055727554179564
4 0.5422680412371134 0.17647058823529413 0.031958762886597936 0.034055727554179564
4 0.5432989690721649 0.2260061919504644 0.03402061855670103 0.03715170278637771
4 0.5432989690721649 0.2739938080495356 0.031958762886597936 0.034055727554179564
4 0.5422680412371134 0.3668730650154799 0.032989690721649485 0.03560371517027864
4 0.5257731958762887 0.44891640866873067 0.032989690721649485 0.034055727554179564
4 0.3649484536082474 0.4458204334365325 0.031958762886597936 0.03560371517027864
4 0.31237113402061856 0.29876160990712075 0.02577319587628866 0.02476780185758514
3 0.5804123711340207 0.5835913312693498 0.04742268041237113 0.04024767801857585
4 0.5298969072164949 0.9179566563467493 0.026804123711340205 0.02476780185758514
4 0.5298969072164949 0.8854489164086687 0.026804123711340205 0.02476780185758514
4 0.6453608247422681 0.8188854489164087 0.027835051546391754 0.02631578947368421
4 0.388659793814433 0.8606811145510835 0.026804123711340205 0.02631578947368421
4 0.3402061855670103 0.9318885448916409 0.02577319587628866 0.02476780185758514
4 0.39278350515463917 0.9318885448916409 0.026804123711340205 0.02476780185758514
4 0.8257731958762886 0.5495356037151703 0.03402061855670103 0.034055727554179564
4 0.8257731958762886 0.6006191950464397 0.03402061855670103 0.034055727554179564
4 0.8237113402061855 0.7678018575851393 0.03402061855670103 0.034055727554179564
4 0.8237113402061855 0.8204334365325078 0.03402061855670103 0.034055727554179564
4 0.8268041237113402 0.6578947368421053 0.03402061855670103 0.034055727554179564
4 0.8247422680412371 0.7136222910216719 0.03402061855670103 0.034055727554179564
4 0.8412371134020619 0.22445820433436534 0.031958762886597936 0.032507739938080496
4 0.6989690721649484 0.2260061919504644 0.031958762886597936 0.032507739938080496
4 0.6989690721649484 0.07430340557275542 0.031958762886597936 0.03560371517027864
4 0.843298969072165 0.07275541795665634 0.031958762886597936 0.03715170278637771
4 0.7 0.015479876160990712 0.032989690721649485 0.030959752321981424
4 0.843298969072165 0.017027863777089782 0.032989690721649485 0.034055727554179564