1 0.22268041237113403 0.9024767801857585 0.024742268041237112 0.02321981424148607
1 0.34123711340206186 0.9195046439628483 0.023711340206185566 0.02321981424148607
1 0.45979381443298967 0.9179566563467493 0.024742268041237112 0.02321981424148607
1 0.22268041237113403 0.7708978328173375 0.024742268041237112 0.02321981424148607
1 0.37731958762886597 0.7321981424148607 0.024742268041237112 0.021671826625386997
1 0.43195876288659796 0.7337461300309598 0.02577319587628866 0.021671826625386997
1 0.37731958762886597 0.6996904024767802 0.024742268041237112 0.021671826625386997
1 0.43195876288659796 0.7012383900928792 0.02577319587628866 0.021671826625386997
1 0.3783505154639175 0.6362229102167183 0.024742268041237112 0.021671826625386997
1 0.4309278350515464 0.6346749226006192 0.02577319587628866 0.021671826625386997
1 0.3783505154639175 0.6006191950464397 0.024742268041237112 0.021671826625386997
1 0.4309278350515464 0.6006191950464397 0.02577319587628866 0.021671826625386997
1 0.2618556701030928 0.4102167182662539 0.023711340206185566 0.02321981424148607
1 0.22474226804123712 0.34210526315789475 0.026804123711340205 0.02631578947368421
1 0.09896907216494845 0.26160990712074306 0.024742268041237112 0.02321981424148607
4 0.03402061855670103 0.846749226006192 0.031958762886597936 0.03560371517027864
4 0.40515463917525774 0.3591331269349845 0.050515463917525774 0.04024767801857585
4 0.3402061855670103 0.3606811145510836 0.050515463917525774 0.04024767801857585
4 0.5 0.4102167182662539 0.02577319587628866 0.02631578947368421
4 0.6391752577319587 0.6547987616099071 0.02577319587628866 0.02631578947368421
4 0.6391752577319587 0.6006191950464397 0.02577319587628866 0.02631578947368421
4 0.22371134020618558 0.47523219814241485 0.026804123711340205 0.02476780185758514
4 0.22474226804123712 0.541795665634675 0.026804123711340205 0.02631578947368421
4 0.22371134020618558 0.6671826625386997 0.02577319587628866 0.02631578947368421
4 0.3783505154639175 0.6671826625386997 0.026804123711340205 0.02321981424148607
4 0.4309278350515464 0.6671826625386997 0.026804123711340205 0.02631578947368421
4 0.5123711340206185 0.9814241486068112 0.027835051546391754 0.02631578947368421
4 0.7005154639175257 0.9930340557275542 0.03402061855670103 0.010835913312693499
4 0.8448453608247423 0.9945820433436533 0.03402061855670103 0.007739938080495356