1 0.7006109979633401 0.9770642201834863 0.0274949083503055 0.022935779816513763
1 0.32077393075356414 0.8195718654434251 0.0274949083503055 0.022935779816513763
1 0.45723014256619143 0.7889908256880734 0.0274949083503055 0.022935779816513763
1 0.5356415478615071 0.6972477064220184 0.0274949083503055 0.022935779816513763
1 0.7016293279022403 0.6926605504587156 0.0274949083503055 0.022935779816513763
1 0.5 0.21865443425076453 0.0274949083503055 0.022935779816513763
1 0.6527494908350305 0.9740061162079511 0.0274949083503055 0.022935779816513763
1 0.7688391038696538 0.9755351681957186 0.0274949083503055 0.022935779816513763
1 0.8727087576374746 0.9755351681957186 0.0274949083503055 0.022935779816513763
1 0.9521384928716904 0.5795107033639144 0.0274949083503055 0.022935779816513763
1 0.4908350305498982 0.536697247706422 0.024439918533604887 0.022935779816513763
1 0.8818737270875764 0.41437308868501527 0.0274949083503055 0.022935779816513763
1 0.8778004073319755 0.3394495412844037 0.0274949083503055 0.022935779816513763
1 0.9582484725050916 0.1712538226299694 0.0274949083503055 0.022935779816513763
1 0.9582484725050916 0.08256880733944955 0.0274949083503055 0.022935779816513763
1 0.960285132382892 0.039755351681957186 0.0274949083503055 0.022935779816513763
1 0.5 0.11314984709480122 0.0274949083503055 0.022935779816513763
4 0.42973523421588594 0.5382262996941896 0.024439918533604887 0.024464831804281346
4 0.9389002036659878 0.9174311926605505 0.024439918533604887 0.024464831804281346
4 0.45621181262729127 0.709480122324159 0.024439918533604887 0.024464831804281346
4 0.395112016293279 0.6681957186544343 0.024439918533604887 0.024464831804281346
4 0.5346232179226069 0.6559633027522935 0.024439918533604887 0.024464831804281346
4 0.5356415478615071 0.5886850152905199 0.024439918533604887 0.024464831804281346
4 0.3940936863543788 0.5902140672782875 0.024439918533604887 0.024464831804281346
4 0.39307535641547864 0.6284403669724771 0.024439918533604887 0.024464831804281346
4 0.3940936863543788 0.7477064220183486 0.024439918533604887 0.024464831804281346
4 0.7729124236252546 0.8669724770642202 0.024439918533604887 0.024464831804281346
4 0.8197556008146639 0.9740061162079511 0.024439918533604887 0.024464831804281346
4 0.7708757637474541 0.8027522935779816 0.026476578411405296 0.02599388379204893
4 0.9521384928716904 0.45718654434250766 0.024439918533604887 0.022935779816513763
4 0.8431771894093686 0.8027522935779816 0.024439918533604887 0.022935779816513763
4 0.8431771894093686 0.746177370030581 0.024439918533604887 0.022935779816513763
4 0.8391038696537678 0.6437308868501529 0.024439918533604887 0.022935779816513763
4 0.7739307535641547 0.6437308868501529 0.024439918533604887 0.022935779816513763
4 0.9521384928716904 0.536697247706422 0.024439918533604887 0.022935779816513763
4 0.9531568228105907 0.4969418960244648 0.024439918533604887 0.022935779816513763
4 0.5 0.35932721712538224 0.026476578411405296 0.07492354740061162
4 0.5010183299389002 0.2691131498470948 0.026476578411405296 0.0764525993883792
4 0.5010183299389002 0.16055045871559634 0.026476578411405296 0.0764525993883792
4 0.5 0.0581039755351682 0.026476578411405296 0.0764525993883792
4 0.609979633401222 0.35015290519877673 0.024439918533604887 0.024464831804281346
4 0.959775967413442 0.005351681957186544 0.025458248472505093 0.00764525993883792
4 0.5010183299389002 0.009938837920489297 0.024439918533604887 0.016819571865443424
4 0.9592668024439919 0.21865443425076453 0.026476578411405296 0.022935779816513763
0 0.769857433808554 0.39755351681957185 0.12729124236252545 0.0856269113149847
0 0.7433808553971487 0.13073394495412843 0.15071283095723015 0.25840978593272174