1 0.7197916666666667 0.7695924764890282 0.022916666666666665 0.06583072100313479
1 0.3375 0.7398119122257053 0.023958333333333335 0.02037617554858934
1 0.3375 0.700626959247649 0.025 0.0219435736677116
1 0.375 0.3996865203761755 0.025 0.0219435736677116
1 0.5489583333333333 0.21786833855799373 0.013541666666666667 0.03761755485893417
1 0.4625 0.21630094043887146 0.014583333333333334 0.03605015673981191
0 0.3645833333333333 0.9161442006269592 0.33125 0.164576802507837
4 0.39791666666666664 0.7147335423197492 0.04791666666666667 0.03761755485893417
0 0.5520833333333334 0.42946708463949845 0.159375 0.23981191222570533
4 0.6770833333333334 0.43103448275862066 0.015625 0.03918495297805643
4 0.6604166666666667 0.23197492163009403 0.015625 0.03918495297805643
4 0.6270833333333333 0.219435736677116 0.015625 0.03918495297805643
4 0.575 0.21786833855799373 0.015625 0.03605015673981191
4 0.5572916666666666 0.13949843260188088 0.014583333333333334 0.03761755485893417
4 0.50625 0.13949843260188088 0.015625 0.03605015673981191
0 0.0671875 0.9231974921630094 0.13229166666666667 0.15047021943573669
0 0.14166666666666666 0.44749216300940436 0.28125 0.5689655172413793
0 0.3927083333333333 0.2836990595611285 0.071875 0.14733542319749215