1 0.48221343873517786 0.6038575667655787 0.01383399209486166 0.03412462908011869
1 0.6442687747035574 0.42729970326409494 0.025691699604743084 0.020771513353115726
1 0.5632411067193676 0.6008902077151336 0.01383399209486166 0.03560830860534125
1 0.31225296442687744 0.09050445103857567 0.022727272727272728 0.06379821958456973
4 0.3557312252964427 0.26112759643916916 0.015810276679841896 0.03560830860534125
4 0.3577075098814229 0.40801186943620177 0.015810276679841896 0.03857566765578635
4 0.37549407114624506 0.5949554896142433 0.014822134387351778 0.03857566765578635
4 0.40810276679841895 0.6068249258160238 0.014822134387351778 0.03857566765578635
4 0.4575098814229249 0.6053412462908012 0.014822134387351778 0.03560830860534125
4 0.4743083003952569 0.6765578635014837 0.014822134387351778 0.037091988130563795
4 0.5227272727272727 0.6750741839762612 0.014822134387351778 0.037091988130563795
0 0.4772727272727273 0.4020771513353116 0.1551383399209486 0.228486646884273
0 0.8626482213438735 0.3724035608308605 0.2727272727272727 0.5400593471810089
0 0.6294466403162056 0.5356083086053413 0.0691699604743083 0.13649851632047477