1 0.755901287553648 0.9951612903225806 0.018240343347639486 0.0064516129032258064
1 0.6260729613733905 0.9943548387096774 0.018240343347639486 0.008064516129032258
1 0.26824034334763946 0.6596774193548387 0.027896995708154508 0.024193548387096774
1 0.19313304721030042 0.5161290322580645 0.04935622317596566 0.041935483870967745
1 0.26824034334763946 0.5048387096774194 0.027896995708154508 0.024193548387096774
1 0.5311158798283262 0.5193548387096775 0.02682403433476395 0.07258064516129033
1 0.6620171673819742 0.5338709677419354 0.032188841201716736 0.03225806451612903
1 0.924892703862661 0.3935483870967742 0.027896995708154508 0.025806451612903226
1 0.9876609442060086 0.35161290322580646 0.022532188841201718 0.025806451612903226
1 0.8680257510729614 0.3241935483870968 0.05150214592274678 0.03870967741935484
1 0.6620171673819742 0.3225806451612903 0.05042918454935622 0.04032258064516129
1 0.5396995708154506 0.19516129032258064 0.016094420600858368 0.041935483870967745
0 0.5590128755364807 0.33064516129032256 0.03648068669527897 0.037096774193548385
4 0.898068669527897 0.9 0.027896995708154508 0.07741935483870968
4 0.6448497854077253 0.8419354838709677 0.017167381974248927 0.04032258064516129
4 0.5311158798283262 0.9 0.016094420600858368 0.03870967741935484
4 0.5316523605150214 0.9806451612903225 0.018240343347639486 0.035483870967741936
4 0.19313304721030042 0.38064516129032255 0.048283261802575105 0.041935483870967745
4 0.19206008583690987 0.4483870967741935 0.048283261802575105 0.041935483870967745
4 0.22103004291845493 0.3225806451612903 0.028969957081545063 0.024193548387096774
4 0.33369098712446355 0.27903225806451615 0.02682403433476395 0.024193548387096774
4 0.22103004291845493 0.27903225806451615 0.02682403433476395 0.024193548387096774
4 0.2778969957081545 0.27903225806451615 0.02682403433476395 0.024193548387096774
4 0.40879828326180256 0.3225806451612903 0.017167381974248927 0.041935483870967745
4 0.43776824034334766 0.3209677419354839 0.018240343347639486 0.041935483870967745
4 0.33476394849785407 0.3370967741935484 0.027896995708154508 0.024193548387096774
4 0.49356223175965663 0.33548387096774196 0.017167381974248927 0.041935483870967745
4 0.5890557939914163 0.4774193548387097 0.027896995708154508 0.08064516129032258
4 0.6630901287553648 0.43548387096774194 0.018240343347639486 0.041935483870967745
4 0.7746781115879828 0.4483870967741935 0.018240343347639486 0.041935483870967745
4 0.8036480686695279 0.3241935483870968 0.027896995708154508 0.024193548387096774
4 0.971030042918455 0.43548387096774194 0.028969957081545063 0.024193548387096774
5 0.25858369098712447 0.7451612903225806 0.02575107296137339 0.07580645161290323
5 0.7188841201716738 0.44516129032258067 0.027896995708154508 0.07580645161290323
0 0.76931330472103 0.682258064516129 0.07188841201716738 0.15483870967741936
0 0.592274678111588 0.6838709677419355 0.07188841201716738 0.15483870967741936
0 0.9656652360515021 0.6459677419354839 0.06652360515021459 0.2854838709677419
0 0.30257510729613735 0.1870967741935484 0.07510729613733906 0.12903225806451613
0 0.45278969957081544 0.1693548387096774 0.06437768240343347 0.11290322580645161
0 0.9656652360515021 0.6459677419354839 0.06652360515021459 0.2854838709677419
0 0.9914163090128756 0.1403225806451613 0.015021459227467811 0.11290322580645161