1 0.23195876288659795 0.6191950464396285 0.026804123711340205 0.02321981424148607
1 0.3577319587628866 0.4551083591331269 0.01752577319587629 0.04024767801857585
1 0.13195876288659794 0.44272445820433437 0.015463917525773196 0.03715170278637771
1 0.03402061855670103 0.5092879256965944 0.016494845360824743 0.03869969040247678
1 0.0036082474226804126 0.6044891640866873 0.007216494845360825 0.04179566563467492
1 0.03402061855670103 0.38854489164086686 0.015463917525773196 0.03869969040247678
1 0.03402061855670103 0.29411764705882354 0.015463917525773196 0.04024767801857585
1 0.03402061855670103 0.15789473684210525 0.015463917525773196 0.04024767801857585
1 0.24123711340206186 0.2801857585139319 0.026804123711340205 0.02321981424148607
1 0.32061855670103095 0.15944272445820434 0.026804123711340205 0.02321981424148607
1 0.24123711340206186 0.23993808049535603 0.026804123711340205 0.02321981424148607
1 0.3835051546391753 0.02321981424148607 0.015463917525773196 0.03869969040247678
1 0.32061855670103095 0.010835913312693499 0.026804123711340205 0.018575851393188854
1 0.4195876288659794 0.03715170278637771 0.026804123711340205 0.02476780185758514
1 0.5360824742268041 0.2801857585139319 0.026804123711340205 0.02321981424148607
1 0.6175257731958763 0.4024767801857585 0.015463917525773196 0.04024767801857585
1 0.6175257731958763 0.5371517027863777 0.015463917525773196 0.03869969040247678
1 0.7185567010309278 0.19040247678018576 0.026804123711340205 0.02321981424148607
1 0.9288659793814433 0.5356037151702786 0.01443298969072165 0.04024767801857585
1 0.8154639175257732 0.9117647058823529 0.04845360824742268 0.04024767801857585
1 0.8154639175257732 0.8560371517027864 0.04845360824742268 0.04024767801857585
1 0.8164948453608247 0.695046439628483 0.04845360824742268 0.04024767801857585
1 0.9288659793814433 0.804953560371517 0.01752577319587629 0.04024767801857585
4 0.20412371134020618 0.5108359133126935 0.05154639175257732 0.04024767801857585
4 0.2948453608247423 0.6176470588235294 0.0288659793814433 0.02476780185758514
4 0.07938144329896907 0.23993808049535603 0.026804123711340205 0.07430340557275542
4 0.07835051546391752 0.5232198142414861 0.026804123711340205 0.07430340557275542
4 0.07938144329896907 0.42879256965944273 0.026804123711340205 0.07430340557275542
4 0.07938144329896907 0.33436532507739936 0.026804123711340205 0.07430340557275542
4 0.15876288659793814 0.2801857585139319 0.02577319587628866 0.02631578947368421
4 0.5701030927835051 0.18575851393188855 0.026804123711340205 0.02321981424148607
4 0.6154639175257732 0.0913312693498452 0.04845360824742268 0.04024767801857585
4 0.588659793814433 0.2678018575851393 0.04845360824742268 0.04024767801857585
4 0.8030927835051547 0.21362229102167182 0.027835051546391754 0.07430340557275542
4 0.9288659793814433 0.44272445820433437 0.01752577319587629 0.043343653250773995
4 0.9278350515463918 0.7120743034055728 0.015463917525773196 0.043343653250773995
4 0.9293814432989691 0.9767801857585139 0.01752577319587629 0.043343653250773995
0 0.2020618556701031 0.08513931888544891 0.06804123711340206 0.16718266253869968
0 0.7422680412371134 0.4938080495356037 0.09072164948453608 0.2755417956656347
0 0.5082474226804123 0.4953560371517028 0.09072164948453608 0.2755417956656347