1 0.06759656652360516 0.7564516129032258 0.015021459227467811 0.04032258064516129
1 0.06759656652360516 0.8806451612903226 0.016094420600858368 0.04032258064516129
1 0.028969957081545063 0.9790322580645161 0.016094420600858368 0.03870967741935484
1 0.2719957081545064 0.9903225806451613 0.028969957081545063 0.016129032258064516
1 0.16952789699570817 0.8129032258064516 0.015021459227467811 0.04032258064516129
1 0.2821888412017167 0.6451612903225806 0.027896995708154508 0.024193548387096774
1 0.2832618025751073 0.6016129032258064 0.02575107296137339 0.02258064516129032
1 0.06866952789699571 0.6596774193548387 0.016094420600858368 0.04032258064516129
1 0.06866952789699571 0.5177419354838709 0.016094420600858368 0.04032258064516129
1 0.02145922746781116 0.3919354838709677 0.02682403433476395 0.024193548387096774
1 0.059012875536480686 0.054838709677419356 0.017167381974248927 0.041935483870967745
1 0.4034334763948498 0.8274193548387097 0.016094420600858368 0.04032258064516129
1 0.5901287553648069 0.6451612903225806 0.027896995708154508 0.024193548387096774
1 0.6738197424892703 0.7709677419354839 0.016094420600858368 0.04032258064516129
1 0.6727467811158798 0.9112903225806451 0.016094420600858368 0.04032258064516129
1 0.7811158798283262 0.5532258064516129 0.02682403433476395 0.024193548387096774
1 0.36587982832618027 0.5177419354838709 0.027896995708154508 0.024193548387096774
1 0.994098712446352 0.9088709677419354 0.009656652360515022 0.043548387096774194
1 0.4699570815450644 0.3903225806451613 0.02575107296137339 0.024193548387096774
1 0.43240343347639487 0.3790322580645161 0.017167381974248927 0.04032258064516129
1 0.4699570815450644 0.35 0.02682403433476395 0.024193548387096774
1 0.3669527896995708 0.36451612903225805 0.02682403433476395 0.02258064516129032
1 0.3669527896995708 0.27903225806451615 0.02575107296137339 0.024193548387096774
1 0.47103004291845496 0.2403225806451613 0.02682403433476395 0.024193548387096774
1 0.5171673819742489 0.18064516129032257 0.027896995708154508 0.025806451612903226
1 0.3669527896995708 0.12580645161290321 0.02575107296137339 0.024193548387096774
1 0.38626609442060084 0.012903225806451613 0.02682403433476395 0.024193548387096774
1 0.5278969957081545 0.027419354838709678 0.05042918454935622 0.04032258064516129
1 0.648068669527897 0.054838709677419356 0.02682403433476395 0.024193548387096774
1 0.7124463519313304 0.054838709677419356 0.02682403433476395 0.025806451612903226
1 0.7682403433476395 0.056451612903225805 0.02575107296137339 0.024193548387096774
1 0.759656652360515 0.18225806451612903 0.016094420600858368 0.041935483870967745
1 0.7875536480686696 0.18387096774193548 0.016094420600858368 0.041935483870967745
1 0.8154506437768241 0.18064516129032257 0.016094420600858368 0.041935483870967745
1 0.842274678111588 0.18387096774193548 0.016094420600858368 0.04032258064516129
4 0.002145922746781116 0.9774193548387097 0.004291845493562232 0.041935483870967745
4 0.1148068669527897 0.6016129032258064 0.027896995708154508 0.07741935483870968
4 0.1148068669527897 0.8951612903225806 0.027896995708154508 0.07741935483870968
4 0.1148068669527897 0.7967741935483871 0.027896995708154508 0.07741935483870968
4 0.1148068669527897 0.7 0.027896995708154508 0.07741935483870968
4 0.11587982832618025 0.27903225806451615 0.05042918454935622 0.043548387096774194
4 0.0407725321888412 0.29354838709677417 0.05042918454935622 0.043548387096774194
4 0.11587982832618025 0.3774193548387097 0.027896995708154508 0.024193548387096774
4 0.2446351931330472 0.882258064516129 0.0536480686695279 0.043548387096774194
4 0.3374463519313305 0.989516129032258 0.03111587982832618 0.017741935483870968
4 0.6459227467811158 0.6306451612903226 0.0536480686695279 0.043548387096774194
4 0.8701716738197425 0.5741935483870968 0.027896995708154508 0.07580645161290323
4 0.994098712446352 0.8104838709677419 0.009656652360515022 0.0467741935483871
4 0.6266094420600858 0.5451612903225806 0.027896995708154508 0.024193548387096774
4 0.6738197424892703 0.4467741935483871 0.0536480686695279 0.041935483870967745
4 0.1984978540772532 0.6419354838709678 0.02682403433476395 0.025806451612903226
4 0.29130901287553645 0.020161290322580645 0.018240343347639486 0.037096774193548385
4 0.6384120171673819 0.16774193548387098 0.05150214592274678 0.043548387096774194
4 0.9527896995708155 0.16774193548387098 0.027896995708154508 0.024193548387096774
4 0.9678111587982833 0.08387096774193549 0.02682403433476395 0.024193548387096774
0 0.8572961373390557 0.06935483870967742 0.02575107296137339 0.05
4 0.5836909871244635 0.004838709677419355 0.019313304721030045 0.0064516129032258064
0 0.5697424892703863 0.3225806451612903 0.06759656652360516 0.11451612903225807
0 0.8025751072961373 0.3709677419354839 0.10836909871244635 0.12580645161290321
0 0.24248927038626608 0.2 0.06866952789699571 0.1774193548387097
0 0.24248927038626608 0.4403225806451613 0.06866952789699571 0.1774193548387097
0 0.8041845493562232 0.8604838709677419 0.09763948497854077 0.27580645161290324
0 0.5616952789699571 0.8620967741935484 0.09763948497854077 0.2725806451612903