1 0.6194029850746269 0.6490384615384616 0.050106609808102345 0.041666666666666664
1 0.6194029850746269 0.8733974358974359 0.05223880597014925 0.038461538461538464
1 0.6194029850746269 0.8173076923076923 0.0511727078891258 0.041666666666666664
1 0.3678038379530917 0.4807692307692308 0.026652452025586353 0.02403846153846154
1 0.208955223880597 0.46634615384615385 0.015991471215351813 0.041666666666666664
1 0.13539445628997868 0.5512820512820513 0.017057569296375266 0.041666666666666664
1 0.22921108742004265 0.060897435897435896 0.02771855010660981 0.02403846153846154
1 0.3411513859275053 0.08814102564102565 0.03091684434968017 0.07852564102564102
1 0.005330490405117271 0.24118589743589744 0.008528784648187633 0.027243589743589744
4 0.31236673773987206 0.4807692307692308 0.02771855010660981 0.02564102564102564
4 0.2846481876332623 0.25801282051282054 0.02771855010660981 0.02403846153846154
4 0.22921108742004265 0.34134615384615385 0.02771855010660981 0.02403846153846154
4 0.22921108742004265 0.29967948717948717 0.02771855010660981 0.02403846153846154
4 0.22921108742004265 0.2564102564102564 0.02771855010660981 0.02403846153846154
4 0.04477611940298507 0.5528846153846154 0.053304904051172705 0.041666666666666664
4 0.006929637526652452 0.5504807692307693 0.011727078891257996 0.04326923076923077
4 0.09701492537313433 0.5496794871794872 0.015991471215351813 0.04006410256410257
0 0.5362473347547975 0.22916666666666666 0.22068230277185502 0.32532051282051283