1 0.6330472103004292 0.9096774193548387 0.027896995708154508 0.024193548387096774
1 0.7918454935622318 0.8951612903225806 0.017167381974248927 0.041935483870967745
1 0.8674892703862661 0.9790322580645161 0.018240343347639486 0.03870967741935484
1 0.7736051502145923 0.49032258064516127 0.027896995708154508 0.024193548387096774
1 0.6620171673819742 0.5193548387096775 0.030042918454935622 0.08064516129032258
1 0.8401287553648069 0.3919354838709677 0.027896995708154508 0.024193548387096774
1 0.8959227467811158 0.3903225806451613 0.027896995708154508 0.024193548387096774
1 0.9892703862660944 0.20967741935483872 0.016094420600858368 0.041935483870967745
1 0.9527896995708155 0.20967741935483872 0.016094420600858368 0.04032258064516129
1 0.7274678111587983 0.12580645161290321 0.02682403433476395 0.024193548387096774
1 0.971030042918455 0.054838709677419356 0.016094420600858368 0.041935483870967745
1 0.6062231759656652 0.016935483870967744 0.017167381974248927 0.03064516129032258
4 0.6899141630901288 0.9096774193548387 0.027896995708154508 0.024193548387096774
4 0.7188841201716738 0.6854838709677419 0.027896995708154508 0.025806451612903226
4 0.7736051502145923 0.7693548387096775 0.027896995708154508 0.025806451612903226
4 0.7736051502145923 0.7274193548387097 0.027896995708154508 0.025806451612903226
4 0.7736051502145923 0.6838709677419355 0.027896995708154508 0.024193548387096774
4 0.9055793991416309 0.978225806451613 0.017167381974248927 0.04032258064516129
4 0.9597639484978541 0.978225806451613 0.05472103004291846 0.04032258064516129
4 0.5783261802575107 0.3903225806451613 0.027896995708154508 0.027419354838709678
4 0.5321888412017167 0.29193548387096774 0.027896995708154508 0.07741935483870968
4 0.5311158798283262 0.3741935483870968 0.017167381974248927 0.041935483870967745
4 0.5300429184549357 0.1935483870967742 0.017167381974248927 0.041935483870967745
4 0.971030042918455 0.3774193548387097 0.05042918454935622 0.043548387096774194
4 0.8390557939914163 0.34838709677419355 0.02575107296137339 0.024193548387096774
4 0.9109442060085837 0.3193548387096774 0.027896995708154508 0.024193548387096774
4 0.898068669527897 0.25 0.028969957081545063 0.024193548387096774
4 0.5879828326180258 0.29193548387096774 0.027896995708154508 0.07741935483870968
4 0.8412017167381974 0.2806451612903226 0.027896995708154508 0.07741935483870968
4 0.8959227467811158 0.18064516129032257 0.027896995708154508 0.025806451612903226
4 0.7178111587982833 0.06774193548387097 0.027896995708154508 0.025806451612903226
4 0.8487124463519313 0.07903225806451612 0.018240343347639486 0.041935483870967745
4 0.6920600858369099 0.00967741935483871 0.055793991416309016 0.016129032258064516
4 0.8969957081545065 0.09516129032258064 0.027896995708154508 0.07741935483870968
0 0.4656652360515021 0.6564516129032258 0.22103004291845493 0.317741935483871
0 0.7135193133047211 0.3435483870967742 0.08798283261802575 0.1435483870967742