1 0.8304904051172708 0.6746794871794872 0.02771855010660981 0.02564102564102564
1 0.8315565031982942 0.5064102564102564 0.028784648187633263 0.02403846153846154
1 0.8326226012793176 0.33974358974358976 0.02771855010660981 0.02403846153846154
1 0.6194029850746269 0.01201923076923077 0.0511727078891258 0.020833333333333332
1 0.4957356076759062 0.7291666666666666 0.017057569296375266 0.038461538461538464
1 0.13859275053304904 0.7419871794871795 0.01812366737739872 0.04326923076923077
1 0.5618336886993603 0.8830128205128205 0.015991471215351813 0.04006410256410257
1 0.5330490405117271 0.8814102564102564 0.017057569296375266 0.041666666666666664
1 0.4968017057569296 0.8830128205128205 0.015991471215351813 0.04006410256410257
1 0.3006396588486141 0.8814102564102564 0.02771855010660981 0.02403846153846154
1 0.18976545842217485 0.8669871794871795 0.015991471215351813 0.04006410256410257
1 0.35607675906183367 0.7964743589743589 0.015991471215351813 0.04006410256410257
1 0.6172707889125799 0.45032051282051283 0.050106609808102345 0.038461538461538464
1 0.6183368869936035 0.3958333333333333 0.050106609808102345 0.041666666666666664
1 0.6172707889125799 0.22756410256410256 0.05223880597014925 0.038461538461538464
1 0.6194029850746269 0.17307692307692307 0.0511727078891258 0.041666666666666664
1 0.6183368869936035 0.6185897435897436 0.050106609808102345 0.041666666666666664
4 0.6353944562899787 0.8942307692307693 0.029850746268656716 0.02403846153846154
4 0.746268656716418 0.6314102564102564 0.029850746268656716 0.07852564102564102
4 0.746268656716418 0.46474358974358976 0.029850746268656716 0.07692307692307693
4 0.8315565031982942 0.6041666666666666 0.026652452025586353 0.02403846153846154
4 0.8315565031982942 0.5608974358974359 0.02771855010660981 0.02403846153846154
4 0.8326226012793176 0.4519230769230769 0.026652452025586353 0.02564102564102564
4 0.8326226012793176 0.40865384615384615 0.026652452025586353 0.02403846153846154
4 0.44029850746268656 0.7275641025641025 0.017057569296375266 0.04006410256410257
4 0.4115138592750533 0.7259615384615384 0.015991471215351813 0.04006410256410257
4 0.31023454157782515 0.7131410256410257 0.05223880597014925 0.04326923076923077
4 0.31130063965884863 0.7980769230769231 0.05223880597014925 0.04326923076923077
4 0.23560767590618337 0.7980769230769231 0.05223880597014925 0.04326923076923077
4 0.23667377398720682 0.7147435897435898 0.05223880597014925 0.04326923076923077
4 0.09701492537313433 0.7403846153846154 0.05223880597014925 0.041666666666666664
4 0.06823027718550106 0.8653846153846154 0.05223880597014925 0.041666666666666664
4 0.13432835820895522 0.8637820512820513 0.017057569296375266 0.041666666666666664
4 0.1652452025586354 0.7403846153846154 0.015991471215351813 0.04006410256410257
4 0.04157782515991471 0.7243589743589743 0.017057569296375266 0.041666666666666664
4 0.8315565031982942 0.2548076923076923 0.02771855010660981 0.02564102564102564
4 0.7484008528784648 0.2980769230769231 0.02771855010660981 0.02564102564102564
4 0.7484008528784648 0.2564102564102564 0.02771855010660981 0.02564102564102564