1 0.5963983050847458 0.11624203821656051 0.02754237288135593 0.02388535031847134
1 0.753177966101695 0.1305732484076433 0.01694915254237288 0.041401273885350316
1 0.8273305084745762 0.04617834394904458 0.015889830508474576 0.03980891719745223
1 0.7351694915254238 0.5302547770700637 0.02754237288135593 0.02388535031847134
1 0.625 0.5015923566878981 0.029661016949152543 0.07961783439490445
1 0.9671610169491526 0.3519108280254777 0.025423728813559324 0.02388535031847134
1 0.8008474576271186 0.6273885350318471 0.02754237288135593 0.02388535031847134
1 0.8559322033898306 0.6289808917197452 0.02754237288135593 0.02388535031847134
1 0.9899364406779662 0.6273885350318471 0.018008474576271187 0.025477707006369428
1 0.948093220338983 0.8073248407643312 0.015889830508474576 0.041401273885350316
1 0.9120762711864406 0.8073248407643312 0.015889830508474576 0.03980891719745223
1 0.6896186440677966 0.8901273885350318 0.026483050847457626 0.02388535031847134
1 0.9300847457627118 0.9601910828025477 0.015889830508474576 0.041401273885350316
1 0.5699152542372882 0.9904458598726115 0.01694915254237288 0.01592356687898089
4 0.652542372881356 0.11624203821656051 0.02754237288135593 0.02388535031847134
4 0.6811440677966102 0.3375796178343949 0.02754237288135593 0.025477707006369428
4 0.7351694915254238 0.25477707006369427 0.02754237288135593 0.025477707006369428
4 0.7351694915254238 0.2961783439490446 0.02754237288135593 0.025477707006369428
4 0.7351694915254238 0.339171974522293 0.02754237288135593 0.02388535031847134
4 0.8654661016949152 0.04777070063694268 0.015889830508474576 0.041401273885350316
4 0.9740466101694916 0.04856687898089172 0.04978813559322034 0.042993630573248405
4 0.9184322033898306 0.04777070063694268 0.05296610169491525 0.041401273885350316
4 0.5423728813559322 0.6289808917197452 0.02754237288135593 0.027070063694267517
4 0.4968220338983051 0.7261146496815286 0.02754237288135593 0.07643312101910828
4 0.4957627118644068 0.6449044585987261 0.01694915254237288 0.041401273885350316
4 0.4947033898305085 0.8232484076433121 0.01694915254237288 0.041401273885350316
4 0.9300847457627118 0.64171974522293 0.04978813559322034 0.042993630573248405
4 0.7997881355932204 0.6703821656050956 0.025423728813559324 0.02388535031847134
4 0.8707627118644068 0.6990445859872612 0.02754237288135593 0.02388535031847134
4 0.8580508474576272 0.767515923566879 0.028601694915254237 0.02388535031847134
4 0.551906779661017 0.7261146496815286 0.02754237288135593 0.07643312101910828
4 0.801906779661017 0.7372611464968153 0.02754237288135593 0.07643312101910828
4 0.8559322033898306 0.8359872611464968 0.02754237288135593 0.025477707006369428
4 0.6800847457627118 0.947452229299363 0.02754237288135593 0.025477707006369428
4 0.809322033898305 0.9363057324840764 0.018008474576271187 0.041401273885350316
4 0.8569915254237288 0.9203821656050956 0.02754237288135593 0.07643312101910828
0 0.4311440677966102 0.3662420382165605 0.21822033898305085 0.31369426751592355
0 0.6758474576271186 0.6751592356687898 0.08686440677966102 0.14171974522292993