1 0.55625 0.5956112852664577 0.0625 0.16300940438871472
1 0.7916666666666666 0.8730407523510971 0.0625 0.16300940438871472
1 0.7208333333333333 0.8761755485893417 0.0625 0.16300940438871472
1 0.6510416666666666 0.8761755485893417 0.0625 0.16300940438871472
1 0.5916666666666667 0.8307210031347962 0.014583333333333334 0.03761755485893417
1 0.5666666666666667 0.829153605015674 0.013541666666666667 0.03761755485893417
1 0.321875 0.4890282131661442 0.014583333333333334 0.03761755485893417
1 0.365625 0.4890282131661442 0.013541666666666667 0.03605015673981191
1 0.26145833333333335 0.5015673981191222 0.025 0.06896551724137931
1 0.8447916666666667 0.46551724137931033 0.013541666666666667 0.03918495297805643
1 0.2 0.5141065830721003 0.014583333333333334 0.03918495297805643
2 0.11145833333333334 0.9592476489028213 0.026041666666666668 0.07053291536050156
0 0.9583333333333334 0.5431034482758621 0.08125 0.3056426332288401
2 0.8364583333333333 0.609717868338558 0.04375 0.1206896551724138
5 0.575 0.7539184952978056 0.026041666666666668 0.06583072100313479
5 0.5760416666666667 0.9216300940438872 0.026041666666666668 0.06583072100313479
2 0.5760416666666667 0.438871473354232 0.026041666666666668 0.061128526645768025
5 0.6375 0.4373040752351097 0.026041666666666668 0.061128526645768025
0 0.9380208333333333 0.13401253918495298 0.121875 0.26489028213166144
0 0.6979166666666666 0.16300940438871472 0.20208333333333334 0.30250783699059564
4 0.18333333333333332 0.9435736677115988 0.029166666666666667 0.029780564263322883
4 0.471875 0.5783699059561128 0.019791666666666666 0.0438871473354232
4 0.22604166666666667 0.5141065830721003 0.014583333333333334 0.03761755485893417
4 0.29583333333333334 0.48746081504702193 0.015625 0.03918495297805643
4 0.43645833333333334 0.4890282131661442 0.014583333333333334 0.03605015673981191
0 0.34010416666666665 0.18808777429467086 0.2864583333333333 0.3730407523510972