1 0.7249466950959488 0.5657051282051282 0.02771855010660981 0.02403846153846154
1 0.5948827292110874 0.3958333333333333 0.01812366737739872 0.041666666666666664
1 0.8283582089552238 0.38301282051282054 0.015991471215351813 0.038461538461538464
1 0.929637526652452 0.4519230769230769 0.017057569296375266 0.04006410256410257
1 0.9658848614072495 0.5512820512820513 0.015991471215351813 0.041666666666666664
1 0.929637526652452 0.3269230769230769 0.015991471215351813 0.04006410256410257
1 0.929637526652452 0.22916666666666666 0.015991471215351813 0.041666666666666664
1 0.929637526652452 0.08814102564102565 0.015991471215351813 0.041666666666666664
1 0.7153518123667377 0.21474358974358973 0.02771855010660981 0.02403846153846154
1 0.6332622601279317 0.08974358974358974 0.02771855010660981 0.02403846153846154
1 0.7153518123667377 0.17307692307692307 0.02771855010660981 0.02403846153846154
1 0.41044776119402987 0.21474358974358973 0.02771855010660981 0.02403846153846154
1 0.326226012793177 0.34134615384615385 0.015991471215351813 0.041666666666666664
1 0.326226012793177 0.4807692307692308 0.015991471215351813 0.04006410256410257
1 0.22174840085287847 0.12179487179487179 0.02771855010660981 0.02403846153846154
1 0.006396588486140725 0.47836538461538464 0.010660980810234541 0.04326923076923077
1 0.12153518123667377 0.8685897435897436 0.050106609808102345 0.041666666666666664
1 0.12153518123667377 0.8108974358974359 0.050106609808102345 0.041666666666666664
1 0.12046908315565032 0.6442307692307693 0.050106609808102345 0.041666666666666664
1 0.007462686567164179 0.7572115384615384 0.01279317697228145 0.04326923076923077
4 0.753731343283582 0.453525641025641 0.053304904051172705 0.041666666666666664
4 0.6599147121535182 0.5641025641025641 0.029850746268656716 0.02564102564102564
4 0.8827292110874201 0.17307692307692307 0.02771855010660981 0.07692307692307693
4 0.8837953091684435 0.46634615384615385 0.02771855010660981 0.07692307692307693
4 0.8827292110874201 0.3685897435897436 0.02771855010660981 0.07692307692307693
4 0.8827292110874201 0.2708333333333333 0.02771855010660981 0.07692307692307693
4 0.8006396588486141 0.21474358974358973 0.026652452025586353 0.027243589743589744
4 0.9957356076759062 0.5504807692307693 0.006396588486140725 0.046474358974358976
4 0.3752665245202559 0.11698717948717949 0.02771855010660981 0.02403846153846154
4 0.3283582089552239 0.020833333333333332 0.0511727078891258 0.038461538461538464
4 0.35607675906183367 0.20192307692307693 0.050106609808102345 0.041666666666666664
4 0.13432835820895522 0.14583333333333334 0.028784648187633263 0.07692307692307693
4 0.007462686567164179 0.38221153846153844 0.01279317697228145 0.046474358974358976
4 0.007462686567164179 0.6610576923076923 0.01279317697228145 0.046474358974358976
4 0.006929637526652452 0.9375 0.011727078891257996 0.04807692307692308
0 0.755863539445629 0.05048076923076923 0.07036247334754797 0.09775641025641026
0 0.19722814498933902 0.4358974358974359 0.09381663113006397 0.28525641025641024
0 0.43923240938166314 0.4375 0.09381663113006397 0.28525641025641024