1 0.24470338983050846 0.7659235668789809 0.023305084745762712 0.06687898089171974
1 0.6334745762711864 0.7356687898089171 0.024364406779661018 0.020700636942675158
1 0.6334745762711864 0.695859872611465 0.025423728813559324 0.022292993630573247
1 0.5953389830508474 0.39012738853503187 0.025423728813559324 0.022292993630573247
1 0.4184322033898305 0.2054140127388535 0.013771186440677966 0.03821656050955414
1 0.5063559322033898 0.20382165605095542 0.014830508474576272 0.03662420382165605
0 0.6069915254237288 0.9148089171974523 0.336864406779661 0.16719745222929935
4 0.5720338983050848 0.7101910828025477 0.048728813559322036 0.03821656050955414
0 0.4152542372881356 0.42038216560509556 0.1620762711864407 0.24363057324840764
4 0.288135593220339 0.42197452229299365 0.015889830508474576 0.03980891719745223
4 0.3050847457627119 0.2197452229299363 0.015889830508474576 0.03980891719745223
4 0.3389830508474576 0.2070063694267516 0.015889830508474576 0.03980891719745223
4 0.3919491525423729 0.2054140127388535 0.015889830508474576 0.03662420382165605
4 0.4099576271186441 0.12579617834394904 0.014830508474576272 0.03821656050955414
4 0.461864406779661 0.12579617834394904 0.015889830508474576 0.03662420382165605
0 0.9210805084745762 0.9219745222929936 0.15783898305084745 0.15286624203821655
0 0.8442796610169492 0.43869426751592355 0.3093220338983051 0.5780254777070064
0 0.5773305084745762 0.27229299363057324 0.07309322033898305 0.14968152866242038