1 0.0550098231827112 0.058997050147492625 0.014734774066797643 0.03687315634218289
1 0.0014734774066797642 0.5899705014749262 0.0029469548133595285 0.02654867256637168
1 0.019155206286836934 0.665929203539823 0.03831041257367387 0.04277286135693215
1 0.07367387033398821 0.6637168141592921 0.02455795677799607 0.022123893805309734
1 0.21021611001964635 0.6386430678466076 0.03929273084479371 0.07374631268436578
1 0.2111984282907662 0.5221238938053098 0.03831041257367387 0.06932153392330384
1 0.20923379174852652 0.3303834808259587 0.025540275049115914 0.022123893805309734
1 0.2013752455795678 0.13569321533923304 0.014734774066797643 0.038348082595870206
1 0.2357563850687623 0.13569321533923304 0.014734774066797643 0.03687315634218289
1 0.009332023575638507 0.20353982300884957 0.018664047151277015 0.02654867256637168
1 0.12573673870333987 0.7566371681415929 0.04616895874263261 0.03687315634218289
1 0.2357563850687623 0.7153392330383481 0.02455795677799607 0.022123893805309734
1 0.5088408644400786 0.14749262536873156 0.014734774066797643 0.038348082595870206
1 0.5343811394891945 0.14749262536873156 0.014734774066797643 0.035398230088495575
1 0.3379174852652259 0.29056047197640117 0.02455795677799607 0.022123893805309734
1 0.6542239685658153 0.3407079646017699 0.02455795677799607 0.02359882005899705
1 0.7053045186640472 0.3407079646017699 0.023575638506876228 0.02064896755162242
1 0.7996070726915521 0.35398230088495575 0.023575638506876228 0.022123893805309734
1 0.8634577603143418 0.34365781710914456 0.023575638506876228 0.022123893805309734
1 0.8870333988212181 0.1976401179941003 0.02455795677799607 0.02359882005899705
1 0.5952848722986247 0.3407079646017699 0.02455795677799607 0.02064896755162242
1 0.518664047151277 0.47050147492625366 0.04616895874263261 0.03687315634218289
1 0.5176817288801572 0.5221238938053098 0.04616895874263261 0.03687315634218289
1 0.37328094302554027 0.6504424778761062 0.02455795677799607 0.022123893805309734
4 0.03929273084479371 0.5870206489675516 0.025540275049115914 0.02359882005899705
4 0.13359528487229863 0.5870206489675516 0.025540275049115914 0.022123893805309734
4 0.055992141453831044 0.7536873156342183 0.0275049115913556 0.022123893805309734
4 0.1969548133595285 0.018436578171091445 0.01669941060903733 0.03687315634218289
4 0.31335952848722987 0.21386430678466076 0.026522593320235755 0.07227138643067847
4 0.8870333988212181 0.045722713864306784 0.025540275049115914 0.02064896755162242
4 0.5343811394891945 0.22566371681415928 0.015717092337917484 0.03687315634218289
4 0.5353634577603144 0.00663716814159292 0.01768172888015717 0.01327433628318584
4 0.5078585461689588 0.07374631268436578 0.015717092337917484 0.03687315634218289
4 0.44204322200392926 0.1224188790560472 0.0275049115913556 0.02359882005899705
4 0.5343811394891945 0.07079646017699115 0.015717092337917484 0.03687315634218289
4 0.31335952848722987 0.058997050147492625 0.026522593320235755 0.07227138643067847
4 0.31335952848722987 0.13716814159292035 0.026522593320235755 0.07227138643067847
4 0.28585461689587427 0.2920353982300885 0.029469548133595286 0.029498525073746312
4 0.3801571709233792 0.29056047197640117 0.026522593320235755 0.02359882005899705
4 0.21021611001964635 0.38200589970501475 0.025540275049115914 0.025073746312684365
4 0.20923379174852652 0.41887905604719766 0.025540275049115914 0.022123893805309734
4 0.888015717092338 0.2890855457227139 0.025540275049115914 0.022123893805309734
4 0.8870333988212181 0.5457227138643068 0.025540275049115914 0.02064896755162242
4 0.8870333988212181 0.5973451327433629 0.025540275049115914 0.022123893805309734
5 0.4056974459724951 0.4056047197640118 0.02455795677799607 0.06342182890855458
5 0.47445972495088407 0.5899705014749262 0.02455795677799607 0.06342182890855458
4 0.2200392927308448 0.883480825958702 0.07662082514734773 0.05752212389380531
4 0.36738703339882123 0.5412979351032449 0.03732809430255403 0.10914454277286136
4 0.2200392927308448 0.7802359882005899 0.07662082514734773 0.05752212389380531
4 0.42337917485265225 0.49852507374631266 0.021611001964636542 0.04424778761061947
4 0.42337917485265225 0.6017699115044248 0.021611001964636542 0.04424778761061947
0 0.08153241650294696 0.3967551622418879 0.08840864440078586 0.25958702064896755
0 0.06974459724950884 0.8569321533923304 0.05992141453831041 0.10176991150442478
0 0.35952848722986247 0.8244837758112095 0.1444007858546169 0.11061946902654868
0 0.7072691552062869 0.13716814159292035 0.25147347740667975 0.21386430678466076
0 0.2966601178781925 0.5707964601769911 0.06974459724950884 0.084070796460177