1 0.134375 0.7115987460815048 0.027083333333333334 0.025078369905956112
1 0.13333333333333333 0.5470219435736677 0.028125 0.023510971786833857
1 0.13229166666666667 0.384012539184953 0.027083333333333334 0.023510971786833857
1 0.340625 0.054858934169279 0.04895833333333333 0.03761755485893417
1 0.33958333333333335 0.011755485893416929 0.05 0.02037617554858934
1 0.46145833333333336 0.7648902821316614 0.016666666666666666 0.03761755485893417
1 0.8104166666666667 0.7774294670846394 0.017708333333333333 0.04231974921630094
1 0.396875 0.9153605015673981 0.015625 0.03918495297805643
1 0.425 0.9137931034482759 0.016666666666666666 0.04075235109717868
1 0.46041666666666664 0.9153605015673981 0.015625 0.03918495297805643
1 0.6520833333333333 0.9137931034482759 0.027083333333333334 0.023510971786833857
1 0.7604166666666666 0.8996865203761756 0.015625 0.03918495297805643
1 0.5979166666666667 0.8307210031347962 0.015625 0.03918495297805643
1 0.34270833333333334 0.49216300940438873 0.04895833333333333 0.03761755485893417
1 0.3416666666666667 0.438871473354232 0.04895833333333333 0.04075235109717868
1 0.34270833333333334 0.274294670846395 0.051041666666666666 0.03761755485893417
1 0.340625 0.22100313479623823 0.05 0.04075235109717868
1 0.3416666666666667 0.6567398119122257 0.04895833333333333 0.04075235109717868
1 0.9510416666666667 0.7492163009404389 0.016666666666666666 0.04075235109717868
4 0.325 0.9263322884012539 0.029166666666666667 0.023510971786833857
4 0.21666666666666667 0.6692789968652038 0.029166666666666667 0.0768025078369906
4 0.21666666666666667 0.5062695924764891 0.029166666666666667 0.07523510971786834
4 0.13333333333333333 0.6426332288401254 0.026041666666666668 0.023510971786833857
4 0.13333333333333333 0.6003134796238244 0.027083333333333334 0.023510971786833857
4 0.13229166666666667 0.493730407523511 0.026041666666666668 0.025078369905956112
4 0.13229166666666667 0.45141065830721006 0.026041666666666668 0.023510971786833857
4 0.515625 0.7633228840125392 0.016666666666666666 0.03918495297805643
4 0.54375 0.7617554858934169 0.015625 0.03918495297805643
4 0.6427083333333333 0.7492163009404389 0.051041666666666666 0.04231974921630094
4 0.6416666666666667 0.8322884012539185 0.051041666666666666 0.04231974921630094
4 0.715625 0.8322884012539185 0.051041666666666666 0.04231974921630094
4 0.7145833333333333 0.7507836990595611 0.051041666666666666 0.04231974921630094
4 0.8510416666666667 0.7758620689655172 0.051041666666666666 0.04075235109717868
4 0.8791666666666667 0.8981191222570533 0.051041666666666666 0.04075235109717868
4 0.8145833333333333 0.896551724137931 0.016666666666666666 0.04075235109717868
4 0.784375 0.7758620689655172 0.015625 0.03918495297805643
4 0.9052083333333333 0.7601880877742947 0.016666666666666666 0.04075235109717868
4 0.13333333333333333 0.30094043887147337 0.027083333333333334 0.025078369905956112
4 0.21458333333333332 0.3432601880877743 0.027083333333333334 0.025078369905956112
4 0.21458333333333332 0.30250783699059564 0.027083333333333334 0.025078369905956112