1 0.9754420432220039 0.06047197640117994 0.014734774066797643 0.03687315634218289
1 0.6925343811394892 0.058997050147492625 0.014734774066797643 0.038348082595870206
1 0.6149312377210217 0.061946902654867256 0.02455795677799607 0.02359882005899705
1 0.5736738703339882 0.06047197640117994 0.014734774066797643 0.038348082595870206
1 0.24656188605108054 0.3834808259587021 0.025540275049115914 0.022123893805309734
1 0.17779960707269155 0.5147492625368731 0.04518664047151277 0.038348082595870206
1 0.24656188605108054 0.5250737463126843 0.025540275049115914 0.022123893805309734
1 0.48722986247544203 0.5117994100294986 0.02455795677799607 0.06637168141592921
1 0.6070726915520629 0.49852507374631266 0.029469548133595286 0.029498525073746312
1 0.8477406679764243 0.6268436578171092 0.025540275049115914 0.02359882005899705
1 0.9901768172888016 0.5899705014749262 0.01768172888015717 0.02654867256637168
1 0.9587426326129665 0.6637168141592921 0.025540275049115914 0.02359882005899705
1 0.9076620825147348 0.6651917404129793 0.02455795677799607 0.022123893805309734
1 0.9980353634577603 0.665929203539823 0.0019646365422396855 0.04277286135693215
1 0.9980353634577603 0.20353982300884957 0.0019646365422396855 0.02654867256637168
1 0.7956777996070727 0.6902654867256637 0.047151277013752456 0.035398230088495575
1 0.6070726915520629 0.6917404129793511 0.04616895874263261 0.03687315634218289
1 0.4950884086444008 0.8082595870206489 0.014734774066797643 0.038348082595870206
0 0.5127701375245579 0.6843657817109144 0.03339882121807466 0.03392330383480826
4 0.8231827111984283 0.16371681415929204 0.025540275049115914 0.07079646017699115
4 0.6345776031434185 0.0029498525073746312 0.05108055009823183 0.0058997050147492625
4 0.8231827111984283 0.029498525073746312 0.0275049115913556 0.058997050147492625
4 0.5913555992141454 0.2168141592920354 0.015717092337917484 0.03687315634218289
4 0.48722986247544203 0.16371681415929204 0.014734774066797643 0.035398230088495575
4 0.48772102161100195 0.015486725663716814 0.01669941060903733 0.030973451327433628
4 0.48722986247544203 0.0855457227138643 0.014734774066797643 0.038348082595870206
4 0.17779960707269155 0.6386430678466076 0.04420432220039293 0.038348082595870206
4 0.17681728880157171 0.5766961651917404 0.04420432220039293 0.038348082595870206
4 0.20333988212180745 0.6917404129793511 0.026522593320235755 0.022123893805309734
4 0.30648330058939094 0.7315634218289085 0.02455795677799607 0.022123893805309734
4 0.20333988212180745 0.7315634218289085 0.02455795677799607 0.022123893805309734
4 0.2554027504911591 0.7315634218289085 0.02455795677799607 0.022123893805309734
4 0.37524557956778 0.6917404129793511 0.015717092337917484 0.038348082595870206
4 0.4017681728880157 0.6932153392330384 0.01669941060903733 0.038348082595870206
4 0.3074656188605108 0.6784660766961652 0.025540275049115914 0.022123893805309734
4 0.45284872298624756 0.6799410029498525 0.015717092337917484 0.038348082595870206
4 0.5402750491159135 0.5501474926253688 0.025540275049115914 0.07374631268436578
4 0.6080550098231827 0.588495575221239 0.01669941060903733 0.038348082595870206
4 0.7102161100196464 0.5766961651917404 0.01669941060903733 0.038348082595870206
4 0.7367387033398821 0.6902654867256637 0.025540275049115914 0.022123893805309734
4 0.8899803536345776 0.588495575221239 0.026522593320235755 0.022123893805309734
5 0.23772102161100198 0.3053097345132743 0.023575638506876228 0.06932153392330384
5 0.6591355599214146 0.5796460176991151 0.025540275049115914 0.06932153392330384
0 0.7053045186640472 0.36283185840707965 0.06581532416502947 0.1415929203539823
0 0.5432220039292731 0.3613569321533923 0.06581532416502947 0.1415929203539823
0 0.8988212180746562 0.3952802359882006 0.08840864440078586 0.25958702064896755
0 0.2779960707269155 0.8156342182890856 0.068762278978389 0.11799410029498525
0 0.4155206286836935 0.831858407079646 0.05893909626719057 0.10324483775811209
0 0.8988212180746562 0.3952802359882006 0.08840864440078586 0.25958702064896755
0 0.9322200392927309 0.8584070796460177 0.05992141453831041 0.10176991150442478