1 0.56875 0.9545454545454546 0.025 0.02037617554858934
1 0.5072916666666667 0.9169278996865203 0.025 0.023510971786833857
1 0.3416666666666667 0.9012539184952978 0.013541666666666667 0.03605015673981191
1 0.36770833333333336 0.9012539184952978 0.013541666666666667 0.03605015673981191
1 0.865625 0.7492163009404389 0.023958333333333335 0.023510971786833857
1 0.8666666666666667 0.5924764890282131 0.023958333333333335 0.023510971786833857
1 0.39479166666666665 0.6520376175548589 0.015625 0.03918495297805643
1 0.3333333333333333 0.5736677115987461 0.013541666666666667 0.03918495297805643
1 0.24583333333333332 0.335423197492163 0.015625 0.03918495297805643
1 0.246875 0.19122257053291536 0.015625 0.03761755485893417
1 0.115625 0.30877742946708464 0.017708333333333333 0.04075235109717868
2 0.11354166666666667 0.20219435736677116 0.027083333333333334 0.06896551724137931
0 0.9380208333333333 0.9231974921630094 0.121875 0.15047021943573669
0 0.75 0.6630094043887147 0.06875 0.16614420062695925
0 0.7489583333333333 0.8855799373040752 0.06875 0.16614420062695925
4 0.6385416666666667 0.6159874608150471 0.026041666666666668 0.07210031347962383
4 0.6385416666666667 0.9310344827586207 0.026041666666666668 0.07210031347962383
4 0.6385416666666667 0.8385579937304075 0.026041666666666668 0.07210031347962383
4 0.6395833333333333 0.7084639498432602 0.026041666666666668 0.07210031347962383
4 0.5177083333333333 0.6410658307210031 0.026041666666666668 0.023510971786833857
4 0.46458333333333335 0.6410658307210031 0.028125 0.02664576802507837
0 0.9875 0.4482758620689655 0.022916666666666665 0.5705329153605015
0 0.4739583333333333 0.30877742946708464 0.20520833333333333 0.30877742946708464
0 0.7885416666666667 0.3103448275862069 0.20520833333333333 0.30877742946708464
4 0.4635416666666667 0.9028213166144201 0.015625 0.03605015673981191
4 0.28958333333333336 0.9012539184952978 0.014583333333333334 0.03761755485893417
4 0.315625 0.9012539184952978 0.014583333333333334 0.03761755485893417
4 0.2625 0.9012539184952978 0.013541666666666667 0.03605015673981191
0 0.30104166666666665 0.7382445141065831 0.09583333333333334 0.10188087774294671
4 0.30833333333333335 0.493730407523511 0.014583333333333334 0.03918495297805643
4 0.3072916666666667 0.5721003134796239 0.014583333333333334 0.03918495297805643
4 0.28229166666666666 0.4952978056426332 0.014583333333333334 0.03605015673981191
4 0.2552083333333333 0.4952978056426332 0.014583333333333334 0.03605015673981191
4 0.28229166666666666 0.33699059561128525 0.027083333333333334 0.07366771159874608
4 0.28541666666666665 0.2476489028213166 0.026041666666666668 0.025078369905956112
4 0.30625 0.19278996865203762 0.015625 0.034482758620689655
0 0.5260416666666666 0.7617554858934169 0.07395833333333333 0.15203761755485892