1 0.06286836935166994 0.2949852507374631 0.0137524557956778 0.03687315634218289
1 0.06286836935166994 0.18141592920353983 0.014734774066797643 0.03687315634218289
1 0.0275049115913556 0.09144542772861357 0.014734774066797643 0.035398230088495575
1 0.24950884086444008 0.07669616519174041 0.02455795677799607 0.022123893805309734
1 0.15618860510805502 0.24336283185840707 0.0137524557956778 0.03687315634218289
1 0.2593320235756385 0.3967551622418879 0.025540275049115914 0.022123893805309734
1 0.26031434184675833 0.4365781710914454 0.023575638506876228 0.02064896755162242
1 0.06385068762278978 0.3834808259587021 0.014734774066797643 0.03687315634218289
1 0.06385068762278978 0.5132743362831859 0.014734774066797643 0.03687315634218289
1 0.0206286836935167 0.6283185840707964 0.02455795677799607 0.022123893805309734
1 0.0550098231827112 0.9365781710914455 0.015717092337917484 0.038348082595870206
1 0.3703339882121807 0.23008849557522124 0.014734774066797643 0.03687315634218289
1 0.5412573673870335 0.3967551622418879 0.025540275049115914 0.022123893805309734
1 0.6178781925343811 0.28171091445427726 0.014734774066797643 0.03687315634218289
1 0.6168958742632613 0.15339233038348082 0.014734774066797643 0.03687315634218289
1 0.7161100196463654 0.4808259587020649 0.02455795677799607 0.022123893805309734
1 0.33595284872298625 0.5132743362831859 0.025540275049115914 0.022123893805309734
1 0.9145383104125737 0.15486725663716813 0.014734774066797643 0.038348082595870206
1 0.431237721021611 0.6297935103244838 0.023575638506876228 0.022123893805309734
1 0.3968565815324165 0.640117994100295 0.015717092337917484 0.03687315634218289
1 0.431237721021611 0.6666666666666666 0.02455795677799607 0.022123893805309734
1 0.3369351669941061 0.6533923303834809 0.02455795677799607 0.02064896755162242
1 0.3369351669941061 0.7315634218289085 0.023575638506876228 0.022123893805309734
1 0.43222003929273084 0.7669616519174042 0.02455795677799607 0.022123893805309734
1 0.47445972495088407 0.8215339233038348 0.025540275049115914 0.02359882005899705
1 0.3369351669941061 0.8716814159292036 0.023575638506876228 0.022123893805309734
1 0.35461689587426326 0.9749262536873157 0.02455795677799607 0.022123893805309734
1 0.48428290766208254 0.9616519174041298 0.04616895874263261 0.03687315634218289
1 0.5943025540275049 0.9365781710914455 0.02455795677799607 0.022123893805309734
1 0.6532416502946955 0.9365781710914455 0.02455795677799607 0.02359882005899705
1 0.7043222003929273 0.9351032448377581 0.023575638506876228 0.022123893805309734
1 0.6964636542239686 0.8200589970501475 0.014734774066797643 0.038348082595870206
1 0.7220039292730844 0.8185840707964602 0.014734774066797643 0.038348082595870206
1 0.7475442043222004 0.8215339233038348 0.014734774066797643 0.038348082595870206
1 0.7721021611001965 0.8185840707964602 0.014734774066797643 0.03687315634218289
4 0.0019646365422396855 0.09144542772861357 0.003929273084479371 0.04129793510324484
4 0.10609037328094302 0.4365781710914454 0.025540275049115914 0.07079646017699115
4 0.10609037328094302 0.168141592920354 0.025540275049115914 0.07079646017699115
4 0.10609037328094302 0.2581120943952802 0.025540275049115914 0.07079646017699115
4 0.10609037328094302 0.3466076696165192 0.025540275049115914 0.07079646017699115
4 0.10707269155206287 0.7315634218289085 0.04616895874263261 0.03982300884955752
4 0.03831041257367387 0.7182890855457227 0.04616895874263261 0.03982300884955752
4 0.10707269155206287 0.6415929203539823 0.025540275049115914 0.022123893805309734
4 0.224950884086444 0.17994100294985252 0.04911591355599214 0.03982300884955752
4 0.3094302554027505 0.07817109144542773 0.026522593320235755 0.022123893805309734
4 0.5923379174852652 0.41002949852507375 0.04911591355599214 0.03982300884955752
4 0.7976424361493124 0.4616519174041298 0.025540275049115914 0.06932153392330384
4 0.9145383104125737 0.2448377581120944 0.014734774066797643 0.04129793510324484
4 0.574656188605108 0.4882005899705015 0.025540275049115914 0.022123893805309734
4 0.6178781925343811 0.5781710914454278 0.04911591355599214 0.038348082595870206
4 0.18271119842829076 0.3997050147492625 0.02455795677799607 0.02359882005899705
4 0.26719056974459726 0.9705014749262537 0.015717092337917484 0.038348082595870206
4 0.5854616895874263 0.8333333333333334 0.047151277013752456 0.03982300884955752
4 0.8732809430255403 0.8333333333333334 0.025540275049115914 0.022123893805309734
4 0.8870333988212181 0.9100294985250738 0.02455795677799607 0.022123893805309734
0 0.7858546168958742 0.9233038348082596 0.023575638506876228 0.045722713864306784
4 0.5353634577603144 0.9889380530973452 0.01768172888015717 0.019174041297935103
0 0.5225933202357563 0.6917404129793511 0.0618860510805501 0.10471976401179942
0 0.7357563850687623 0.6474926253687315 0.09921414538310412 0.11504424778761062
0 0.22298624754420432 0.803834808259587 0.06286836935166994 0.16224188790560473
0 0.22298624754420432 0.584070796460177 0.06286836935166994 0.16224188790560473
0 0.7367387033398821 0.19469026548672566 0.08742632612966601 0.25958702064896755
0 0.5147347740667977 0.19174041297935104 0.08742632612966601 0.25958702064896755