1 0.029661016949152543 0.016719745222929936 0.01694915254237288 0.03343949044585987
1 0.005826271186440678 0.6679936305732485 0.011652542372881356 0.04617834394904458
1 0.04978813559322034 0.6656050955414012 0.026483050847457626 0.02388535031847134
1 0.19703389830508475 0.6385350318471338 0.0423728813559322 0.07961783439490445
1 0.19809322033898305 0.5127388535031847 0.0413135593220339 0.07484076433121019
1 0.19597457627118645 0.3057324840764331 0.02754237288135593 0.02388535031847134
1 0.1875 0.09554140127388536 0.015889830508474576 0.041401273885350316
1 0.2245762711864407 0.09554140127388536 0.015889830508474576 0.03980891719745223
1 0.1059322033898305 0.7659235668789809 0.04978813559322034 0.03980891719745223
1 0.2245762711864407 0.7213375796178344 0.026483050847457626 0.02388535031847134
1 0.5190677966101694 0.10828025477707007 0.015889830508474576 0.041401273885350316
1 0.5466101694915254 0.10828025477707007 0.015889830508474576 0.03821656050955414
1 0.3347457627118644 0.2627388535031847 0.026483050847457626 0.02388535031847134
1 0.6758474576271186 0.31687898089171973 0.026483050847457626 0.025477707006369428
1 0.7309322033898306 0.31687898089171973 0.025423728813559324 0.022292993630573247
1 0.8326271186440678 0.33121019108280253 0.025423728813559324 0.02388535031847134
1 0.9014830508474576 0.3200636942675159 0.025423728813559324 0.02388535031847134
1 0.926906779661017 0.1624203821656051 0.026483050847457626 0.025477707006369428
1 0.6122881355932204 0.31687898089171973 0.026483050847457626 0.022292993630573247
1 0.5296610169491526 0.4570063694267516 0.04978813559322034 0.03980891719745223
1 0.5286016949152542 0.5127388535031847 0.04978813559322034 0.03980891719745223
1 0.3728813559322034 0.6512738853503185 0.026483050847457626 0.02388535031847134
4 0.013771186440677966 0.5835987261146497 0.02754237288135593 0.027070063694267517
4 0.11440677966101695 0.5828025477707006 0.02754237288135593 0.02388535031847134
4 0.03072033898305085 0.7627388535031847 0.029661016949152543 0.02388535031847134
4 0.3082627118644068 0.17993630573248406 0.028601694915254237 0.07802547770700637
4 0.9274364406779662 0.005573248407643312 0.028601694915254237 0.011146496815286623
4 0.5466101694915254 0.1926751592356688 0.01694915254237288 0.03980891719745223
4 0.5180084745762712 0.028662420382165606 0.01694915254237288 0.03980891719745223
4 0.4470338983050847 0.08121019108280254 0.029661016949152543 0.025477707006369428
4 0.5466101694915254 0.025477707006369428 0.01694915254237288 0.03980891719745223
4 0.3082627118644068 0.026273885350318472 0.029661016949152543 0.052547770700636945
4 0.3082627118644068 0.09713375796178345 0.028601694915254237 0.07802547770700637
4 0.2786016949152542 0.2643312101910828 0.03177966101694915 0.03184713375796178
4 0.3802966101694915 0.2627388535031847 0.028601694915254237 0.025477707006369428
4 0.19703389830508475 0.3614649681528662 0.02754237288135593 0.027070063694267517
4 0.19597457627118645 0.4012738853503185 0.02754237288135593 0.02388535031847134
4 0.9279661016949152 0.2611464968152866 0.02754237288135593 0.02388535031847134
4 0.926906779661017 0.5382165605095541 0.02754237288135593 0.022292993630573247
4 0.926906779661017 0.5939490445859873 0.02754237288135593 0.02388535031847134
5 0.4078389830508475 0.3869426751592357 0.026483050847457626 0.06847133757961783
5 0.4819915254237288 0.5859872611464968 0.026483050847457626 0.06847133757961783
4 0.2076271186440678 0.9028662420382165 0.0826271186440678 0.06210191082802548
4 0.3665254237288136 0.5334394904458599 0.04025423728813559 0.1178343949044586
4 0.2076271186440678 0.7914012738853503 0.0826271186440678 0.06210191082802548
4 0.4269067796610169 0.4872611464968153 0.023305084745762712 0.04777070063694268
4 0.4269067796610169 0.5987261146496815 0.023305084745762712 0.04777070063694268
0 0.05826271186440678 0.37738853503184716 0.09533898305084745 0.2802547770700637
0 0.045550847457627115 0.8742038216560509 0.0646186440677966 0.10987261146496816
0 0.3580508474576271 0.839171974522293 0.15572033898305085 0.11942675159235669
0 0.7335805084745762 0.10668789808917198 0.2722457627118644 0.21337579617834396
0 0.2902542372881356 0.5652866242038217 0.07521186440677965 0.09076433121019108