1 0.12989690721649486 0.7244582043343654 0.026804123711340205 0.02476780185758514
1 0.12886597938144329 0.5619195046439629 0.027835051546391754 0.02321981424148607
1 0.12783505154639174 0.40092879256965946 0.026804123711340205 0.02321981424148607
1 0.334020618556701 0.07585139318885449 0.04845360824742268 0.03715170278637771
1 0.33298969072164947 0.02321981424148607 0.04845360824742268 0.04024767801857585
1 0.4536082474226804 0.7770897832817337 0.016494845360824743 0.03715170278637771
1 0.7989690721649485 0.7894736842105263 0.01752577319587629 0.04179566563467492
1 0.38969072164948454 0.9256965944272446 0.015463917525773196 0.03869969040247678
1 0.4175257731958763 0.9241486068111455 0.016494845360824743 0.04024767801857585
1 0.45257731958762887 0.9256965944272446 0.015463917525773196 0.03869969040247678
1 0.6422680412371135 0.9241486068111455 0.026804123711340205 0.02321981424148607
1 0.7494845360824742 0.9102167182662538 0.015463917525773196 0.03869969040247678
1 0.588659793814433 0.8421052631578947 0.015463917525773196 0.03869969040247678
1 0.33608247422680415 0.5077399380804953 0.04845360824742268 0.03715170278637771
1 0.33505154639175255 0.4551083591331269 0.04845360824742268 0.04024767801857585
1 0.33608247422680415 0.29256965944272445 0.050515463917525774 0.03715170278637771
1 0.334020618556701 0.23993808049535603 0.049484536082474224 0.04024767801857585
1 0.33505154639175255 0.6702786377708978 0.04845360824742268 0.04024767801857585
1 0.9381443298969072 0.7616099071207431 0.016494845360824743 0.04024767801857585
1 0.9917525773195877 0.760061919504644 0.015463917525773196 0.03869969040247678
4 0.3185567010309278 0.9365325077399381 0.0288659793814433 0.02321981424148607
4 0.211340206185567 0.6826625386996904 0.0288659793814433 0.07585139318885449
4 0.211340206185567 0.521671826625387 0.0288659793814433 0.07430340557275542
4 0.12886597938144329 0.6563467492260062 0.02577319587628866 0.02321981424148607
4 0.12886597938144329 0.6145510835913313 0.026804123711340205 0.02321981424148607
4 0.12783505154639174 0.5092879256965944 0.02577319587628866 0.02476780185758514
4 0.12783505154639174 0.4674922600619195 0.02577319587628866 0.02321981424148607
4 0.5072164948453608 0.7755417956656346 0.016494845360824743 0.03869969040247678
4 0.5350515463917526 0.7739938080495357 0.015463917525773196 0.03869969040247678
4 0.6329896907216495 0.7616099071207431 0.050515463917525774 0.04179566563467492
4 0.6319587628865979 0.8436532507739938 0.050515463917525774 0.04179566563467492
4 0.7051546391752578 0.8436532507739938 0.050515463917525774 0.04179566563467492
4 0.7041237113402062 0.7631578947368421 0.050515463917525774 0.04179566563467492
4 0.8391752577319588 0.7879256965944272 0.050515463917525774 0.04024767801857585
4 0.8670103092783505 0.9086687306501547 0.050515463917525774 0.04024767801857585
4 0.8030927835051547 0.9071207430340558 0.016494845360824743 0.04024767801857585
4 0.7731958762886598 0.7879256965944272 0.015463917525773196 0.03869969040247678
4 0.8927835051546392 0.7724458204334366 0.016494845360824743 0.04024767801857585
4 0.12886597938144329 0.3188854489164087 0.026804123711340205 0.02476780185758514
4 0.20927835051546392 0.3606811145510836 0.026804123711340205 0.02476780185758514
4 0.20927835051546392 0.3204334365325077 0.026804123711340205 0.02476780185758514