1 0.4110169491525424 0.589171974522293 0.0635593220338983 0.16560509554140126
1 0.1716101694915254 0.8710191082802548 0.0635593220338983 0.16560509554140126
1 0.24364406779661016 0.8742038216560509 0.0635593220338983 0.16560509554140126
1 0.3146186440677966 0.8742038216560509 0.0635593220338983 0.16560509554140126
1 0.375 0.8280254777070064 0.014830508474576272 0.03821656050955414
1 0.4004237288135593 0.8264331210191083 0.013771186440677966 0.03821656050955414
1 0.649364406779661 0.48089171974522293 0.014830508474576272 0.03821656050955414
1 0.6048728813559322 0.48089171974522293 0.013771186440677966 0.03662420382165605
1 0.7108050847457628 0.49363057324840764 0.025423728813559324 0.07006369426751592
1 0.11758474576271187 0.4570063694267516 0.013771186440677966 0.03980891719745223
1 0.7733050847457628 0.5063694267515924 0.014830508474576272 0.03980891719745223
2 0.8633474576271186 0.9585987261146497 0.026483050847457626 0.07165605095541401
0 0.021716101694915255 0.535031847133758 0.04343220338983051 0.3089171974522293
2 0.1260593220338983 0.6035031847133758 0.04449152542372881 0.12261146496815287
5 0.3919491525423729 0.75 0.026483050847457626 0.06687898089171974
5 0.3908898305084746 0.9203821656050956 0.026483050847457626 0.06687898089171974
2 0.3908898305084746 0.4299363057324841 0.026483050847457626 0.06210191082802548
5 0.3283898305084746 0.428343949044586 0.026483050847457626 0.06210191082802548
0 0.0423728813559322 0.12738853503184713 0.0847457627118644 0.2515923566878981
0 0.267478813559322 0.15286624203821655 0.2065677966101695 0.30254777070063693
4 0.7902542372881356 0.9426751592356688 0.029661016949152543 0.030254777070063694
4 0.4968220338983051 0.571656050955414 0.020127118644067795 0.044585987261146494
4 0.746822033898305 0.5063694267515924 0.014830508474576272 0.03821656050955414
4 0.6758474576271186 0.47929936305732485 0.015889830508474576 0.03980891719745223
4 0.5328389830508474 0.48089171974522293 0.014830508474576272 0.03662420382165605
0 0.6308262711864406 0.18312101910828024 0.2913135593220339 0.3630573248407643