1 0.2375 0.6050156739811913 0.027083333333333334 0.023510971786833857
1 0.3645833333333333 0.438871473354232 0.017708333333333333 0.04075235109717868
1 0.13645833333333332 0.4263322884012539 0.015625 0.03761755485893417
1 0.0375 0.493730407523511 0.016666666666666666 0.03918495297805643
1 0.005208333333333333 0.5901253918495298 0.010416666666666666 0.04231974921630094
1 0.0375 0.3714733542319749 0.015625 0.03918495297805643
1 0.0375 0.27586206896551724 0.015625 0.04075235109717868
1 0.0375 0.13793103448275862 0.015625 0.04075235109717868
1 0.0026041666666666665 0.01567398119122257 0.005208333333333333 0.025078369905956112
1 0.246875 0.2617554858934169 0.027083333333333334 0.023510971786833857
1 0.32708333333333334 0.13949843260188088 0.027083333333333334 0.023510971786833857
1 0.246875 0.22100313479623823 0.027083333333333334 0.023510971786833857
1 0.390625 0.011755485893416929 0.016666666666666666 0.02037617554858934
1 0.4270833333333333 0.01567398119122257 0.027083333333333334 0.025078369905956112
1 0.5447916666666667 0.2617554858934169 0.027083333333333334 0.023510971786833857
1 0.6270833333333333 0.38557993730407525 0.015625 0.04075235109717868
1 0.6270833333333333 0.5219435736677116 0.015625 0.03918495297805643
1 0.7291666666666666 0.17084639498432602 0.027083333333333334 0.023510971786833857
1 0.9416666666666667 0.5203761755485894 0.014583333333333334 0.04075235109717868
1 0.8270833333333333 0.9012539184952978 0.04895833333333333 0.04075235109717868
1 0.8270833333333333 0.8448275862068966 0.04895833333333333 0.04075235109717868
1 0.828125 0.6818181818181818 0.04895833333333333 0.04075235109717868
1 0.9416666666666667 0.7931034482758621 0.017708333333333333 0.04075235109717868
4 0.209375 0.4952978056426332 0.052083333333333336 0.04075235109717868
4 0.30104166666666665 0.603448275862069 0.029166666666666667 0.025078369905956112
4 0.08333333333333333 0.22100313479623823 0.027083333333333334 0.07523510971786834
4 0.08229166666666667 0.5078369905956113 0.027083333333333334 0.07523510971786834
4 0.08333333333333333 0.4122257053291536 0.027083333333333334 0.07523510971786834
4 0.08333333333333333 0.3166144200626959 0.027083333333333334 0.07523510971786834
4 0.16354166666666667 0.2617554858934169 0.026041666666666668 0.02664576802507837
4 0.5791666666666667 0.16614420062695925 0.027083333333333334 0.023510971786833857
4 0.625 0.07053291536050156 0.04895833333333333 0.04075235109717868
4 0.5979166666666667 0.24921630094043887 0.04895833333333333 0.04075235109717868
4 0.8145833333333333 0.19435736677115986 0.028125 0.07523510971786834
4 0.9416666666666667 0.4263322884012539 0.017708333333333333 0.0438871473354232
4 0.940625 0.6990595611285266 0.015625 0.0438871473354232
4 0.9416666666666667 0.9686520376175548 0.015625 0.045454545454545456
0 0.20729166666666668 0.07523510971786834 0.06875 0.14733542319749215
0 0.753125 0.4780564263322884 0.09166666666666666 0.27899686520376177
0 0.5166666666666667 0.47962382445141066 0.09166666666666666 0.27899686520376177