1 0.340625 0.6865203761755486 0.04895833333333333 0.04075235109717868
1 0.340625 0.9059561128526645 0.051041666666666666 0.03761755485893417
1 0.340625 0.8510971786833855 0.05 0.04075235109717868
1 0.5864583333333333 0.5219435736677116 0.026041666666666668 0.023510971786833857
1 0.7416666666666667 0.5078369905956113 0.015625 0.04075235109717868
1 0.8135416666666667 0.5909090909090909 0.016666666666666666 0.04075235109717868
1 0.721875 0.11128526645768025 0.027083333333333334 0.023510971786833857
1 0.6125 0.13793103448275862 0.030208333333333334 0.0768025078369906
1 0.7854166666666667 0.01567398119122257 0.027083333333333334 0.025078369905956112
1 0.840625 0.01567398119122257 0.027083333333333334 0.023510971786833857
1 0.95 0.2884012539184953 0.027083333333333334 0.025078369905956112
1 0.9770833333333333 0.01567398119122257 0.027083333333333334 0.023510971786833857
4 0.640625 0.5219435736677116 0.027083333333333334 0.025078369905956112
4 0.6677083333333333 0.30407523510971785 0.027083333333333334 0.023510971786833857
4 0.721875 0.38557993730407525 0.027083333333333334 0.023510971786833857
4 0.721875 0.3448275862068966 0.027083333333333334 0.023510971786833857
4 0.721875 0.30250783699059564 0.027083333333333334 0.023510971786833857
4 0.5302083333333333 0.01567398119122257 0.027083333333333334 0.025078369905956112
4 0.48541666666666666 0.0109717868338558 0.01875 0.018808777429467086
4 0.9020833333333333 0.5924764890282131 0.052083333333333336 0.04075235109717868
4 0.959375 0.5909090909090909 0.052083333333333336 0.04075235109717868
4 0.8510416666666667 0.5893416927899686 0.015625 0.03918495297805643
4 0.9125 0.012539184952978056 0.052083333333333336 0.0219435736677116
0 0.421875 0.27586206896551724 0.215625 0.3181818181818182