1 0.5010183299389002 0.599388379204893 0.014256619144602852 0.035168195718654434
1 0.6680244399185336 0.41743119266055045 0.026476578411405296 0.021406727828746176
1 0.5845213849287169 0.5963302752293578 0.014256619144602852 0.03669724770642202
1 0.3258655804480652 0.07033639143730887 0.023421588594704685 0.06574923547400612
4 0.37067209775967414 0.24617737003058104 0.016293279022403257 0.03669724770642202
4 0.3727087576374745 0.39755351681957185 0.016293279022403257 0.039755351681957186
4 0.3910386965376782 0.5902140672782875 0.015274949083503055 0.039755351681957186
4 0.42464358452138495 0.6024464831804281 0.015274949083503055 0.039755351681957186
4 0.4755600814663951 0.6009174311926605 0.015274949083503055 0.03669724770642202
4 0.49287169042769857 0.6743119266055045 0.015274949083503055 0.0382262996941896
4 0.5427698574338086 0.672782874617737 0.015274949083503055 0.0382262996941896
0 0.4959266802443992 0.39143730886850153 0.159877800407332 0.23547400611620795
0 0.8757637474541752 0.36085626911314983 0.24643584521384929 0.5565749235474006
0 0.6527494908350305 0.5290519877675841 0.07128309572301425 0.14067278287461774