1 0.18329938900203666 0.21100917431192662 0.024439918533604887 0.021406727828746176
1 0.18228105906313646 0.0581039755351682 0.024439918533604887 0.022935779816513763
1 0.6425661914460286 0.13608562691131498 0.015274949083503055 0.03669724770642202
1 0.7036659877800407 0.21100917431192662 0.014256619144602852 0.03669724770642202
1 0.7912423625254582 0.43883792048929665 0.016293279022403257 0.03669724770642202
1 0.7922606924643585 0.5795107033639144 0.014256619144602852 0.03669724770642202
4 0.40325865580448067 0.09174311926605505 0.026476578411405296 0.07186544342507645
4 0.40427698574338083 0.1819571865443425 0.026476578411405296 0.07033639143730887
4 0.5224032586558045 0.15137614678899083 0.0274949083503055 0.024464831804281346
4 0.5733197556008147 0.15137614678899083 0.026476578411405296 0.024464831804281346
4 0.7352342158859471 0.5825688073394495 0.015274949083503055 0.03669724770642202
4 0.754582484725051 0.5275229357798165 0.026476578411405296 0.021406727828746176
4 0.7576374745417516 0.44036697247706424 0.026476578411405296 0.07033639143730887
4 0.7281059063136456 0.21406727828746178 0.015274949083503055 0.039755351681957186
4 0.7291242362525459 0.290519877675841 0.015274949083503055 0.0382262996941896
4 0.7556008146639511 0.2874617737003058 0.015274949083503055 0.0382262996941896
4 0.7810590631364562 0.2874617737003058 0.016293279022403257 0.039755351681957186
0 0.04073319755600815 0.36085626911314983 0.0814663951120163 0.5565749235474006
2 0.9226069246435845 0.5657492354740061 0.023421588594704685 0.06574923547400612
2 0.924643584521385 0.8211009174311926 0.023421588594704685 0.06574923547400612
1 0.9195519348268839 0.4617737003058104 0.015274949083503055 0.03669724770642202
0 0.2637474541751528 0.47706422018348627 0.19144602851323828 0.28593272171253825
0 0.570264765784114 0.4709480122324159 0.19144602851323828 0.28593272171253825
0 0.2953156822810591 0.13914373088685014 0.06415478615071284 0.16055045871559634
0 0.7321792260692465 0.05045871559633028 0.09164969450101833 0.09480122324159021