1 0.038135593220338986 0.267515923566879 0.014830508474576272 0.03980891719745223
1 0.038135593220338986 0.1449044585987261 0.015889830508474576 0.03980891719745223
1 0.00423728813559322 0.04856687898089172 0.00847457627118644 0.03980891719745223
1 0.23940677966101695 0.03184713375796178 0.026483050847457626 0.02388535031847134
1 0.13877118644067796 0.21178343949044587 0.014830508474576272 0.03980891719745223
1 0.25 0.37738853503184716 0.02754237288135593 0.02388535031847134
1 0.2510593220338983 0.42038216560509556 0.025423728813559324 0.022292993630573247
1 0.03919491525423729 0.3630573248407643 0.015889830508474576 0.03980891719745223
1 0.03919491525423729 0.5031847133757962 0.015889830508474576 0.03980891719745223
1 0.0031779661016949155 0.6273885350318471 0.006355932203389831 0.025477707006369428
1 0.029661016949152543 0.9601910828025477 0.01694915254237288 0.041401273885350316
1 0.3697033898305085 0.19745222929936307 0.015889830508474576 0.03980891719745223
1 0.5540254237288136 0.37738853503184716 0.02754237288135593 0.02388535031847134
1 0.6366525423728814 0.2531847133757962 0.015889830508474576 0.03980891719745223
1 0.635593220338983 0.11464968152866242 0.015889830508474576 0.03980891719745223
1 0.7425847457627118 0.4681528662420382 0.026483050847457626 0.02388535031847134
1 0.3326271186440678 0.5031847133757962 0.02754237288135593 0.02388535031847134
1 0.9565677966101694 0.11624203821656051 0.015889830508474576 0.041401273885350316
1 0.4353813559322034 0.6289808917197452 0.025423728813559324 0.02388535031847134
1 0.3983050847457627 0.6401273885350318 0.01694915254237288 0.03980891719745223
1 0.4353813559322034 0.6687898089171974 0.026483050847457626 0.02388535031847134
1 0.3336864406779661 0.6544585987261147 0.026483050847457626 0.022292993630573247
1 0.3336864406779661 0.7388535031847133 0.025423728813559324 0.02388535031847134
1 0.4364406779661017 0.7770700636942676 0.026483050847457626 0.02388535031847134
1 0.4819915254237288 0.8359872611464968 0.02754237288135593 0.025477707006369428
1 0.3336864406779661 0.8901273885350318 0.025423728813559324 0.02388535031847134
1 0.3527542372881356 0.9936305732484076 0.02754237288135593 0.009554140127388535
1 0.4925847457627119 0.982484076433121 0.05084745762711865 0.03184713375796178
1 0.611228813559322 0.9601910828025477 0.026483050847457626 0.02388535031847134
1 0.6747881355932204 0.9601910828025477 0.026483050847457626 0.025477707006369428
1 0.7298728813559322 0.9585987261146497 0.025423728813559324 0.02388535031847134
1 0.7213983050847458 0.8343949044585988 0.015889830508474576 0.041401273885350316
1 0.7489406779661016 0.8328025477707006 0.015889830508474576 0.041401273885350316
1 0.7764830508474576 0.8359872611464968 0.015889830508474576 0.041401273885350316
1 0.8029661016949152 0.8328025477707006 0.015889830508474576 0.03980891719745223
4 0.0847457627118644 0.42038216560509556 0.02754237288135593 0.07643312101910828
4 0.0847457627118644 0.1305732484076433 0.02754237288135593 0.07643312101910828
4 0.0847457627118644 0.22770700636942676 0.02754237288135593 0.07643312101910828
4 0.0847457627118644 0.3232484076433121 0.02754237288135593 0.07643312101910828
4 0.0858050847457627 0.7388535031847133 0.04978813559322034 0.042993630573248405
4 0.018538135593220338 0.7245222929936306 0.037076271186440676 0.044585987261146494
4 0.0858050847457627 0.64171974522293 0.02754237288135593 0.02388535031847134
4 0.2129237288135593 0.14331210191082802 0.05296610169491525 0.042993630573248405
4 0.3040254237288136 0.03343949044585987 0.028601694915254237 0.02388535031847134
4 0.6091101694915254 0.39171974522292996 0.05296610169491525 0.042993630573248405
4 0.8305084745762712 0.44745222929936307 0.02754237288135593 0.07484076433121019
4 0.9565677966101694 0.21337579617834396 0.015889830508474576 0.044585987261146494
4 0.590042372881356 0.47611464968152867 0.02754237288135593 0.02388535031847134
4 0.6366525423728814 0.5732484076433121 0.05296610169491525 0.041401273885350316
4 0.1673728813559322 0.38057324840764334 0.026483050847457626 0.025477707006369428
4 0.2590042372881356 0.9872611464968153 0.018008474576271187 0.022292993630573247
4 0.6016949152542372 0.8487261146496815 0.05084745762711865 0.042993630573248405
4 0.9120762711864406 0.8487261146496815 0.02754237288135593 0.02388535031847134
4 0.926906779661017 0.9315286624203821 0.026483050847457626 0.02388535031847134
0 0.8177966101694916 0.945859872611465 0.025423728813559324 0.04936305732484077
0 0.5338983050847458 0.695859872611465 0.06673728813559322 0.11305732484076433
0 0.763771186440678 0.6480891719745223 0.10699152542372882 0.12420382165605096
0 0.2108050847457627 0.8168789808917197 0.06779661016949153 0.1751592356687898
0 0.2108050847457627 0.5796178343949044 0.06779661016949153 0.1751592356687898
0 0.7648305084745762 0.1592356687898089 0.09427966101694915 0.2802547770700637
0 0.5254237288135594 0.15605095541401273 0.09427966101694915 0.2802547770700637