1 0.7583333333333333 0.9106583072100314 0.019791666666666666 0.048589341692789965
1 0.7135416666666666 0.8338557993730408 0.014583333333333334 0.03761755485893417
1 0.628125 0.835423197492163 0.025 0.018808777429467086
1 0.4125 0.44200626959247646 0.025 0.0219435736677116
1 0.20520833333333333 0.44043887147335425 0.014583333333333334 0.03761755485893417
1 0.25 0.8793103448275862 0.06666666666666667 0.15987460815047022
1 0.18125 0.8793103448275862 0.06458333333333334 0.15987460815047022
4 0.75625 0.8322884012539185 0.015625 0.03918495297805643
5 0.7583333333333333 0.7413793103448276 0.020833333333333332 0.06896551724137931
2 0.8270833333333333 0.7413793103448276 0.020833333333333332 0.06896551724137931
0 0.7885416666666667 0.5987460815047022 0.0625 0.11285266457680251
0 0.3125 0.6316614420062696 0.215625 0.15830721003134796
4 0.32395833333333335 0.44200626959247646 0.023958333333333335 0.0219435736677116
4 0.246875 0.44043887147335425 0.025 0.0219435736677116
4 0.7166666666666667 0.24921630094043887 0.026041666666666668 0.07210031347962383
4 0.24791666666666667 0.3761755485893417 0.026041666666666668 0.07210031347962383
4 0.3260416666666667 0.3761755485893417 0.026041666666666668 0.07210031347962383
0 0.7895833333333333 0.390282131661442 0.06354166666666666 0.10815047021943573
4 0.41354166666666664 0.3761755485893417 0.026041666666666668 0.07210031347962383
0 0.3640625 0.12695924764890282 0.3302083333333333 0.2507836990595611
2 0.06666666666666667 0.8746081504702194 0.115625 0.1238244514106583
0 0.07083333333333333 0.542319749216301 0.13958333333333334 0.30407523510971785
0 0.06666666666666667 0.13322884012539185 0.13125 0.26332288401253917