1 0.717434869739479 0.7921686746987951 0.01603206412825651 0.04216867469879518
1 0.3717434869739479 0.5075301204819277 0.017034068136272545 0.04066265060240964
1 0.4118236472945892 0.5060240963855421 0.017034068136272545 0.04066265060240964
4 0.17835671342685372 0.5075301204819277 0.01603206412825651 0.04066265060240964
4 0.2925851703406814 0.5075301204819277 0.017034068136272545 0.04066265060240964
4 0.23547094188376755 0.5090361445783133 0.017034068136272545 0.04066265060240964
4 0.20741482965931865 0.5828313253012049 0.01603206412825651 0.04066265060240964
4 0.17935871743486975 0.5828313253012049 0.01603206412825651 0.04066265060240964
1 0.8977955911823647 0.06927710843373494 0.025050100200400802 0.07530120481927711
1 0.42685370741482964 0.07228915662650602 0.025050100200400802 0.07530120481927711
1 0.8486973947895792 0.016566265060240965 0.018036072144288578 0.030120481927710843
1 0.22945891783567135 0.3177710843373494 0.011022044088176353 0.025602409638554216
1 0.16633266533066132 0.31626506024096385 0.011022044088176353 0.025602409638554216
1 0.08917835671342686 0.3373493975903614 0.011022044088176353 0.025602409638554216
1 0.02404809619238477 0.35993975903614456 0.011022044088176353 0.025602409638554216
1 0.026052104208416832 0.26957831325301207 0.011022044088176353 0.025602409638554216
1 0.11523046092184369 0.2786144578313253 0.011022044088176353 0.025602409638554216
1 0.1402805611222445 0.2786144578313253 0.011022044088176353 0.025602409638554216
1 0.1533066132264529 0.2319277108433735 0.011022044088176353 0.025602409638554216
1 0.1533066132264529 0.1927710843373494 0.011022044088176353 0.025602409638554216
1 0.2605210420841683 0.2003012048192771 0.011022044088176353 0.025602409638554216
1 0.2545090180360721 0.0858433734939759 0.011022044088176353 0.025602409638554216
1 0.1523046092184369 0.12349397590361445 0.011022044088176353 0.025602409638554216
1 0.1713426853707415 0.09487951807228916 0.011022044088176353 0.025602409638554216
1 0.1533066132264529 0.08132530120481928 0.011022044088176353 0.025602409638554216
1 0.1312625250501002 0.09337349397590361 0.011022044088176353 0.025602409638554216
1 0.10120240480961924 0.12951807228915663 0.011022044088176353 0.025602409638554216
1 0.1533066132264529 0.03765060240963856 0.011022044088176353 0.025602409638554216
1 0.19539078156312625 0.06325301204819277 0.017034068136272545 0.016566265060240965
1 0.20340681362725452 0.29066265060240964 0.017034068136272545 0.016566265060240965
1 0.2625250501002004 0.24246987951807228 0.017034068136272545 0.016566265060240965
1 0.22444889779559118 0.24548192771084337 0.017034068136272545 0.016566265060240965
1 0.22545090180360722 0.21234939759036145 0.017034068136272545 0.016566265060240965
1 0.1963927855711423 0.19578313253012047 0.017034068136272545 0.016566265060240965
1 0.17935871743486975 0.23042168674698796 0.017034068136272545 0.016566265060240965
1 0.18036072144288579 0.25903614457831325 0.017034068136272545 0.016566265060240965
1 0.12725450901803606 0.2394578313253012 0.017034068136272545 0.016566265060240965
1 0.09719438877755511 0.23644578313253012 0.017034068136272545 0.016566265060240965
1 0.06312625250501001 0.23493975903614459 0.017034068136272545 0.016566265060240965
1 0.056112224448897796 0.19879518072289157 0.017034068136272545 0.016566265060240965
1 0.04609218436873747 0.17921686746987953 0.017034068136272545 0.016566265060240965
1 0.06913827655310621 0.14156626506024098 0.017034068136272545 0.016566265060240965
1 0.09919839679358718 0.08433734939759036 0.017034068136272545 0.016566265060240965
1 0.10020040080160321 0.046686746987951805 0.017034068136272545 0.016566265060240965
1 0.10521042084168336 0.15963855421686746 0.017034068136272545 0.016566265060240965
1 0.14128256513026052 0.15963855421686746 0.017034068136272545 0.016566265060240965
1 0.17334669338677355 0.15963855421686746 0.017034068136272545 0.016566265060240965
1 0.20140280561122245 0.15813253012048192 0.017034068136272545 0.016566265060240965
1 0.22945891783567135 0.15963855421686746 0.017034068136272545 0.016566265060240965
1 0.24749498997995992 0.12048192771084337 0.017034068136272545 0.016566265060240965
1 0.21042084168336672 0.0963855421686747 0.017034068136272545 0.016566265060240965
1 0.06012024048096192 0.10240963855421686 0.017034068136272545 0.016566265060240965
1 0.04909819639278557 0.024096385542168676 0.011022044088176353 0.025602409638554216
1 0.011022044088176353 0.4495481927710843 0.02004008016032064 0.043674698795180725