1 0.1260593220338983 0.8375796178343949 0.011652542372881356 0.027070063694267517
1 0.1271186440677966 0.9888535031847133 0.012711864406779662 0.01910828025477707
1 0.1281779661016949 0.928343949044586 0.011652542372881356 0.027070063694267517
1 0.1271186440677966 0.8853503184713376 0.011652542372881356 0.027070063694267517
4 0.012182203389830509 0.9187898089171974 0.024364406779661018 0.028662420382165606
4 0.1694915254237288 0.8439490445859873 0.019067796610169493 0.042993630573248405
1 0.3548728813559322 0.8726114649681529 0.028601694915254237 0.022292993630573247
1 0.2923728813559322 0.8742038216560509 0.028601694915254237 0.022292993630573247
1 0.4925847457627119 0.8121019108280255 0.015889830508474576 0.044585987261146494
4 0.012182203389830509 0.8789808917197452 0.024364406779661018 0.028662420382165606
4 0.2309322033898305 0.60828025477707 0.029661016949152543 0.027070063694267517
1 0.2923728813559322 0.7452229299363057 0.029661016949152543 0.022292993630573247
4 0.3654661016949153 0.7898089171974523 0.029661016949152543 0.027070063694267517
0 0.09427966101694915 0.660828025477707 0.057203389830508475 0.16560509554140126
4 0.5063559322033898 0.4745222929936306 0.018008474576271187 0.044585987261146494
4 0.4396186440677966 0.47611464968152867 0.018008474576271187 0.044585987261146494
1 0.75 0.7245222929936306 0.04766949152542373 0.0875796178343949
4 0.3548728813559322 0.3057324840764331 0.029661016949152543 0.0875796178343949