1 0.1239406779661017 0.004777070063694267 0.019067796610169493 0.009554140127388535
1 0.8606991525423728 0.01194267515923567 0.013771186440677966 0.02388535031847134
1 0.7923728813559322 0.012738853503184714 0.012711864406779662 0.025477707006369428
1 0.9475635593220338 0.012738853503184714 0.013771186440677966 0.025477707006369428
1 0.8961864406779662 0.11624203821656051 0.029661016949152543 0.022292993630573247
1 0.8326271186440678 0.05732484076433121 0.01694915254237288 0.044585987261146494
1 0.5582627118644068 0.054140127388535034 0.014830508474576272 0.042993630573248405
4 0.6069915254237288 0.04936305732484077 0.018008474576271187 0.044585987261146494
4 0.1239406779661017 0.18312101910828024 0.018008474576271187 0.042993630573248405
4 0.1228813559322034 0.07484076433121019 0.018008474576271187 0.042993630573248405
4 0.3665254237288136 0.18312101910828024 0.01694915254237288 0.044585987261146494
0 0.4586864406779661 0.08598726114649681 0.11016949152542373 0.15605095541401273
4 0.753177966101695 0.25955414012738853 0.05826271186440678 0.044585987261146494
4 0.6663135593220338 0.25796178343949044 0.05826271186440678 0.044585987261146494
4 0.6853813559322034 0.05573248407643312 0.018008474576271187 0.044585987261146494
4 0.13453389830508475 0.3996815286624204 0.057203389830508475 0.041401273885350316
4 0.3961864406779661 0.4012738853503185 0.057203389830508475 0.041401273885350316
0 0.2277542372881356 0.09554140127388536 0.11652542372881355 0.16560509554140126