2 0.9930830039525692 0.4065281899109792 0.011857707509881422 0.05934718100890208
4 0.8636363636363636 0.13353115727002968 0.016798418972332016 0.04154302670623145
4 0.599308300395257 0.017804154302670624 0.05632411067193676 0.032640949554896145
4 0.6704545454545454 0.017062314540059347 0.05632411067193676 0.03115727002967359
4 0.7806324110671937 0.29376854599406527 0.02865612648221344 0.02373887240356083
4 0.8883399209486166 0.0712166172106825 0.02865612648221344 0.02373887240356083
4 0.7796442687747036 0.16468842729970326 0.02865612648221344 0.02373887240356083
4 0.7796442687747036 0.22700296735905046 0.02865612648221344 0.02373887240356083
4 0.892292490118577 0.16913946587537093 0.016798418972332016 0.04302670623145401
4 0.924901185770751 0.16913946587537093 0.016798418972332016 0.04302670623145401
4 0.9930830039525692 0.163946587537092 0.011857707509881422 0.04599406528189911
1 0.8330039525691699 0.13501483679525222 0.014822134387351778 0.04154302670623145
0 0.9095849802371542 0.00741839762611276 0.13932806324110672 0.011869436201780416