1 0.2627118644067797 0.24363057324840764 0.01694915254237288 0.044585987261146494
1 0.628177966101695 0.5445859872611465 0.018008474576271187 0.042993630573248405
1 0.5858050847457628 0.5461783439490446 0.018008474576271187 0.042993630573248405
4 0.8326271186440678 0.5445859872611465 0.01694915254237288 0.042993630573248405
4 0.711864406779661 0.5445859872611465 0.018008474576271187 0.042993630573248405
4 0.7722457627118644 0.5429936305732485 0.018008474576271187 0.042993630573248405
4 0.801906779661017 0.46496815286624205 0.01694915254237288 0.042993630573248405
4 0.8315677966101694 0.46496815286624205 0.01694915254237288 0.042993630573248405
1 0.07203389830508475 0.98328025477707 0.02754237288135593 0.030254777070063694
1 0.5699152542372882 0.981687898089172 0.02754237288135593 0.03343949044585987
1 0.7786016949152542 0.7452229299363057 0.011652542372881356 0.027070063694267517
1 0.8453389830508474 0.7468152866242038 0.011652542372881356 0.027070063694267517
1 0.926906779661017 0.7245222929936306 0.011652542372881356 0.027070063694267517
1 0.9941737288135594 0.7006369426751592 0.009533898305084746 0.028662420382165606
1 0.9936440677966102 0.7961783439490446 0.011652542372881356 0.027070063694267517
1 0.899364406779661 0.7866242038216561 0.011652542372881356 0.027070063694267517
1 0.8728813559322034 0.7866242038216561 0.011652542372881356 0.027070063694267517
1 0.8591101694915254 0.8359872611464968 0.011652542372881356 0.027070063694267517
1 0.8591101694915254 0.8773885350318471 0.011652542372881356 0.027070063694267517
1 0.7457627118644068 0.8694267515923567 0.011652542372881356 0.027070063694267517
1 0.7521186440677966 0.9872611464968153 0.012711864406779662 0.022292993630573247
1 0.8601694915254238 0.9506369426751592 0.011652542372881356 0.027070063694267517
1 0.840042372881356 0.9808917197452229 0.011652542372881356 0.027070063694267517
1 0.8591101694915254 0.9896496815286624 0.012711864406779662 0.01751592356687898
1 0.8824152542372882 0.982484076433121 0.011652542372881356 0.027070063694267517
1 0.9141949152542372 0.9442675159235668 0.011652542372881356 0.027070063694267517
1 0.8061440677966102 0.7738853503184714 0.018008474576271187 0.01751592356687898
1 0.7436440677966102 0.8248407643312102 0.018008474576271187 0.01751592356687898
1 0.7838983050847458 0.821656050955414 0.018008474576271187 0.01751592356687898
1 0.7828389830508474 0.856687898089172 0.018008474576271187 0.01751592356687898
1 0.8135593220338984 0.8742038216560509 0.018008474576271187 0.01751592356687898
1 0.8315677966101694 0.8375796178343949 0.018008474576271187 0.01751592356687898
1 0.8305084745762712 0.8073248407643312 0.018008474576271187 0.01751592356687898
1 0.8866525423728814 0.8280254777070064 0.018008474576271187 0.01751592356687898
1 0.9184322033898306 0.8312101910828026 0.018008474576271187 0.01751592356687898
1 0.9544491525423728 0.8328025477707006 0.018008474576271187 0.01751592356687898
1 0.961864406779661 0.8710191082802548 0.018008474576271187 0.01751592356687898
1 0.972457627118644 0.89171974522293 0.018008474576271187 0.01751592356687898
1 0.948093220338983 0.9315286624203821 0.018008474576271187 0.01751592356687898
1 0.9163135593220338 0.9904458598726115 0.019067796610169493 0.01592356687898089
1 0.909957627118644 0.9124203821656051 0.018008474576271187 0.01751592356687898
1 0.871822033898305 0.9124203821656051 0.018008474576271187 0.01751592356687898
1 0.8379237288135594 0.9124203821656051 0.018008474576271187 0.01751592356687898
1 0.8082627118644068 0.9140127388535032 0.018008474576271187 0.01751592356687898
1 0.7786016949152542 0.9124203821656051 0.018008474576271187 0.01751592356687898
1 0.7595338983050848 0.9538216560509554 0.018008474576271187 0.01751592356687898
1 0.798728813559322 0.9792993630573248 0.018008474576271187 0.01751592356687898
1 0.9576271186440678 0.9729299363057324 0.018008474576271187 0.01751592356687898