2 0.05434782608695652 0.4050445103857567 0.024703557312252964 0.05489614243323442
2 0.38636363636363635 0.4035608308605341 0.024703557312252964 0.05489614243323442
2 0.4515810276679842 0.40059347181008903 0.024703557312252964 0.05489614243323442
2 0.25296442687747034 0.4035608308605341 0.024703557312252964 0.05489614243323442
2 0.3181818181818182 0.4035608308605341 0.024703557312252964 0.05489614243323442
2 0.12055335968379446 0.4065281899109792 0.024703557312252964 0.05489614243323442
2 0.1857707509881423 0.4050445103857567 0.024703557312252964 0.05489614243323442
2 0.308300395256917 0.19584569732937684 0.023715415019762844 0.05489614243323442
4 0.26383399209486164 0.1513353115727003 0.015810276679841896 0.04302670623145401
0 0.1590909090909091 0.17655786350148367 0.08300395256916997 0.08011869436201781
0 0.15711462450592886 0.031899109792284865 0.2549407114624506 0.06083086053412463
4 0.39377470355731226 0.01483679525222552 0.030632411067193676 0.026706231454005934