1 0.839781746031746 0.006716417910447761 0.012896825396825396 0.013432835820895522
1 0.7757936507936508 0.007462686567164179 0.011904761904761904 0.014925373134328358
1 0.9211309523809523 0.007462686567164179 0.012896825396825396 0.014925373134328358
1 0.873015873015873 0.1 0.027777777777777776 0.020895522388059702
1 0.8134920634920635 0.04477611940298507 0.015873015873015872 0.041791044776119404
1 0.5565476190476191 0.041791044776119404 0.013888888888888888 0.04029850746268657
4 0.9841269841269841 0.04477611940298507 0.016865079365079364 0.041791044776119404
4 0.6021825396825397 0.03731343283582089 0.016865079365079364 0.041791044776119404
4 0.1498015873015873 0.1626865671641791 0.016865079365079364 0.04029850746268657
4 0.1488095238095238 0.06119402985074627 0.016865079365079364 0.04029850746268657
4 0.376984126984127 0.1626865671641791 0.015873015873015872 0.041791044776119404
0 0.46378968253968256 0.07313432835820896 0.10416666666666667 0.14626865671641792
4 0.7390873015873016 0.23432835820895523 0.054563492063492064 0.041791044776119404
4 0.6577380952380952 0.23283582089552238 0.054563492063492064 0.041791044776119404
4 0.6755952380952381 0.04328358208955224 0.016865079365079364 0.041791044776119404
4 0.1597222222222222 0.3656716417910448 0.05357142857142857 0.03880597014925373
4 0.40476190476190477 0.36716417910447763 0.05357142857142857 0.03880597014925373
0 0.24702380952380953 0.08059701492537313 0.10912698412698413 0.15522388059701492