1 0.27976190476190477 0.21940298507462686 0.015873015873015872 0.041791044776119404
1 0.6220238095238095 0.5014925373134328 0.016865079365079364 0.04029850746268657
1 0.5823412698412699 0.5029850746268657 0.016865079365079364 0.04029850746268657
4 0.8134920634920635 0.5014925373134328 0.015873015873015872 0.04029850746268657
4 0.7003968253968254 0.5014925373134328 0.016865079365079364 0.04029850746268657
4 0.7569444444444444 0.5 0.016865079365079364 0.04029850746268657
4 0.7847222222222222 0.42686567164179107 0.015873015873015872 0.04029850746268657
4 0.8125 0.42686567164179107 0.015873015873015872 0.04029850746268657
1 0.10119047619047619 0.935820895522388 0.0248015873015873 0.07462686567164178
1 0.5674603174603174 0.9328358208955224 0.0248015873015873 0.07462686567164178
1 0.1498015873015873 0.985820895522388 0.017857142857142856 0.025373134328358207
1 0.7628968253968254 0.6895522388059702 0.010912698412698412 0.025373134328358207
1 0.8253968253968254 0.691044776119403 0.010912698412698412 0.025373134328358207
1 0.9017857142857143 0.6701492537313433 0.010912698412698412 0.025373134328358207
1 0.9662698412698413 0.6477611940298508 0.010912698412698412 0.025373134328358207
1 0.9642857142857143 0.7373134328358208 0.010912698412698412 0.025373134328358207
1 0.8759920634920635 0.7283582089552239 0.010912698412698412 0.025373134328358207
1 0.8511904761904762 0.7283582089552239 0.010912698412698412 0.025373134328358207
1 0.8382936507936508 0.7746268656716417 0.010912698412698412 0.025373134328358207
1 0.8382936507936508 0.8134328358208955 0.010912698412698412 0.025373134328358207
1 0.7321428571428571 0.8059701492537313 0.010912698412698412 0.025373134328358207
1 0.7380952380952381 0.9194029850746268 0.010912698412698412 0.025373134328358207
1 0.8392857142857143 0.8820895522388059 0.010912698412698412 0.025373134328358207
1 0.8204365079365079 0.9104477611940298 0.010912698412698412 0.025373134328358207
1 0.8382936507936508 0.9238805970149254 0.010912698412698412 0.025373134328358207
1 0.8601190476190477 0.9119402985074627 0.010912698412698412 0.025373134328358207
1 0.8898809523809523 0.8761194029850746 0.010912698412698412 0.025373134328358207
1 0.8382936507936508 0.9671641791044776 0.010912698412698412 0.025373134328358207
1 0.7966269841269841 0.9417910447761194 0.016865079365079364 0.016417910447761194
1 0.7886904761904762 0.7164179104477612 0.016865079365079364 0.016417910447761194
1 0.7301587301587301 0.764179104477612 0.016865079365079364 0.016417910447761194
1 0.7678571428571429 0.7611940298507462 0.016865079365079364 0.016417910447761194
1 0.7668650793650794 0.7940298507462686 0.016865079365079364 0.016417910447761194
1 0.7956349206349206 0.8104477611940298 0.016865079365079364 0.016417910447761194
1 0.8125 0.7761194029850746 0.016865079365079364 0.016417910447761194
1 0.8115079365079365 0.7477611940298508 0.016865079365079364 0.016417910447761194
1 0.8640873015873016 0.7671641791044777 0.016865079365079364 0.016417910447761194
1 0.8938492063492064 0.7701492537313432 0.016865079365079364 0.016417910447761194
1 0.9275793650793651 0.7716417910447761 0.016865079365079364 0.016417910447761194
1 0.9345238095238095 0.8074626865671641 0.016865079365079364 0.016417910447761194
1 0.9444444444444444 0.826865671641791 0.016865079365079364 0.016417910447761194
1 0.9216269841269841 0.8641791044776119 0.016865079365079364 0.016417910447761194
1 0.8918650793650794 0.9208955223880597 0.016865079365079364 0.016417910447761194
1 0.8908730158730159 0.9582089552238806 0.016865079365079364 0.016417910447761194
1 0.8859126984126984 0.8462686567164179 0.016865079365079364 0.016417910447761194
1 0.8501984126984127 0.8462686567164179 0.016865079365079364 0.016417910447761194
1 0.8184523809523809 0.8462686567164179 0.016865079365079364 0.016417910447761194
1 0.7906746031746031 0.8477611940298507 0.016865079365079364 0.016417910447761194
1 0.7628968253968254 0.8462686567164179 0.016865079365079364 0.016417910447761194
1 0.7450396825396826 0.8850746268656716 0.016865079365079364 0.016417910447761194
1 0.7817460317460317 0.908955223880597 0.016865079365079364 0.016417910447761194
1 0.9305555555555556 0.9029850746268657 0.016865079365079364 0.016417910447761194
1 0.941468253968254 0.9805970149253731 0.010912698412698412 0.025373134328358207
4 0.9965277777777778 0.6455223880597015 0.00496031746031746 0.028358208955223882
1 0.9841269841269841 0.558955223880597 0.02976190476190476 0.04328358208955224