1 0.9825819672131147 0.9553846153846154 0.012295081967213115 0.03230769230769231
1 0.9984631147540983 0.9569230769230769 0.0010245901639344263 0.036923076923076927
1 0.9093237704918032 0.9861538461538462 0.027663934426229508 0.024615384615384615
1 0.8155737704918032 0.8938461538461538 0.0194672131147541 0.04
1 0.7838114754098361 0.8953846153846153 0.0194672131147541 0.04153846153846154
1 0.7479508196721312 0.7907692307692308 0.022540983606557378 0.02
1 0.7008196721311475 0.7907692307692308 0.02151639344262295 0.018461538461538463
4 0.7479508196721312 0.6661538461538462 0.022540983606557378 0.02
4 0.7008196721311475 0.6661538461538462 0.022540983606557378 0.02
4 0.9508196721311475 0.6784615384615384 0.01331967213114754 0.03230769230769231
4 0.930327868852459 0.7446153846153846 0.01331967213114754 0.03230769230769231
4 0.7540983606557377 0.8969230769230769 0.017418032786885244 0.043076923076923075
4 0.9508196721311475 0.8092307692307692 0.01331967213114754 0.03230769230769231
2 0.9549180327868853 0.9538461538461539 0.0194672131147541 0.043076923076923075
2 0.8627049180327869 0.9107692307692308 0.03381147540983607 0.07076923076923076
2 0.9006147540983607 0.9092307692307692 0.03381147540983607 0.07076923076923076
1 0.8099385245901639 0.9692307692307692 0.13422131147540983 0.05846153846153846