1 0.9538934426229508 0.14615384615384616 0.012295081967213115 0.03230769230769231
1 0.9108606557377049 0.08 0.012295081967213115 0.03230769230769231
1 0.9344262295081968 0.08 0.012295081967213115 0.03230769230769231
1 0.923155737704918 0.37846153846153846 0.01331967213114754 0.03230769230769231
1 0.764344262295082 0.37846153846153846 0.012295081967213115 0.033846153846153845
4 0.6987704918032787 0.38 0.012295081967213115 0.03230769230769231
4 0.735655737704918 0.37846153846153846 0.012295081967213115 0.03076923076923077
4 0.9600409836065574 0.4846153846153846 0.025614754098360656 0.021538461538461538
3 0.875 0.19538461538461538 0.1014344262295082 0.13538461538461538
3 0.9692622950819673 0.3030769230769231 0.05942622950819672 0.16307692307692306
0 0.9610655737704918 0.43538461538461537 0.025614754098360656 0.06461538461538462
0 0.992827868852459 0.043076923076923075 0.012295081967213115 0.08615384615384615
1 0.8099385245901639 0.045384615384615384 0.13422131147540983 0.09076923076923077
2 0.6997950819672131 0.44769230769230767 0.0194672131147541 0.04461538461538461
2 0.742827868852459 0.45076923076923076 0.0194672131147541 0.04461538461538461