1 0.622680412371134 0.7987616099071208 0.021649484536082474 0.018575851393188854
1 0.6701030927835051 0.7987616099071208 0.023711340206185566 0.018575851393188854
1 0.7103092783505155 0.9055727554179567 0.013402061855670102 0.034055727554179564
1 0.9216494845360824 0.9659442724458205 0.012371134020618556 0.032507739938080496
1 0.8979381443298969 0.9659442724458205 0.012371134020618556 0.032507739938080496
1 0.9690721649484536 0.9659442724458205 0.012371134020618556 0.032507739938080496
1 0.945360824742268 0.9659442724458205 0.012371134020618556 0.032507739938080496
4 0.8731958762886598 0.8173374613003096 0.013402061855670102 0.032507739938080496
4 0.8731958762886598 0.6857585139318886 0.013402061855670102 0.032507739938080496
4 0.8536082474226804 0.7523219814241486 0.013402061855670102 0.032507739938080496
4 0.8175257731958763 0.93343653250774 0.02268041237113402 0.018575851393188854
4 0.8298969072164949 0.9829721362229102 0.01443298969072165 0.030959752321981424
4 0.9927835051546392 0.9667182662538699 0.012371134020618556 0.03560371517027864
4 0.7350515463917526 0.9071207430340558 0.013402061855670102 0.029411764705882353
4 0.622680412371134 0.673374613003096 0.02268041237113402 0.020123839009287926
4 0.6701030927835051 0.673374613003096 0.023711340206185566 0.020123839009287926
2 0.7597938144329897 0.9086687306501547 0.01958762886597938 0.03869969040247678
1 0.7262886597938144 0.9760061919504643 0.13505154639175257 0.04489164086687306