1 0.39375 0.8056426332288401 0.021875 0.018808777429467086
1 0.3458333333333333 0.8056426332288401 0.023958333333333335 0.018808777429467086
1 0.30520833333333336 0.9137931034482759 0.013541666666666667 0.034482758620689655
1 0.09166666666666666 0.9749216300940439 0.0125 0.032915360501567396
1 0.115625 0.9749216300940439 0.0125 0.032915360501567396
1 0.04375 0.9749216300940439 0.0125 0.032915360501567396
1 0.06770833333333333 0.9749216300940439 0.0125 0.032915360501567396
4 0.140625 0.8244514106583072 0.013541666666666667 0.032915360501567396
4 0.140625 0.6912225705329154 0.013541666666666667 0.032915360501567396
4 0.16041666666666668 0.7586206896551724 0.013541666666666667 0.032915360501567396
4 0.196875 0.9420062695924765 0.022916666666666665 0.018808777429467086
4 0.184375 0.987460815047022 0.014583333333333334 0.0219435736677116
4 0.01875 0.9749216300940439 0.013541666666666667 0.034482758620689655
4 0.28020833333333334 0.9153605015673981 0.013541666666666667 0.029780564263322883
4 0.39375 0.6786833855799373 0.022916666666666665 0.02037617554858934
4 0.3458333333333333 0.6786833855799373 0.023958333333333335 0.02037617554858934
2 0.2552083333333333 0.9169278996865203 0.019791666666666666 0.03918495297805643
1 0.2890625 0.9804075235109718 0.13645833333333332 0.03605015673981191