1 0.13645833333333332 0.15047021943573669 0.0125 0.032915360501567396
1 0.15625 0.08150470219435736 0.0125 0.032915360501567396
1 0.18020833333333333 0.08150470219435736 0.0125 0.032915360501567396
1 0.06666666666666667 0.20376175548589343 0.021875 0.018808777429467086
1 0.013541666666666667 0.20376175548589343 0.022916666666666665 0.018808777429467086
1 0.3302083333333333 0.3871473354231975 0.013541666666666667 0.032915360501567396
1 0.16875 0.38557993730407525 0.011458333333333333 0.03134796238244514
4 0.13125 0.4341692789968652 0.022916666666666665 0.02037617554858934
4 0.13333333333333333 0.46394984326018807 0.023958333333333335 0.018808777429467086
4 0.13333333333333333 0.4952978056426332 0.023958333333333335 0.0219435736677116
4 0.39479166666666665 0.45768025078369906 0.014583333333333334 0.034482758620689655
4 0.35833333333333334 0.45768025078369906 0.014583333333333334 0.034482758620689655
4 0.42604166666666665 0.003918495297805642 0.022916666666666665 0.007836990595611285
4 0.42604166666666665 0.04075235109717868 0.021875 0.018808777429467086
4 0.42604166666666665 0.29310344827586204 0.021875 0.018808777429467086
4 0.4270833333333333 0.33699059561128525 0.021875 0.018808777429467086
3 0.1 0.3056426332288401 0.09583333333333334 0.1614420062695925
3 0.215625 0.2006269592476489 0.103125 0.13793103448275862
3 0.013020833333333334 0.30956112852664575 0.023958333333333335 0.164576802507837
0 0.052083333333333336 0.0438871473354232 0.10208333333333333 0.0877742946708464
1 0.2890625 0.048589341692789965 0.13645833333333332 0.09717868338557993