1 0.7371134020618557 0.5386996904024768 0.08556701030927835 0.07275541795665634
4 0.6247422680412371 0.5928792569659442 0.0443298969072165 0.05572755417956656
1 0.7041237113402062 0.6563467492260062 0.018556701030927835 0.04024767801857585
1 0.6 0.6718266253869969 0.013402061855670102 0.034055727554179564
1 0.5721649484536082 0.6718266253869969 0.013402061855670102 0.03560371517027864
4 0.4690721649484536 0.673374613003096 0.02268041237113402 0.021671826625386997
1 0.4690721649484536 0.739938080495356 0.02268041237113402 0.020123839009287926
4 0.5247422680412371 0.8962848297213623 0.023711340206185566 0.018575851393188854
4 0.5484536082474227 0.7662538699690402 0.01443298969072165 0.03560371517027864
4 0.5752577319587628 0.7662538699690402 0.01443298969072165 0.03560371517027864
4 0.6288659793814433 0.7647058823529411 0.01443298969072165 0.034055727554179564
4 0.6536082474226804 0.7616099071207431 0.013402061855670102 0.03560371517027864
4 0.522680412371134 0.8173374613003096 0.02268041237113402 0.020123839009287926
4 0.8721649484536083 0.6934984520123839 0.021649484536082474 0.020123839009287926
1 0.5989690721649484 0.7647058823529411 0.013402061855670102 0.032507739938080496
1 0.7041237113402062 0.7647058823529411 0.013402061855670102 0.034055727554179564
1 0.4608247422680412 0.9117647058823529 0.02268041237113402 0.020123839009287926
1 0.8268041237113402 0.7476780185758514 0.023711340206185566 0.021671826625386997
4 0.522680412371134 0.8575851393188855 0.021649484536082474 0.020123839009287926
4 0.9329896907216495 0.6934984520123839 0.023711340206185566 0.021671826625386997
0 0.9072164948453608 0.8126934984520123 0.06701030927835051 0.14241486068111456
4 0.9092783505154639 0.9489164086687306 0.023711340206185566 0.020123839009287926
1 0.8556701030927835 0.9473684210526315 0.023711340206185566 0.020123839009287926
0 0.6876288659793814 0.9342105263157895 0.19175257731958764 0.12848297213622292
1 0.9309278350515464 0.628482972136223 0.030927835051546393 0.030959752321981424
1 0.8701030927835052 0.628482972136223 0.024742268041237112 0.02321981424148607