4 0.16494845360824742 0.46594427244582043 0.023711340206185566 0.018575851393188854
4 0.23711340206185566 0.4628482972136223 0.023711340206185566 0.020123839009287926
1 0.026288659793814433 0.5061919504643962 0.050515463917525774 0.1021671826625387
4 0.027835051546391754 0.7956656346749226 0.013402061855670102 0.032507739938080496
4 0.05463917525773196 0.7972136222910217 0.013402061855670102 0.034055727554179564
4 0.08041237113402062 0.7956656346749226 0.013402061855670102 0.034055727554179564
4 0.004639175257731959 0.7979876160990712 0.007216494845360825 0.03560371517027864
1 0.14329896907216494 0.7972136222910217 0.013402061855670102 0.032507739938080496
3 0.33608247422680415 0.7693498452012384 0.03608247422680412 0.06501547987616099
1 0.41649484536082476 0.7925696594427245 0.023711340206185566 0.020123839009287926
1 0.4690721649484536 0.7925696594427245 0.02268041237113402 0.018575851393188854
0 0.4247422680412371 0.9667182662538699 0.17525773195876287 0.06346749226006192
4 0.23917525773195877 0.9659442724458205 0.02268041237113402 0.020123839009287926
0 0.08247422680412371 0.9558823529411765 0.16288659793814433 0.08513931888544891
4 0.10618556701030928 0.7956656346749226 0.013402061855670102 0.034055727554179564