1 0.992393509127789 0.5053353658536586 0.013184584178498986 0.10213414634146341
1 0.7271805273833671 0.4725609756097561 0.08417849898580122 0.07164634146341463
4 0.6166328600405679 0.4192073170731707 0.0436105476673428 0.054878048780487805
1 0.6947261663286004 0.3567073170731707 0.018255578093306288 0.039634146341463415
1 0.592292089249493 0.34146341463414637 0.013184584178498986 0.03353658536585366
1 0.5649087221095335 0.34146341463414637 0.013184584178498986 0.0350609756097561
4 0.4634888438133874 0.3399390243902439 0.02231237322515213 0.021341463414634148
1 0.4634888438133874 0.27439024390243905 0.02231237322515213 0.019817073170731708
4 0.5182555780933062 0.12042682926829268 0.02332657200811359 0.018292682926829267
4 0.5415821501014199 0.24847560975609756 0.014198782961460446 0.0350609756097561
4 0.5679513184584178 0.24847560975609756 0.014198782961460446 0.0350609756097561
4 0.6206896551724138 0.25 0.014198782961460446 0.03353658536585366
4 0.6450304259634888 0.2530487804878049 0.013184584178498986 0.0350609756097561
4 0.5162271805273834 0.19817073170731708 0.02231237322515213 0.019817073170731708
4 0.8600405679513184 0.3201219512195122 0.02129817444219067 0.019817073170731708
1 0.5912778904665315 0.25 0.013184584178498986 0.03201219512195122
1 0.6947261663286004 0.25 0.013184584178498986 0.03353658536585366
1 0.4553752535496957 0.10518292682926829 0.02231237322515213 0.019817073170731708
1 0.8154158215010142 0.26676829268292684 0.02332657200811359 0.021341463414634148
4 0.5162271805273834 0.15853658536585366 0.02129817444219067 0.019817073170731708
4 0.9198782961460447 0.3201219512195122 0.02332657200811359 0.021341463414634148
0 0.8945233265720081 0.2027439024390244 0.06592292089249494 0.1402439024390244
0 0.9878296146044625 0.053353658536585365 0.02231237322515213 0.10365853658536585
4 0.896551724137931 0.06859756097560976 0.02332657200811359 0.019817073170731708
1 0.8438133874239351 0.0701219512195122 0.02332657200811359 0.019817073170731708
0 0.678498985801217 0.07393292682926829 0.18864097363083165 0.1448170731707317
1 0.5152129817444219 0.013719512195121951 0.02231237322515213 0.018292682926829267
1 0.9178498985801217 0.38414634146341464 0.030425963488843813 0.03048780487804878
1 0.8580121703853956 0.38414634146341464 0.02434077079107505 0.022865853658536585