4 0.1643002028397566 0.5442073170731707 0.02332657200811359 0.018292682926829267
4 0.23529411764705882 0.5472560975609756 0.02332657200811359 0.019817073170731708
1 0.0268762677484787 0.5045731707317073 0.05172413793103448 0.10060975609756098
4 0.029411764705882353 0.21951219512195122 0.013184584178498986 0.03201219512195122
4 0.055780933062880324 0.21798780487804878 0.013184584178498986 0.03353658536585366
4 0.08113590263691683 0.21951219512195122 0.013184584178498986 0.03353658536585366
4 0.005578093306288032 0.21722560975609756 0.009127789046653144 0.0350609756097561
1 0.14300202839756593 0.21798780487804878 0.013184584178498986 0.03201219512195122
3 0.332657200811359 0.24542682926829268 0.035496957403651115 0.06402439024390244
1 0.4117647058823529 0.2225609756097561 0.02332657200811359 0.019817073170731708
1 0.4634888438133874 0.2225609756097561 0.02231237322515213 0.018292682926829267
0 0.4198782961460446 0.041920731707317076 0.1724137931034483 0.08079268292682927
4 0.2383367139959432 0.010670731707317074 0.02231237322515213 0.019817073170731708
4 0.23732251521298176 0.051829268292682924 0.02231237322515213 0.019817073170731708
0 0.0821501014198783 0.052591463414634144 0.16227180527383367 0.10213414634146341
4 0.10649087221095335 0.21951219512195122 0.013184584178498986 0.03353658536585366