0 0.4247422680412371 0.016253869969040248 0.17525773195876287 0.032507739938080496
1 0.211340206185567 0.04489164086687306 0.02268041237113402 0.018575851393188854
4 0.2422680412371134 0.24148606811145512 0.02268041237113402 0.020123839009287926
4 0.2422680412371134 0.13622291021671826 0.02268041237113402 0.020123839009287926
4 0.24329896907216494 0.1873065015479876 0.02268041237113402 0.020123839009287926
4 0.4793814432989691 0.34520123839009287 0.023711340206185566 0.020123839009287926
4 0.4793814432989691 0.29102167182662536 0.023711340206185566 0.020123839009287926
1 0.5288659793814433 0.608359133126935 0.06701030927835051 0.06501547987616099
0 0.08247422680412371 0.10061919504643962 0.16288659793814433 0.20123839009287925
1 0.049484536082474224 0.2770897832817337 0.012371134020618556 0.032507739938080496
3 0.08453608247422681 0.3235294117647059 0.01958762886597938 0.04179566563467492
1 0.11958762886597939 0.3204334365325077 0.018556701030927835 0.04179566563467492
4 0.002577319587628866 0.32430340557275544 0.003092783505154639 0.03560371517027864
4 0.18144329896907216 0.3219814241486068 0.013402061855670102 0.034055727554179564
1 0.16288659793814433 0.5061919504643962 0.10309278350515463 0.09287925696594428
1 0.020618556701030927 0.5108359133126935 0.03917525773195876 0.07430340557275542
0 0.39484536082474225 0.25077399380804954 0.08041237113402062 0.15325077399380804