1 0.7706521739130435 0.3006535947712418 0.016304347826086956 0.014705882352941176
1 0.6467391304347826 0.23202614379084968 0.016304347826086956 0.016339869281045753
1 0.6467391304347826 0.20588235294117646 0.015217391304347827 0.014705882352941176
1 0.675 0.21895424836601307 0.010869565217391304 0.024509803921568627
1 0.6652173913043479 0.1781045751633987 0.015217391304347827 0.014705882352941176
1 0.7032608695652174 0.05228758169934641 0.010869565217391304 0.024509803921568627
1 0.7717391304347826 0.05228758169934641 0.010869565217391304 0.024509803921568627
1 0.7913043478260869 0.05065359477124183 0.008695652173913044 0.02287581699346405
1 0.8239130434782609 0.06535947712418301 0.016304347826086956 0.013071895424836602
1 0.8510869565217392 0.09477124183006536 0.010869565217391304 0.026143790849673203
1 0.6934782608695652 0.004901960784313725 0.010869565217391304 0.006535947712418301
1 0.6483695652173913 0.004084967320261438 0.016304347826086956 0.004901960784313725
1 0.8315217391304348 0.027777777777777776 0.043478260869565216 0.0392156862745098
4 0.8010869565217391 0.3235294117647059 0.009782608695652175 0.024509803921568627
4 0.8195652173913044 0.31209150326797386 0.009782608695652175 0.024509803921568627
4 0.8641304347826086 0.29901960784313725 0.015217391304347827 0.014705882352941176
4 0.8641304347826086 0.21895424836601307 0.016304347826086956 0.013071895424836602
4 0.8641304347826086 0.13725490196078433 0.016304347826086956 0.014705882352941176
4 0.8956521739130435 0.08169934640522876 0.010869565217391304 0.024509803921568627
4 0.6445652173913043 0.03104575163398693 0.016304347826086956 0.013071895424836602
4 0.6847826086956522 0.05228758169934641 0.010869565217391304 0.02287581699346405
4 0.7114130434782608 0.004901960784313725 0.011956521739130435 0.006535947712418301
4 0.6717391304347826 0.29411764705882354 0.009782608695652175 0.024509803921568627
4 0.6891304347826087 0.2957516339869281 0.009782608695652175 0.024509803921568627
0 0.7630434782608696 0.1830065359477124 0.12608695652173912 0.19117647058823528
0 0.6510869565217391 0.1111111111111111 0.06086956521739131 0.09477124183006536
2 0.9010869565217391 0.15522875816993464 0.014130434782608696 0.03594771241830065
2 0.9021739130434783 0.3137254901960784 0.014130434782608696 0.03594771241830065
2 0.9021739130434783 0.23366013071895425 0.014130434782608696 0.03594771241830065