1 0.28350515463917525 0.34829721362229105 0.015463917525773196 0.01393188854489164
1 0.40103092783505156 0.28328173374613 0.015463917525773196 0.015479876160990712
1 0.40103092783505156 0.2585139318885449 0.01443298969072165 0.01393188854489164
1 0.37422680412371134 0.2708978328173375 0.010309278350515464 0.02321981424148607
1 0.3835051546391753 0.23219814241486067 0.01443298969072165 0.01393188854489164
1 0.3474226804123711 0.1130030959752322 0.010309278350515464 0.02321981424148607
1 0.2824742268041237 0.1130030959752322 0.010309278350515464 0.02321981424148607
1 0.2639175257731959 0.11145510835913312 0.008247422680412371 0.021671826625386997
1 0.2329896907216495 0.12538699690402477 0.015463917525773196 0.01238390092879257
1 0.20721649484536084 0.15325077399380804 0.010309278350515464 0.02476780185758514
1 0.20670103092783504 0.010061919504643963 0.01134020618556701 0.017027863777089782
1 0.35670103092783506 0.06037151702786378 0.009278350515463918 0.020123839009287926
1 0.4 0.06191950464396285 0.01443298969072165 0.01393188854489164
1 0.4 0.03715170278637771 0.015463917525773196 0.01393188854489164
1 0.22577319587628866 0.08978328173374613 0.041237113402061855 0.03715170278637771
1 0.33762886597938147 0.010835913312693499 0.02577319587628866 0.018575851393188854
4 0.25463917525773194 0.369969040247678 0.009278350515463918 0.02321981424148607
4 0.23711340206185566 0.3591331269349845 0.009278350515463918 0.02321981424148607
4 0.19484536082474227 0.34674922600619196 0.01443298969072165 0.01393188854489164
4 0.19484536082474227 0.2708978328173375 0.015463917525773196 0.01238390092879257
4 0.19484536082474227 0.19349845201238391 0.015463917525773196 0.01393188854489164
4 0.16494845360824742 0.14086687306501547 0.010309278350515464 0.02321981424148607
4 0.40309278350515465 0.09287925696594428 0.015463917525773196 0.01238390092879257
4 0.3649484536082474 0.1130030959752322 0.010309278350515464 0.021671826625386997
4 0.3402061855670103 0.06037151702786378 0.010309278350515464 0.021671826625386997
4 0.22371134020618558 0.010061919504643963 0.010309278350515464 0.017027863777089782
4 0.18969072164948453 0.009287925696594427 0.010309278350515464 0.015479876160990712
4 0.15979381443298968 0.034055727554179564 0.015463917525773196 0.01238390092879257
4 0.37731958762886597 0.34210526315789475 0.009278350515463918 0.02321981424148607
4 0.36082474226804123 0.34365325077399383 0.009278350515463918 0.02321981424148607
0 0.2685567010309278 0.014705882352941176 0.05670103092783505 0.02631578947368421
0 0.2907216494845361 0.23684210526315788 0.11958762886597939 0.18111455108359134
0 0.39690721649484534 0.16873065015479877 0.0577319587628866 0.08978328173374613
2 0.15979381443298968 0.21052631578947367 0.013402061855670102 0.034055727554179564
2 0.15876288659793814 0.3606811145510836 0.013402061855670102 0.034055727554179564
2 0.15876288659793814 0.2848297213622291 0.013402061855670102 0.034055727554179564