1 0.5991561181434599 0.8639240506329114 0.014767932489451477 0.014240506329113924
1 0.5991561181434599 0.8386075949367089 0.015822784810126583 0.014240506329113924
1 0.6434599156118144 0.7958860759493671 0.00949367088607595 0.020569620253164556
1 0.5522151898734177 0.990506329113924 0.011603375527426161 0.015822784810126583
1 0.5727848101265823 0.8939873417721519 0.00949367088607595 0.020569620253164556
1 0.6160337552742616 0.9778481012658228 0.014767932489451477 0.014240506329113924
1 0.6170886075949367 0.9493670886075949 0.015822784810126583 0.014240506329113924
1 0.6002109704641351 0.8117088607594937 0.015822784810126583 0.014240506329113924
1 0.49261603375527424 0.8955696202531646 0.014767932489451477 0.014240506329113924
1 0.5274261603375527 0.8955696202531646 0.015822784810126583 0.014240506329113924
1 0.4694092827004219 0.7943037974683544 0.015822784810126583 0.014240506329113924
1 0.6286919831223629 0.745253164556962 0.028481012658227847 0.028481012658227847
1 0.7194092827004219 0.6645569620253164 0.022151898734177215 0.0189873417721519
1 0.770042194092827 0.8117088607594937 0.015822784810126583 0.014240506329113924
1 0.7689873417721519 0.7816455696202531 0.013713080168776372 0.014240506329113924
1 0.7689873417721519 0.7563291139240507 0.013713080168776372 0.014240506329113924
1 0.7331223628691983 0.810126582278481 0.014767932489451477 0.014240506329113924
1 0.6318565400843882 0.6044303797468354 0.027426160337552744 0.02689873417721519
1 0.6265822784810127 0.6977848101265823 0.043248945147679324 0.0379746835443038
4 0.760548523206751 0.6281645569620253 0.00949367088607595 0.023734177215189875
4 0.7795358649789029 0.6281645569620253 0.00949367088607595 0.023734177215189875
4 0.6645569620253164 0.9746835443037974 0.015822784810126583 0.014240506329113924
4 0.5021097046413502 0.8544303797468354 0.010548523206751054 0.02531645569620253
4 0.5189873417721519 0.8560126582278481 0.00949367088607595 0.023734177215189875
4 0.5685654008438819 0.9588607594936709 0.010548523206751054 0.023734177215189875
4 0.5875527426160337 0.9636075949367089 0.013713080168776372 0.03322784810126582
4 0.7267932489451476 0.9572784810126582 0.010548523206751054 0.02531645569620253
4 0.7447257383966245 0.9556962025316456 0.00949367088607595 0.023734177215189875
4 0.4694092827004219 0.8212025316455697 0.015822784810126583 0.012658227848101266
4 0.6529535864978903 0.8544303797468354 0.00949367088607595 0.02531645569620253
4 0.7014767932489452 0.9034810126582279 0.00949367088607595 0.022151898734177215
4 0.7732067510548524 0.8734177215189873 0.022151898734177215 0.020569620253164556
4 0.729957805907173 0.8734177215189873 0.022151898734177215 0.020569620253164556
4 0.7310126582278481 0.8401898734177216 0.022151898734177215 0.020569620253164556
4 0.7732067510548524 0.8386075949367089 0.022151898734177215 0.020569620253164556
4 0.7626582278481012 0.9572784810126582 0.00949367088607595 0.023734177215189875
4 0.7805907172995781 0.9572784810126582 0.00949367088607595 0.023734177215189875
4 0.7204641350210971 0.629746835443038 0.023206751054852322 0.020569620253164556
4 0.6265822784810127 0.6439873417721519 0.015822784810126583 0.014240506329113924
4 0.5485232067510548 0.6487341772151899 0.015822784810126583 0.014240506329113924
4 0.5864978902953587 0.5221518987341772 0.023206751054852322 0.06329113924050633
4 0.9145569620253164 0.5743670886075949 0.013713080168776372 0.03639240506329114
2 0.5305907172995781 0.5458860759493671 0.035864978902953586 0.03322784810126582
3 0.5221518987341772 0.7373417721518988 0.014767932489451477 0.03639240506329114
3 0.5210970464135021 0.6060126582278481 0.014767932489451477 0.03639240506329114
0 0.5485232067510548 0.7025316455696202 0.023206751054852322 0.02531645569620253
3 0.7183544303797469 0.7689873417721519 0.03481012658227848 0.0379746835443038
0 0.7710970464135021 0.7056962025316456 0.029535864978902954 0.06487341772151899
0 0.6002109704641351 0.9034810126582279 0.029535864978902954 0.04430379746835443
2 0.6687763713080169 0.8987341772151899 0.04008438818565401 0.02689873417721519
2 0.679324894514768 0.7231012658227848 0.04113924050632911 0.028481012658227847
5 0.6772151898734177 0.7895569620253164 0.029535864978902954 0.028481012658227847
5 0.689873417721519 0.8481012658227848 0.017932489451476793 0.04746835443037975