1 0.8958762886597939 0.10990712074303406 0.009278350515463918 0.020123839009287926
4 0.9567010309278351 0.13003095975232198 0.013402061855670102 0.034055727554179564
4 0.9144329896907216 0.10990712074303406 0.010309278350515464 0.021671826625386997
4 0.6463917525773196 0.1563467492260062 0.016494845360824743 0.017027863777089782
4 0.6721649484536083 0.006191950464396285 0.012371134020618556 0.009287925696594427
4 0.6551546391752577 0.006191950464396285 0.01134020618556701 0.009287925696594427
4 0.6376288659793814 0.006191950464396285 0.01134020618556701 0.009287925696594427
2 0.6134020618556701 0.20743034055727555 0.01443298969072165 0.03715170278637771
2 0.654639175257732 0.09597523219814241 0.023711340206185566 0.029411764705882353
1 0.9752577319587629 0.24458204334365324 0.01443298969072165 0.01238390092879257
0 0.9855670103092784 0.1996904024767802 0.026804123711340205 0.034055727554179564