1 0.006012024048096192 0.40813253012048195 0.009018036072144289 0.022590361445783132
1 0.00250501002004008 0.3674698795180723 0.00501002004008016 0.024096385542168676
1 0.003006012024048096 0.2876506024096386 0.006012024048096192 0.02710843373493976
1 0.24448897795591182 0.23644578313253012 0.009018036072144289 0.024096385542168676
1 0.21042084168336672 0.3207831325301205 0.009018036072144289 0.024096385542168676
1 0.22444889779559118 0.3207831325301205 0.009018036072144289 0.024096385542168676
1 0.24148296593186372 0.31626506024096385 0.014028056112224449 0.03614457831325301
1 0.21643286573146292 0.23644578313253012 0.009018036072144289 0.024096385542168676
1 0.23046092184368738 0.23644578313253012 0.009018036072144289 0.024096385542168676
1 0.05711422845691383 0.07680722891566265 0.009018036072144289 0.024096385542168676
1 0.07114228456913828 0.07680722891566265 0.009018036072144289 0.024096385542168676
0 0.10320641282565131 0.3328313253012048 0.1342685370741483 0.4246987951807229
4 0.008016032064128256 0.5926204819277109 0.01603206412825651 0.016566265060240965
4 0.04609218436873747 0.6144578313253012 0.017034068136272545 0.01355421686746988
4 0.21643286573146292 0.3855421686746988 0.009018036072144289 0.024096385542168676
4 0.13527054108216433 0.5843373493975904 0.013026052104208416 0.03463855421686747
4 0.07715430861723446 0.04066265060240964 0.02404809619238477 0.02108433734939759
4 0.11222444889779559 0.06325301204819277 0.02404809619238477 0.02108433734939759