1 0.654308617234469 0.40963855421686746 0.026052104208416832 0.06927710843373494
1 0.7004008016032064 0.463855421686747 0.045090180360721446 0.03614457831325301
1 0.6913827655310621 0.39759036144578314 0.013026052104208416 0.03765060240963856
1 0.7134268537074149 0.42168674698795183 0.01002004008016032 0.024096385542168676
1 0.7274549098196392 0.42319277108433734 0.01002004008016032 0.02108433734939759
1 0.6523046092184369 0.5225903614457831 0.01603206412825651 0.01355421686746988
1 0.6823647294589178 0.5150602409638554 0.01503006012024048 0.01355421686746988
1 0.6402805611222445 0.6144578313253012 0.018036072144288578 0.043674698795180725
1 0.6623246492985972 0.5843373493975904 0.013026052104208416 0.03614457831325301
1 0.6763527054108216 0.5436746987951807 0.008016032064128256 0.022590361445783132
1 0.7164328657314629 0.7304216867469879 0.01503006012024048 0.01355421686746988
1 0.7675350701402806 0.7183734939759037 0.01603206412825651 0.01355421686746988
1 0.7124248496993988 0.6114457831325302 0.009018036072144289 0.022590361445783132
1 0.7254509018036072 0.6129518072289156 0.009018036072144289 0.022590361445783132
1 0.7194388777555111 0.5617469879518072 0.01503006012024048 0.01355421686746988
1 0.7194388777555111 0.5813253012048193 0.01603206412825651 0.01355421686746988
1 0.6843687374749499 0.6114457831325302 0.014028056112224449 0.03614457831325301
1 0.5681362725450901 0.677710843373494 0.01503006012024048 0.01355421686746988
1 0.5961923847695391 0.7213855421686747 0.009018036072144289 0.024096385542168676
1 0.7384769539078156 0.7560240963855421 0.025050100200400802 0.02108433734939759
1 0.8496993987975952 0.7228915662650602 0.008016032064128256 0.024096385542168676
1 0.9278557114228457 0.552710843373494 0.02404809619238477 0.07078313253012049
1 0.905811623246493 0.5421686746987951 0.009018036072144289 0.022590361445783132
1 0.8927855711422845 0.5406626506024096 0.01002004008016032 0.024096385542168676
1 0.8777555110220441 0.5421686746987951 0.008016032064128256 0.022590361445783132
1 0.8967935871743486 0.6129518072289156 0.01503006012024048 0.01355421686746988
1 0.8867735470941884 0.41566265060240964 0.014028056112224449 0.01355421686746988
1 0.7024048096192385 0.6581325301204819 0.01503006012024048 0.01355421686746988
1 0.7034068136272545 0.6807228915662651 0.01603206412825651 0.01355421686746988
1 0.6102204408817635 0.9352409638554217 0.01503006012024048 0.01355421686746988
1 0.6102204408817635 0.9548192771084337 0.01603206412825651 0.01355421686746988
1 0.7404809619238477 0.7093373493975904 0.01503006012024048 0.01355421686746988
1 0.7404809619238477 0.7304216867469879 0.01603206412825651 0.01355421686746988
1 0.9909819639278558 0.6641566265060241 0.01503006012024048 0.01355421686746988
1 0.9909819639278558 0.6852409638554217 0.01603206412825651 0.01355421686746988
1 0.9949899799599199 0.6144578313253012 0.009018036072144289 0.024096385542168676
1 0.8917835671342685 0.6942771084337349 0.009018036072144289 0.022590361445783132
2 0.6062124248496994 0.6129518072289156 0.02905811623246493 0.0286144578313253
0 0.8066132264529058 0.5512048192771084 0.08517034068136273 0.2921686746987952
4 0.6913827655310621 0.5451807228915663 0.01002004008016032 0.025602409638554216
4 0.5260521042084169 0.7725903614457831 0.018036072144288578 0.015060240963855422
4 0.5260521042084169 0.7515060240963856 0.018036072144288578 0.015060240963855422
4 0.5691382765531062 0.7093373493975904 0.018036072144288578 0.015060240963855422
4 0.5480961923847696 0.733433734939759 0.01002004008016032 0.025602409638554216
4 0.6162324649298597 0.6596385542168675 0.017034068136272545 0.015060240963855422
4 0.6723446893787575 0.6731927710843374 0.01002004008016032 0.025602409638554216
4 0.8877755511022044 0.3960843373493976 0.01603206412825651 0.01355421686746988
4 0.906813627254509 0.40512048192771083 0.01002004008016032 0.024096385542168676
4 0.9328657314629258 0.3855421686746988 0.017034068136272545 0.015060240963855422
4 0.9589178356713427 0.3855421686746988 0.017034068136272545 0.01355421686746988
4 0.9849699398797596 0.3855421686746988 0.017034068136272545 0.01355421686746988
4 0.9914829659318637 0.40813253012048195 0.01503006012024048 0.015060240963855422
4 0.9478957915831663 0.4924698795180723 0.017034068136272545 0.015060240963855422
4 0.906813627254509 0.46987951807228917 0.017034068136272545 0.015060240963855422
4 0.5981963927855711 0.7635542168674698 0.01002004008016032 0.024096385542168676
4 0.6122244488977956 0.7635542168674698 0.01002004008016032 0.024096385542168676
4 0.8967935871743486 0.6340361445783133 0.01603206412825651 0.015060240963855422
4 0.5320641282565131 0.6882530120481928 0.018036072144288578 0.015060240963855422
4 0.5180360721442886 0.7153614457831325 0.018036072144288578 0.015060240963855422
4 0.7104208416833667 0.7018072289156626 0.01603206412825651 0.015060240963855422
4 0.5210420841683366 0.6581325301204819 0.018036072144288578 0.015060240963855422
4 0.5210420841683366 0.6385542168674698 0.018036072144288578 0.015060240963855422
4 0.5220440881763527 0.6189759036144579 0.018036072144288578 0.015060240963855422
4 0.5220440881763527 0.5993975903614458 0.018036072144288578 0.015060240963855422
4 0.5290581162324649 0.9909638554216867 0.018036072144288578 0.015060240963855422
4 0.5290581162324649 0.9683734939759037 0.018036072144288578 0.015060240963855422
4 0.5290581162324649 0.947289156626506 0.018036072144288578 0.015060240963855422
4 0.5290581162324649 0.927710843373494 0.018036072144288578 0.015060240963855422
4 0.5561122244488977 0.8825301204819277 0.018036072144288578 0.015060240963855422
4 0.5571142284569138 0.9081325301204819 0.018036072144288578 0.015060240963855422
4 0.5751503006012024 0.5301204819277109 0.02004008016032064 0.045180722891566265
4 0.5110220440881763 0.5316265060240963 0.02004008016032064 0.046686746987951805
4 0.9869739478957916 0.7183734939759037 0.023046092184368736 0.02108433734939759
4 0.844689378757515 0.3644578313253012 0.02004008016032064 0.045180722891566265
4 0.8206412825651302 0.3689759036144578 0.013026052104208416 0.03313253012048193
4 0.9098196392785571 0.6867469879518072 0.013026052104208416 0.03463855421686747
4 0.7685370741482966 0.3644578313253012 0.04408817635270541 0.03765060240963856
5 0.9794589178356713 0.5323795180722891 0.03907815631262525 0.04066265060240964