1 0.35470941883767537 0.3930722891566265 0.026052104208416832 0.06927710843373494
1 0.30861723446893785 0.44728915662650603 0.045090180360721446 0.03614457831325301
1 0.31763527054108215 0.3810240963855422 0.013026052104208416 0.03765060240963856
1 0.2955911823647295 0.40512048192771083 0.01002004008016032 0.024096385542168676
1 0.281563126252505 0.4066265060240964 0.01002004008016032 0.02108433734939759
1 0.35671342685370744 0.5060240963855421 0.01603206412825651 0.01355421686746988
1 0.32665330661322645 0.49849397590361444 0.01503006012024048 0.01355421686746988
1 0.3687374749498998 0.5978915662650602 0.018036072144288578 0.043674698795180725
1 0.3466933867735471 0.5677710843373494 0.013026052104208416 0.03614457831325301
1 0.33266533066132264 0.5271084337349398 0.008016032064128256 0.022590361445783132
1 0.2925851703406814 0.713855421686747 0.01503006012024048 0.01355421686746988
1 0.24148296593186372 0.7018072289156626 0.01603206412825651 0.01355421686746988
1 0.2965931863727455 0.5948795180722891 0.009018036072144289 0.022590361445783132
1 0.2835671342685371 0.5963855421686747 0.009018036072144289 0.022590361445783132
1 0.2895791583166333 0.5451807228915663 0.01503006012024048 0.01355421686746988
1 0.2895791583166333 0.5647590361445783 0.01603206412825651 0.01355421686746988
1 0.3246492985971944 0.5948795180722891 0.014028056112224449 0.03614457831325301
1 0.4408817635270541 0.661144578313253 0.01503006012024048 0.01355421686746988
1 0.41282565130260523 0.7048192771084337 0.009018036072144289 0.024096385542168676
1 0.27054108216432865 0.7394578313253012 0.025050100200400802 0.02108433734939759
1 0.1593186372745491 0.7063253012048193 0.008016032064128256 0.024096385542168676
1 0.0811623246492986 0.536144578313253 0.02404809619238477 0.07078313253012049
1 0.10320641282565131 0.5256024096385542 0.009018036072144289 0.022590361445783132
1 0.11623246492985972 0.5240963855421686 0.01002004008016032 0.024096385542168676
1 0.1312625250501002 0.5256024096385542 0.008016032064128256 0.022590361445783132
1 0.11222444889779559 0.5963855421686747 0.01503006012024048 0.01355421686746988
1 0.12224448897795591 0.3990963855421687 0.014028056112224449 0.01355421686746988
1 0.3066132264529058 0.641566265060241 0.01503006012024048 0.01355421686746988
1 0.30561122244488975 0.6641566265060241 0.01603206412825651 0.01355421686746988
1 0.39879759519038077 0.9186746987951807 0.01503006012024048 0.01355421686746988
1 0.39879759519038077 0.9382530120481928 0.01603206412825651 0.01355421686746988
1 0.2685370741482966 0.6927710843373494 0.01503006012024048 0.01355421686746988
1 0.2685370741482966 0.713855421686747 0.01603206412825651 0.01355421686746988
1 0.018036072144288578 0.6475903614457831 0.01503006012024048 0.01355421686746988
1 0.018036072144288578 0.6686746987951807 0.01603206412825651 0.01355421686746988
1 0.014028056112224449 0.5978915662650602 0.009018036072144289 0.024096385542168676
1 0.11723446893787576 0.677710843373494 0.009018036072144289 0.022590361445783132
2 0.4028056112224449 0.5963855421686747 0.02905811623246493 0.0286144578313253
0 0.20240480961923848 0.5346385542168675 0.08517034068136273 0.2921686746987952
4 0.31763527054108215 0.5286144578313253 0.01002004008016032 0.025602409638554216
4 0.48296593186372744 0.7560240963855421 0.018036072144288578 0.015060240963855422
4 0.48296593186372744 0.7349397590361446 0.018036072144288578 0.015060240963855422
4 0.43987975951903807 0.6927710843373494 0.018036072144288578 0.015060240963855422
4 0.46092184368737477 0.7168674698795181 0.01002004008016032 0.025602409638554216
4 0.3927855711422846 0.6430722891566265 0.017034068136272545 0.015060240963855422
4 0.3366733466933868 0.6566265060240963 0.01002004008016032 0.025602409638554216
4 0.12124248496993988 0.3795180722891566 0.01603206412825651 0.01355421686746988
4 0.10220440881763528 0.3885542168674699 0.01002004008016032 0.024096385542168676
4 0.07615230460921844 0.3689759036144578 0.017034068136272545 0.015060240963855422
4 0.050100200400801605 0.3689759036144578 0.017034068136272545 0.01355421686746988
4 0.02404809619238477 0.3689759036144578 0.017034068136272545 0.01355421686746988
4 0.017034068136272545 0.39156626506024095 0.01603206412825651 0.01355421686746988
4 0.061122244488977955 0.4759036144578313 0.017034068136272545 0.015060240963855422
4 0.10220440881763528 0.45331325301204817 0.017034068136272545 0.015060240963855422
4 0.41082164328657317 0.7469879518072289 0.01002004008016032 0.024096385542168676
4 0.3967935871743487 0.7469879518072289 0.01002004008016032 0.024096385542168676
4 0.11222444889779559 0.6174698795180723 0.01603206412825651 0.015060240963855422
4 0.47695390781563124 0.6716867469879518 0.018036072144288578 0.015060240963855422
4 0.4909819639278557 0.6987951807228916 0.018036072144288578 0.015060240963855422
4 0.2985971943887776 0.6852409638554217 0.01603206412825651 0.015060240963855422
4 0.4879759519038076 0.641566265060241 0.018036072144288578 0.015060240963855422
4 0.4879759519038076 0.6219879518072289 0.018036072144288578 0.015060240963855422
4 0.48697394789579157 0.6024096385542169 0.018036072144288578 0.015060240963855422
4 0.48697394789579157 0.5828313253012049 0.018036072144288578 0.015060240963855422
4 0.4804609218436874 0.9932228915662651 0.01903807615230461 0.010542168674698794
4 0.47995991983967934 0.9743975903614458 0.018036072144288578 0.015060240963855422
4 0.47995991983967934 0.9518072289156626 0.018036072144288578 0.015060240963855422
4 0.47995991983967934 0.9307228915662651 0.018036072144288578 0.015060240963855422
4 0.47995991983967934 0.911144578313253 0.018036072144288578 0.015060240963855422
4 0.4529058116232465 0.8659638554216867 0.018036072144288578 0.015060240963855422
4 0.45190380761523047 0.891566265060241 0.018036072144288578 0.015060240963855422
4 0.43687374749499 0.9894578313253012 0.018036072144288578 0.015060240963855422
4 0.4338677354709419 0.5135542168674698 0.02004008016032064 0.045180722891566265
4 0.49799599198396793 0.5150602409638554 0.02004008016032064 0.046686746987951805
4 0.022044088176352707 0.7018072289156626 0.023046092184368736 0.02108433734939759
4 0.16432865731462926 0.34789156626506024 0.02004008016032064 0.045180722891566265
4 0.18837675350701402 0.35240963855421686 0.013026052104208416 0.03313253012048193
4 0.09919839679358718 0.6701807228915663 0.013026052104208416 0.03463855421686747
4 0.24048096192384769 0.34789156626506024 0.04408817635270541 0.03765060240963856
5 0.02905811623246493 0.5150602409638554 0.04008016032064128 0.0391566265060241