1 0.7595190380761523 0.15210843373493976 0.01503006012024048 0.01355421686746988
1 0.7605210420841684 0.1927710843373494 0.01603206412825651 0.01355421686746988
1 0.6903807615230461 0.07228915662650602 0.009018036072144289 0.024096385542168676
1 0.717434869739479 0.07379518072289157 0.009018036072144289 0.022590361445783132
1 0.7595190380761523 0.1716867469879518 0.01603206412825651 0.01355421686746988
1 0.7314629258517034 0.1566265060240964 0.009018036072144289 0.022590361445783132
1 0.6052104208416834 0.3433734939759036 0.014028056112224449 0.03614457831325301
1 0.624248496993988 0.37801204819277107 0.01002004008016032 0.025602409638554216
1 0.627254509018036 0.5105421686746988 0.01503006012024048 0.012048192771084338
1 0.5721442885771543 0.3463855421686747 0.01603206412825651 0.012048192771084338
1 0.5350701402805611 0.4864457831325301 0.01603206412825651 0.01355421686746988
1 0.9238476953907816 0.40210843373493976 0.01002004008016032 0.024096385542168676
1 0.93687374749499 0.40210843373493976 0.009018036072144289 0.024096385542168676
1 0.9539078156312625 0.4006024096385542 0.01503006012024048 0.03614457831325301
1 0.9148296593186372 0.2620481927710843 0.01002004008016032 0.025602409638554216
1 0.9639278557114228 0.5286144578313253 0.009018036072144289 0.022590361445783132
1 0.6593186372745491 0.5978915662650602 0.01002004008016032 0.024096385542168676
1 0.6382765531062125 0.6009036144578314 0.01503006012024048 0.03765060240963856
1 0.7074148296593187 0.6144578313253012 0.01503006012024048 0.01355421686746988
0 0.7705410821643287 0.40813253012048195 0.218436873747495 0.32680722891566266
4 0.9589178356713427 0.2786144578313253 0.018036072144288578 0.015060240963855422
4 0.5290581162324649 0.23042168674698796 0.018036072144288578 0.015060240963855422
4 0.5280561122244489 0.20933734939759036 0.018036072144288578 0.015060240963855422
4 0.5280561122244489 0.1897590361445783 0.018036072144288578 0.015060240963855422
4 0.5230460921843687 0.3614457831325301 0.01503006012024048 0.015060240963855422
4 0.5210420841683366 0.3057228915662651 0.01603206412825651 0.015060240963855422
4 0.5691382765531062 0.2891566265060241 0.017034068136272545 0.015060240963855422
4 0.593186372745491 0.46686746987951805 0.017034068136272545 0.01355421686746988
4 0.5981963927855711 0.4894578313253012 0.017034068136272545 0.015060240963855422
4 0.5160320641282565 0.3870481927710843 0.01603206412825651 0.01355421686746988
4 0.5511022044088176 0.3885542168674699 0.017034068136272545 0.01355421686746988
4 0.5721442885771543 0.46686746987951805 0.01002004008016032 0.024096385542168676
4 0.5290581162324649 0.08734939759036145 0.018036072144288578 0.015060240963855422
4 0.5290581162324649 0.06626506024096386 0.018036072144288578 0.015060240963855422
4 0.5290581162324649 0.045180722891566265 0.018036072144288578 0.015060240963855422
4 0.6513026052104208 0.08885542168674698 0.018036072144288578 0.015060240963855422
4 0.5290581162324649 0.025602409638554216 0.018036072144288578 0.015060240963855422
4 0.5285571142284569 0.00677710843373494 0.01903807615230461 0.01355421686746988
4 0.5290581162324649 0.1686746987951807 0.018036072144288578 0.015060240963855422
4 0.5280561122244489 0.14909638554216867 0.018036072144288578 0.015060240963855422
4 0.5280561122244489 0.12650602409638553 0.018036072144288578 0.015060240963855422
4 0.5280561122244489 0.10692771084337349 0.018036072144288578 0.015060240963855422
4 0.9589178356713427 0.2575301204819277 0.018036072144288578 0.015060240963855422
4 0.717434869739479 0.15512048192771086 0.01002004008016032 0.025602409638554216
4 0.7314629258517034 0.09789156626506024 0.01002004008016032 0.024096385542168676
4 0.7965931863727455 0.1716867469879518 0.01603206412825651 0.016566265060240965
4 0.5290581162324649 0.2710843373493976 0.018036072144288578 0.015060240963855422
4 0.5290581162324649 0.25150602409638556 0.018036072144288578 0.015060240963855422
4 0.938877755511022 0.45933734939759036 0.01002004008016032 0.02710843373493976
4 0.9248496993987976 0.46686746987951805 0.009018036072144289 0.025602409638554216
4 0.9438877755511023 0.5210843373493976 0.01002004008016032 0.024096385542168676
4 0.9318637274549099 0.5542168674698795 0.017034068136272545 0.015060240963855422
4 0.9629258517034068 0.5632530120481928 0.017034068136272545 0.015060240963855422
4 0.938877755511022 0.3192771084337349 0.017034068136272545 0.015060240963855422
4 0.6202404809619239 0.0286144578313253 0.02404809619238477 0.01957831325301205
5 0.6843687374749499 0.11295180722891567 0.012024048096192385 0.03765060240963856
5 0.6533066132264529 0.1536144578313253 0.023046092184368736 0.018072289156626505
5 0.6893787575150301 0.16566265060240964 0.023046092184368736 0.018072289156626505