1 0.5423913043478261 0.630718954248366 0.058695652173913045 0.04738562091503268
1 0.5543478260869565 0.5800653594771242 0.029347826086956522 0.024509803921568627
1 0.5173913043478261 0.4477124183006536 0.02826086956521739 0.02287581699346405
1 0.782608695652174 0.5735294117647058 0.030434782608695653 0.02287581699346405
1 0.782608695652174 0.619281045751634 0.029347826086956522 0.02287581699346405
1 0.782608695652174 0.7826797385620915 0.029347826086956522 0.024509803921568627
1 0.7706521739130435 0.5228758169934641 0.03695652173913044 0.03758169934640523
1 0.7706521739130435 0.4803921568627451 0.02826086956521739 0.024509803921568627
1 0.842391304347826 0.8088235294117647 0.030434782608695653 0.024509803921568627
1 0.9717391304347827 0.17647058823529413 0.01847826086956522 0.04411764705882353
1 0.5304347826086957 0.3660130718954248 0.03260869565217391 0.08169934640522876
1 0.46304347826086956 0.21405228758169934 0.030434782608695653 0.08169934640522876
1 0.4641304347826087 0.058823529411764705 0.03152173913043478 0.08333333333333333
4 0.5 0.5604575163398693 0.035869565217391305 0.03594771241830065
4 0.44456521739130433 0.6503267973856209 0.029347826086956522 0.024509803921568627
4 0.6304347826086957 0.7892156862745098 0.030434782608695653 0.024509803921568627
4 0.45869565217391306 0.3839869281045752 0.029347826086956522 0.026143790849673203
4 0.7021739130434783 0.8088235294117647 0.030434782608695653 0.024509803921568627
4 0.6304347826086957 0.7516339869281046 0.029347826086956522 0.026143790849673203
4 0.782608695652174 0.7091503267973857 0.029347826086956522 0.026143790849673203
4 0.716304347826087 0.5751633986928104 0.029347826086956522 0.026143790849673203
4 0.45652173913043476 0.4215686274509804 0.029347826086956522 0.026143790849673203
4 0.6054347826086957 0.46078431372549017 0.029347826086956522 0.024509803921568627
4 0.782608695652174 0.7450980392156863 0.029347826086956522 0.024509803921568627
4 0.616304347826087 0.6258169934640523 0.03152173913043478 0.024509803921568627
4 0.7152173913043478 0.5359477124183006 0.029347826086956522 0.024509803921568627
4 0.7152173913043478 0.4918300653594771 0.029347826086956522 0.024509803921568627
4 0.716304347826087 0.4542483660130719 0.029347826086956522 0.026143790849673203
4 0.45760869565217394 0.4591503267973856 0.029347826086956522 0.026143790849673203
4 0.7695652173913043 0.44281045751633985 0.029347826086956522 0.026143790849673203
4 0.6076086956521739 0.4215686274509804 0.030434782608695653 0.027777777777777776
4 0.6271739130434782 0.6879084967320261 0.03152173913043478 0.08496732026143791
4 0.6315217391304347 0.553921568627451 0.03152173913043478 0.08496732026143791
0 0.9298913043478261 0.5269607843137255 0.13804347826086957 0.5179738562091504
4 0.9923913043478261 0.17565359477124182 0.013043478260869565 0.04411764705882353
0 0.7130434782608696 0.704248366013072 0.06086956521739131 0.1454248366013072