1 0.013043478260869565 0.7352941176470589 0.02608695652173913 0.026143790849673203
4 0.010869565217391304 0.3284313725490196 0.021739130434782608 0.029411764705882353
1 0.0125 0.38480392156862747 0.025 0.03758169934640523
1 0.00923913043478261 0.42892156862745096 0.01847826086956522 0.027777777777777776
1 0.008152173913043478 0.4673202614379085 0.016304347826086956 0.026143790849673203
1 0.10760869565217392 0.3545751633986928 0.017391304347826087 0.0457516339869281
1 0.11521739130434783 0.5637254901960784 0.02391304347826087 0.05718954248366013
1 0.15217391304347827 0.5637254901960784 0.021739130434782608 0.05392156862745098
1 0.175 0.4624183006535948 0.017391304347826087 0.0457516339869281
1 0.1826086956521739 0.3660130718954248 0.030434782608695653 0.08823529411764706
1 0.22065217391304348 0.3611111111111111 0.016304347826086956 0.04738562091503268
1 0.24565217391304348 0.3627450980392157 0.016304347826086956 0.0457516339869281
1 0.3076086956521739 0.4019607843137255 0.035869565217391305 0.03758169934640523
1 0.4217391304347826 0.4084967320261438 0.034782608695652174 0.03594771241830065
1 0.3 0.576797385620915 0.029347826086956522 0.024509803921568627
1 0.2826086956521739 0.6290849673202614 0.05652173913043478 0.0457516339869281
1 0.2543478260869565 0.6862745098039216 0.034782608695652174 0.032679738562091505
1 0.18695652173913044 0.6601307189542484 0.016304347826086956 0.042483660130718956
1 0.31630434782608696 0.7189542483660131 0.02717391304347826 0.024509803921568627
1 0.33695652173913043 0.7696078431372549 0.03695652173913044 0.03594771241830065
1 0.5891304347826087 0.5751633986928104 0.02282608695652174 0.05228758169934641
1 0.6173913043478261 0.5800653594771242 0.016304347826086956 0.04411764705882353
1 0.6173913043478261 0.49836601307189543 0.05543478260869565 0.04411764705882353
1 0.6043478260869565 0.6388888888888888 0.034782608695652174 0.03594771241830065
1 0.6043478260869565 0.6813725490196079 0.02826086956521739 0.024509803921568627
1 0.6206521739130435 0.738562091503268 0.029347826086956522 0.026143790849673203
1 0.3358695652173913 0.8251633986928104 0.029347826086956522 0.027777777777777776
1 0.4423913043478261 0.8758169934640523 0.03695652173913044 0.03594771241830065
1 0.483695652173913 0.8888888888888888 0.01847826086956522 0.042483660130718956
1 0.5826086956521739 0.8970588235294118 0.03695652173913044 0.03758169934640523
1 0.5782608695652174 0.826797385620915 0.029347826086956522 0.024509803921568627
1 0.6217391304347826 0.8888888888888888 0.017391304347826087 0.04411764705882353
1 0.6978260869565217 0.8888888888888888 0.016304347826086956 0.0457516339869281
1 0.6086956521739131 0.9918300653594772 0.01956521739130435 0.013071895424836602
1 0.5516304347826086 0.9934640522875817 0.020652173913043477 0.00980392156862745
1 0.5260869565217391 0.9918300653594772 0.01956521739130435 0.013071895424836602
4 0.10652173913043478 0.42483660130718953 0.017391304347826087 0.0457516339869281
4 0.1391304347826087 0.3627450980392157 0.02391304347826087 0.05555555555555555
4 0.4673913043478261 0.3464052287581699 0.03804347826086957 0.03758169934640523
4 0.3967391304347826 0.3382352941176471 0.05434782608695652 0.04738562091503268
4 0.36195652173913045 0.4019607843137255 0.030434782608695653 0.024509803921568627
1 0.33369565217391306 0.4526143790849673 0.030434782608695653 0.024509803921568627
5 0.28804347826086957 0.48366013071895425 0.034782608695652174 0.029411764705882353
5 0.22608695652173913 0.5294117647058824 0.075 0.0718954248366013
0 0.14021739130434782 0.696078431372549 0.051086956521739134 0.0784313725490196
0 0.19456521739130433 0.7336601307189542 0.041304347826086954 0.03758169934640523
2 0.24130434782608695 0.7401960784313726 0.03804347826086957 0.029411764705882353
4 0.28152173913043477 0.7810457516339869 0.030434782608695653 0.027777777777777776
4 0.532608695652174 0.3709150326797386 0.02717391304347826 0.027777777777777776
4 0.5347826086956522 0.3349673202614379 0.03260869565217391 0.024509803921568627
4 0.5293478260869565 0.4166666666666667 0.030434782608695653 0.027777777777777776
4 0.6510869565217391 0.5571895424836601 0.029347826086956522 0.027777777777777776
4 0.7217391304347827 0.47549019607843135 0.03695652173913044 0.03758169934640523
4 0.7336956521739131 0.6633986928104575 0.02826086956521739 0.027777777777777776
4 0.33260869565217394 0.5277777777777778 0.029347826086956522 0.024509803921568627
4 0.33369565217391306 0.49019607843137253 0.029347826086956522 0.024509803921568627
4 0.31630434782608696 0.6797385620915033 0.02826086956521739 0.024509803921568627
0 0.45869565217391306 0.630718954248366 0.10760869565217392 0.35784313725490197
4 0.41195652173913044 0.8382352941176471 0.030434782608695653 0.027777777777777776
4 0.7206521739130435 0.8905228758169934 0.017391304347826087 0.042483660130718956
4 0.5076086956521739 0.8888888888888888 0.017391304347826087 0.042483660130718956
4 0.532608695652174 0.8905228758169934 0.017391304347826087 0.042483660130718956
4 0.6456521739130435 0.8905228758169934 0.017391304347826087 0.042483660130718956
4 0.6032608695652174 0.7826797385620915 0.030434782608695653 0.027777777777777776
4 0.7336956521739131 0.7826797385620915 0.030434782608695653 0.027777777777777776
0 0.6695652173913044 0.8071895424836601 0.03260869565217391 0.08169934640522876
4 0.575 0.7254901960784313 0.029347826086956522 0.026143790849673203
4 0.6826086956521739 0.7450980392156863 0.029347826086956522 0.026143790849673203
4 0.5744565217391304 0.9926470588235294 0.01847826086956522 0.011437908496732025
4 0.6527173913043478 0.9901960784313726 0.02717391304347826 0.016339869281045753
4 0.021739130434782608 0.5833333333333334 0.017391304347826087 0.042483660130718956