1 0.9465408805031447 0.31761006289308175 0.029350104821802937 0.02358490566037736
1 0.9889937106918238 0.6855345911949685 0.019916142557651992 0.05345911949685535
4 0.950733752620545 0.7091194968553459 0.029350104821802937 0.026729559748427674
1 0.950733752620545 0.6540880503144654 0.03563941299790356 0.03459119496855346
1 0.9538784067085954 0.6116352201257862 0.029350104821802937 0.025157232704402517
1 0.9549266247379455 0.5754716981132075 0.02830188679245283 0.02358490566037736
1 0.8522012578616353 0.6839622641509434 0.016771488469601678 0.0440251572327044
1 0.8448637316561844 0.4827044025157233 0.023060796645702306 0.055031446540880505
1 0.8092243186582809 0.4827044025157233 0.020964360587002098 0.05188679245283019
1 0.7872117400419287 0.5801886792452831 0.016771488469601678 0.0440251572327044
1 0.779874213836478 0.6729559748427673 0.029350104821802937 0.08490566037735849
1 0.7431865828092243 0.6776729559748428 0.015723270440251572 0.04559748427672956
1 0.7190775681341719 0.6761006289308176 0.015723270440251572 0.0440251572327044
1 0.6593291404612159 0.6383647798742138 0.03459119496855346 0.036163522012578615
1 0.549266247379455 0.6320754716981132 0.033542976939203356 0.03459119496855346
1 0.6666666666666666 0.470125786163522 0.02830188679245283 0.02358490566037736
1 0.6834381551362684 0.419811320754717 0.05450733752620545 0.0440251572327044
1 0.710691823899371 0.36477987421383645 0.033542976939203356 0.031446540880503145
1 0.7756813417190775 0.389937106918239 0.015723270440251572 0.040880503144654086
1 0.6509433962264151 0.3333333333333333 0.02620545073375262 0.02358490566037736
1 0.6310272536687631 0.28459119496855345 0.03563941299790356 0.03459119496855346
1 0.38784067085953877 0.4716981132075472 0.0220125786163522 0.050314465408805034
1 0.36058700209643607 0.4669811320754717 0.015723270440251572 0.04245283018867924
1 0.36058700209643607 0.5455974842767296 0.05345911949685535 0.04245283018867924
1 0.3731656184486373 0.41037735849056606 0.033542976939203356 0.03459119496855346
1 0.3731656184486373 0.3694968553459119 0.027253668763102725 0.02358490566037736
1 0.35744234800838576 0.31446540880503143 0.02830188679245283 0.025157232704402517
1 0.6320754716981132 0.23113207547169812 0.02830188679245283 0.026729559748427674
1 0.5293501048218029 0.18238993710691823 0.03563941299790356 0.03459119496855346
1 0.48951781970649894 0.16981132075471697 0.01781970649895178 0.040880503144654086
1 0.3941299790356394 0.1619496855345912 0.03563941299790356 0.036163522012578615
1 0.39832285115303984 0.22955974842767296 0.02830188679245283 0.02358490566037736
1 0.35639412997903563 0.16981132075471697 0.016771488469601678 0.04245283018867924
1 0.2830188679245283 0.16981132075471697 0.015723270440251572 0.0440251572327044
1 0.370020964360587 0.05345911949685535 0.016771488469601678 0.0440251572327044
1 0.42452830188679247 0.05188679245283019 0.01781970649895178 0.04245283018867924
1 0.449685534591195 0.055031446540880505 0.016771488469601678 0.04245283018867924
4 0.9643605870020965 0.1289308176100629 0.015723270440251572 0.040880503144654086
4 0.9643605870020965 0.05188679245283019 0.015723270440251572 0.04245283018867924
2 0.9958071278825996 0.11320754716981132 0.006289308176100629 0.050314465408805034
0 0.9952830188679245 0.4488993710691824 0.007337526205450734 0.2531446540880503
4 0.8532494758909853 0.6163522012578616 0.016771488469601678 0.0440251572327044
4 0.8218029350104822 0.6761006289308176 0.023060796645702306 0.05345911949685535
4 0.5052410901467506 0.6918238993710691 0.03668763102725367 0.036163522012578615
4 0.5733752620545073 0.699685534591195 0.05241090146750524 0.04559748427672956
4 0.6069182389937107 0.6383647798742138 0.029350104821802937 0.02358490566037736
1 0.6341719077568134 0.589622641509434 0.029350104821802937 0.02358490566037736
5 0.6781970649895178 0.559748427672956 0.033542976939203356 0.02830188679245283
5 0.7379454926624738 0.5157232704402516 0.07232704402515723 0.06918238993710692
0 0.8207547169811321 0.3553459119496855 0.049266247379454925 0.07547169811320754
0 0.7683438155136268 0.3191823899371069 0.039832285115303984 0.036163522012578615
2 0.7232704402515723 0.3128930817610063 0.03668763102725367 0.02830188679245283
4 0.6844863731656184 0.27358490566037735 0.029350104821802937 0.026729559748427674
4 0.44234800838574423 0.6682389937106918 0.02620545073375262 0.026729559748427674
4 0.44025157232704404 0.7028301886792453 0.031446540880503145 0.02358490566037736
4 0.44549266247379454 0.6242138364779874 0.029350104821802937 0.026729559748427674
4 0.3280922431865828 0.4889937106918239 0.02830188679245283 0.026729559748427674
4 0.259958071278826 0.5676100628930818 0.03563941299790356 0.036163522012578615
4 0.24842767295597484 0.3867924528301887 0.027253668763102725 0.026729559748427674
4 0.6352201257861635 0.5172955974842768 0.02830188679245283 0.02358490566037736
4 0.6341719077568134 0.5534591194968553 0.02830188679245283 0.02358490566037736
4 0.6509433962264151 0.3710691823899371 0.027253668763102725 0.02358490566037736
0 0.5136268343815513 0.41823899371069184 0.10377358490566038 0.3443396226415094
4 0.5587002096436059 0.21855345911949686 0.029350104821802937 0.026729559748427674
4 0.2610062893081761 0.16823899371069181 0.016771488469601678 0.040880503144654086
4 0.46645702306079667 0.16981132075471697 0.016771488469601678 0.040880503144654086
4 0.44234800838574423 0.16823899371069181 0.016771488469601678 0.040880503144654086
4 0.3333333333333333 0.16823899371069181 0.016771488469601678 0.040880503144654086
4 0.3742138364779874 0.2720125786163522 0.029350104821802937 0.026729559748427674
4 0.24842767295597484 0.2720125786163522 0.029350104821802937 0.026729559748427674
0 0.31027253668763105 0.24842767295597484 0.031446540880503145 0.07861635220125786
4 0.40146750524109015 0.3270440251572327 0.02830188679245283 0.025157232704402517
4 0.2976939203354298 0.3081761006289308 0.02830188679245283 0.025157232704402517
4 0.4025157232704403 0.05345911949685535 0.015723270440251572 0.04245283018867924
4 0.23270440251572327 0.040880503144654086 0.015723270440251572 0.04245283018867924
4 0.3270440251572327 0.05188679245283019 0.02410901467505241 0.05345911949685535
5 0.27253668763102723 0.040880503144654086 0.049266247379454925 0.03459119496855346
4 0.9350104821802935 0.4638364779874214 0.016771488469601678 0.040880503144654086