1 0.5571142284569138 0.0572289156626506 0.02905811623246493 0.07530120481927711
1 0.03507014028056112 0.2394578313253012 0.028056112224448898 0.022590361445783132
1 0.07715430861723446 0.2289156626506024 0.02905811623246493 0.022590361445783132
1 0.24448897795591182 0.4066265060240964 0.028056112224448898 0.022590361445783132
1 0.16733466933867736 0.2756024096385542 0.03507014028056112 0.03313253012048193
1 0.12024048096192384 0.2756024096385542 0.028056112224448898 0.02108433734939759
1 0.12024048096192384 0.24246987951807228 0.02905811623246493 0.025602409638554216
1 0.2685370741482966 0.3253012048192771 0.028056112224448898 0.022590361445783132
1 0.26753507014028055 0.35993975903614456 0.028056112224448898 0.022590361445783132
1 0.19739478957915832 0.3990963855421687 0.01603206412825651 0.04216867469879518
1 0.19739478957915832 0.4864457831325301 0.01503006012024048 0.04066265060240964
1 0.19839679358717435 0.536144578313253 0.027054108216432865 0.024096385542168676
1 0.19739478957915832 0.5933734939759037 0.027054108216432865 0.022590361445783132
1 0.1963927855711423 0.6400602409638554 0.03406813627254509 0.03162650602409638
1 0.2985971943887776 0.6942771084337349 0.028056112224448898 0.024096385542168676
1 0.2985971943887776 0.6581325301204819 0.028056112224448898 0.024096385542168676
4 0.29759519038076154 0.6234939759036144 0.028056112224448898 0.022590361445783132
1 0.3016032064128257 0.5828313253012049 0.03406813627254509 0.03313253012048193
1 0.3066132264529058 0.34186746987951805 0.01503006012024048 0.0391566265060241
1 0.36172344689378755 0.4006024096385542 0.027054108216432865 0.02108433734939759
1 0.36172344689378755 0.4367469879518072 0.027054108216432865 0.02108433734939759
1 0.36072144288577157 0.4713855421686747 0.027054108216432865 0.022590361445783132
1 0.36172344689378755 0.5060240963855421 0.028056112224448898 0.022590361445783132
1 0.36072144288577157 0.5406626506024096 0.026052104208416832 0.02108433734939759
1 0.36172344689378755 0.5768072289156626 0.028056112224448898 0.02108433734939759
4 0.35771543086172347 0.6174698795180723 0.036072144288577156 0.03463855421686747
4 0.35771543086172347 0.6626506024096386 0.03707414829659319 0.03463855421686747
1 0.061122244488977955 0.6671686746987951 0.01503006012024048 0.04216867469879518
1 0.03707414829659319 0.6897590361445783 0.01603206412825651 0.04066265060240964
1 0.012024048096192385 0.6912650602409639 0.01503006012024048 0.043674698795180725
4 0.09719438877755511 0.19427710843373494 0.028056112224448898 0.022590361445783132
4 0.6533066132264529 0.661144578313253 0.027054108216432865 0.025602409638554216
4 0.45490981963927857 0.13253012048192772 0.01503006012024048 0.0391566265060241
2 0.0045090180360721445 0.13629518072289157 0.0070140280561122245 0.046686746987951805
4 0.03206412825651302 0.07680722891566265 0.01503006012024048 0.0391566265060241
4 0.050100200400801605 0.1460843373493976 0.027054108216432865 0.025602409638554216
4 0.3527054108216433 0.32379518072289154 0.027054108216432865 0.025602409638554216
4 0.3066132264529058 0.5406626506024096 0.027054108216432865 0.022590361445783132
4 0.3066132264529058 0.3990963855421687 0.027054108216432865 0.022590361445783132
4 0.3066132264529058 0.4352409638554217 0.027054108216432865 0.022590361445783132
4 0.3066132264529058 0.46987951807228917 0.027054108216432865 0.022590361445783132
4 0.3066132264529058 0.5045180722891566 0.027054108216432865 0.022590361445783132
4 0.24448897795591182 0.45331325301204817 0.028056112224448898 0.024096385542168676
0 0.24448897795591182 0.5512048192771084 0.04909819639278557 0.07379518072289157
0 0.07615230460921844 0.4578313253012048 0.15030060120240482 0.24096385542168675
4 0.2124248496993988 0.6927710843373494 0.01503006012024048 0.04216867469879518
4 0.2635270541082164 0.6912650602409639 0.01503006012024048 0.04066265060240964
4 0.23947895791583165 0.6927710843373494 0.01503006012024048 0.04066265060240964
4 0.35370741482965934 0.35843373493975905 0.027054108216432865 0.025602409638554216
4 0.17735470941883769 0.697289156626506 0.027054108216432865 0.024096385542168676