1 0.4329140461215933 0.41823899371069184 0.05660377358490566 0.04559748427672956
1 0.42138364779874216 0.4669811320754717 0.02830188679245283 0.02358490566037736
1 0.4570230607966457 0.5943396226415094 0.027253668763102725 0.0220125786163522
1 0.20125786163522014 0.47327044025157233 0.029350104821802937 0.0220125786163522
1 0.20125786163522014 0.42924528301886794 0.02830188679245283 0.0220125786163522
1 0.20125786163522014 0.2720125786163522 0.02830188679245283 0.02358490566037736
1 0.21278825995807127 0.5220125786163522 0.03563941299790356 0.036163522012578615
1 0.21278825995807127 0.5628930817610063 0.027253668763102725 0.02358490566037736
1 0.14360587002096437 0.2468553459119497 0.029350104821802937 0.02358490566037736
1 0.018867924528301886 0.8553459119496856 0.01781970649895178 0.04245283018867924
1 0.4444444444444444 0.6729559748427673 0.031446540880503145 0.07861635220125786
1 0.5094339622641509 0.8191823899371069 0.029350104821802937 0.07861635220125786
1 0.5083857442348009 0.9630503144654088 0.031446540880503145 0.07075471698113207
4 0.47379454926624737 0.4858490566037736 0.03459119496855346 0.03459119496855346
4 0.5272536687631028 0.39937106918238996 0.02830188679245283 0.02358490566037736
4 0.3480083857442348 0.26572327044025157 0.029350104821802937 0.02358490566037736
4 0.5136268343815513 0.6556603773584906 0.02830188679245283 0.025157232704402517
4 0.27882599580712786 0.2468553459119497 0.029350104821802937 0.02358490566037736
4 0.3480083857442348 0.3018867924528302 0.02830188679245283 0.025157232704402517
4 0.20125786163522014 0.34276729559748426 0.02830188679245283 0.025157232704402517
4 0.26519916142557654 0.4716981132075472 0.02830188679245283 0.025157232704402517
4 0.5157232704402516 0.6194968553459119 0.02830188679245283 0.025157232704402517
4 0.3721174004192872 0.5817610062893082 0.02830188679245283 0.02358490566037736
4 0.20125786163522014 0.3081761006289308 0.02830188679245283 0.02358490566037736
4 0.36163522012578614 0.4229559748427673 0.03039832285115304 0.02358490566037736
4 0.2662473794549266 0.5094339622641509 0.02830188679245283 0.02358490566037736
4 0.2662473794549266 0.5518867924528302 0.02830188679245283 0.02358490566037736
4 0.26519916142557654 0.5880503144654088 0.02830188679245283 0.025157232704402517
4 0.5146750524109015 0.5833333333333334 0.02830188679245283 0.025157232704402517
4 0.2138364779874214 0.5990566037735849 0.02830188679245283 0.025157232704402517
4 0.370020964360587 0.6194968553459119 0.029350104821802937 0.026729559748427674
4 0.35115303983228513 0.3632075471698113 0.03039832285115304 0.08176100628930817
4 0.3469601677148847 0.4921383647798742 0.03039832285115304 0.08176100628930817
0 0.06341719077568134 0.5180817610062893 0.12473794549266247 0.49842767295597484
4 0.0031446540880503146 0.8561320754716981 0.0041928721174004195 0.04245283018867924
0 0.26834381551362685 0.3474842767295597 0.05870020964360587 0.139937106918239