1 0.5136268343815513 0.03537735849056604 0.031446540880503145 0.07075471698113207
1 0.014150943396226415 0.20911949685534592 0.02620545073375262 0.025157232704402517
1 0.18658280922431866 0.3946540880503145 0.029350104821802937 0.02358490566037736
1 0.10587002096436059 0.2578616352201258 0.03668763102725367 0.03459119496855346
1 0.05660377358490566 0.2578616352201258 0.029350104821802937 0.0220125786163522
1 0.05660377358490566 0.22327044025157233 0.03039832285115304 0.026729559748427674
1 0.21174004192872117 0.30974842767295596 0.029350104821802937 0.02358490566037736
1 0.21069182389937108 0.34591194968553457 0.029350104821802937 0.02358490566037736
1 0.13731656184486374 0.3867924528301887 0.016771488469601678 0.0440251572327044
1 0.13731656184486374 0.4779874213836478 0.015723270440251572 0.04245283018867924
1 0.13836477987421383 0.529874213836478 0.02830188679245283 0.025157232704402517
1 0.13731656184486374 0.589622641509434 0.02830188679245283 0.02358490566037736
1 0.13626834381551362 0.6383647798742138 0.03563941299790356 0.0330188679245283
1 0.2431865828092243 0.6949685534591195 0.029350104821802937 0.025157232704402517
1 0.2431865828092243 0.6572327044025157 0.029350104821802937 0.025157232704402517
4 0.24213836477987422 0.6210691823899371 0.029350104821802937 0.02358490566037736
1 0.24633123689727462 0.5786163522012578 0.03563941299790356 0.03459119496855346
1 0.25157232704402516 0.3270440251572327 0.015723270440251572 0.040880503144654086
1 0.30922431865828093 0.38836477987421386 0.02830188679245283 0.0220125786163522
1 0.30922431865828093 0.4261006289308176 0.02830188679245283 0.0220125786163522
1 0.3081761006289308 0.46226415094339623 0.02830188679245283 0.02358490566037736
1 0.30922431865828093 0.49842767295597484 0.029350104821802937 0.02358490566037736
1 0.3081761006289308 0.5345911949685535 0.027253668763102725 0.0220125786163522
1 0.30922431865828093 0.5723270440251572 0.029350104821802937 0.0220125786163522
4 0.3050314465408805 0.6147798742138365 0.03773584905660377 0.036163522012578615
4 0.3050314465408805 0.6619496855345912 0.03878406708595388 0.036163522012578615
4 0.03249475890985325 0.17295597484276728 0.029350104821802937 0.02358490566037736
4 0.6142557651991615 0.660377358490566 0.02830188679245283 0.026729559748427674
4 0.40670859538784065 0.10849056603773585 0.015723270440251572 0.040880503144654086
4 0.29979035639413 0.3081761006289308 0.02830188679245283 0.026729559748427674
4 0.25157232704402516 0.5345911949685535 0.02830188679245283 0.02358490566037736
4 0.25157232704402516 0.3867924528301887 0.02830188679245283 0.02358490566037736
4 0.25157232704402516 0.42452830188679247 0.02830188679245283 0.02358490566037736
4 0.25157232704402516 0.4606918238993711 0.02830188679245283 0.02358490566037736
4 0.25157232704402516 0.4968553459119497 0.02830188679245283 0.02358490566037736
4 0.18658280922431866 0.44339622641509435 0.029350104821802937 0.025157232704402517
0 0.18658280922431866 0.5455974842767296 0.051362683438155136 0.0770440251572327
0 0.04507337526205451 0.4481132075471698 0.0880503144654088 0.25157232704402516
4 0.1530398322851153 0.6933962264150944 0.015723270440251572 0.0440251572327044
4 0.20649895178197064 0.6918238993710691 0.015723270440251572 0.04245283018867924
4 0.18134171907756813 0.6933962264150944 0.015723270440251572 0.04245283018867924
4 0.3008385744234801 0.3443396226415094 0.02830188679245283 0.026729559748427674
4 0.11635220125786164 0.6981132075471698 0.02830188679245283 0.025157232704402517