1 0.9793478260869565 0.8480392156862745 0.03152173913043478 0.024509803921568627
1 0.7978260869565217 0.6552287581699346 0.030434782608695653 0.024509803921568627
1 0.8815217391304347 0.7973856209150327 0.03804347826086957 0.03594771241830065
1 0.9326086956521739 0.7973856209150327 0.030434782608695653 0.02287581699346405
1 0.9326086956521739 0.8333333333333334 0.03152173913043478 0.027777777777777776
1 0.7717391304347826 0.7434640522875817 0.030434782608695653 0.024509803921568627
1 0.7728260869565218 0.7058823529411765 0.030434782608695653 0.024509803921568627
1 0.8489130434782609 0.6633986928104575 0.017391304347826087 0.0457516339869281
1 0.8489130434782609 0.5686274509803921 0.016304347826086956 0.04411764705882353
1 0.8478260869565217 0.5147058823529411 0.029347826086956522 0.026143790849673203
1 0.8489130434782609 0.4526143790849673 0.029347826086956522 0.024509803921568627
1 0.85 0.4019607843137255 0.03695652173913044 0.03431372549019608
1 0.7391304347826086 0.3431372549019608 0.030434782608695653 0.026143790849673203
1 0.7391304347826086 0.38235294117647056 0.030434782608695653 0.026143790849673203
4 0.7402173913043478 0.4199346405228758 0.030434782608695653 0.024509803921568627
1 0.7358695652173913 0.46405228758169936 0.03695652173913044 0.03594771241830065
1 0.7304347826086957 0.7254901960784313 0.016304347826086956 0.042483660130718956
1 0.6706521739130434 0.6617647058823529 0.029347826086956522 0.02287581699346405
1 0.6706521739130434 0.6225490196078431 0.029347826086956522 0.02287581699346405
1 0.6717391304347826 0.5849673202614379 0.029347826086956522 0.024509803921568627
1 0.6706521739130434 0.5473856209150327 0.030434782608695653 0.024509803921568627
1 0.6717391304347826 0.5098039215686274 0.02826086956521739 0.02287581699346405
1 0.6706521739130434 0.47058823529411764 0.030434782608695653 0.02287581699346405
4 0.675 0.4264705882352941 0.0391304347826087 0.03758169934640523
4 0.675 0.37745098039215685 0.04021739130434782 0.03758169934640523
1 0.9934782608695653 0.37173202614379086 0.010869565217391304 0.04738562091503268
4 0.9576086956521739 0.8856209150326797 0.030434782608695653 0.024509803921568627
4 0.35434782608695653 0.3790849673202614 0.029347826086956522 0.027777777777777776
4 0.5695652173913044 0.9526143790849673 0.016304347826086956 0.042483660130718956
4 0.6804347826086956 0.7450980392156863 0.029347826086956522 0.027777777777777776
4 0.7304347826086957 0.5098039215686274 0.029347826086956522 0.024509803921568627
4 0.7304347826086957 0.6633986928104575 0.029347826086956522 0.024509803921568627
4 0.7304347826086957 0.6241830065359477 0.029347826086956522 0.024509803921568627
4 0.7304347826086957 0.5866013071895425 0.029347826086956522 0.024509803921568627
4 0.7304347826086957 0.5490196078431373 0.029347826086956522 0.024509803921568627
4 0.7978260869565217 0.6045751633986928 0.030434782608695653 0.026143790849673203
0 0.7978260869565217 0.49836601307189543 0.05326086956521739 0.08006535947712418
0 0.9489130434782609 0.5996732026143791 0.1 0.26143790849673204
4 0.8326086956521739 0.34477124183006536 0.016304347826086956 0.0457516339869281
4 0.7771739130434783 0.3464052287581699 0.016304347826086956 0.04411764705882353
4 0.8032608695652174 0.34477124183006536 0.016304347826086956 0.04411764705882353
4 0.6793478260869565 0.7075163398692811 0.029347826086956522 0.027777777777777776
4 0.8706521739130435 0.33986928104575165 0.029347826086956522 0.026143790849673203