1 0.46750524109014674 0.8113207547169812 0.033542976939203356 0.0330188679245283
1 0.4758909853249476 0.6823899371069182 0.03668763102725367 0.036163522012578615
1 0.330188679245283 0.6053459119496856 0.0220125786163522 0.050314465408805034
1 0.8553459119496856 0.5330188679245284 0.015723270440251572 0.040880503144654086
1 0.8280922431865828 0.5377358490566038 0.023060796645702306 0.05345911949685535
1 0.8322851153039832 0.41037735849056606 0.02620545073375262 0.0220125786163522
1 0.8312368972746331 0.44654088050314467 0.02830188679245283 0.02358490566037736
1 0.7872117400419287 0.44654088050314467 0.029350104821802937 0.025157232704402517
1 0.7306079664570231 0.4166666666666667 0.015723270440251572 0.04245283018867924
1 0.7987421383647799 0.5377358490566038 0.015723270440251572 0.040880503144654086
1 0.7704402515723271 0.5377358490566038 0.015723270440251572 0.03930817610062893
1 0.7463312368972747 0.5377358490566038 0.014675052410901468 0.04245283018867924
1 0.7348008385744235 0.6163522012578616 0.015723270440251572 0.04245283018867924
1 0.7033542976939203 0.2531446540880503 0.015723270440251572 0.04245283018867924
1 0.6781970649895178 0.2531446540880503 0.015723270440251572 0.04559748427672956
1 0.550314465408805 0.25 0.023060796645702306 0.05345911949685535
1 0.5220125786163522 0.25 0.01781970649895178 0.04716981132075472
1 0.48846960167714887 0.25 0.016771488469601678 0.04245283018867924
0 0.9785115303983228 0.5188679245283019 0.040880503144654086 0.5
4 0.9758909853249476 0.940251572327044 0.015723270440251572 0.040880503144654086
4 0.3951781970649895 0.9622641509433962 0.015723270440251572 0.04245283018867924
4 0.3951781970649895 0.7971698113207547 0.02830188679245283 0.02358490566037736
4 0.23375262054507337 0.9371069182389937 0.015723270440251572 0.04245283018867924
4 0.4392033542976939 0.9009433962264151 0.02830188679245283 0.02358490566037736
4 0.39622641509433965 0.8694968553459119 0.02830188679245283 0.02358490566037736
5 0.35429769392033544 0.949685534591195 0.050314465408805034 0.036163522012578615
5 0.34067085953878407 0.8333333333333334 0.049266247379454925 0.031446540880503145
5 0.27358490566037735 0.9308176100628931 0.049266247379454925 0.03459119496855346
4 0.2945492662473795 0.8459119496855346 0.015723270440251572 0.04245283018867924
4 0.33962264150943394 0.7610062893081762 0.02830188679245283 0.02358490566037736
4 0.3951781970649895 0.7610062893081762 0.02830188679245283 0.0220125786163522
4 0.5272536687631028 0.7562893081761006 0.027253668763102725 0.02358490566037736
4 0.5524109014675053 0.720125786163522 0.029350104821802937 0.02358490566037736
4 0.5775681341719078 0.6588050314465409 0.029350104821802937 0.026729559748427674
4 0.39937106918238996 0.6823899371069182 0.01781970649895178 0.03930817610062893
4 0.36058700209643607 0.6037735849056604 0.015723270440251572 0.04245283018867924
4 0.3029350104821803 0.6037735849056604 0.015723270440251572 0.04245283018867924
5 0.2693920335429769 0.6839622641509434 0.03039832285115304 0.025157232704402517
5 0.4811320754716981 0.7389937106918238 0.03039832285115304 0.025157232704402517
5 0.44234800838574423 0.7389937106918238 0.03039832285115304 0.025157232704402517
5 0.3438155136268344 0.6823899371069182 0.03039832285115304 0.025157232704402517
5 0.3060796645702306 0.6823899371069182 0.03039832285115304 0.025157232704402517
5 0.3909853249475891 0.6116352201257862 0.01781970649895178 0.04874213836477988
4 0.7830188679245284 0.610062893081761 0.05660377358490566 0.04559748427672956
0 0.5660377358490566 0.4779874213836478 0.29979035639413 0.2531446540880503
4 0.610062893081761 0.2531446540880503 0.016771488469601678 0.04245283018867924
4 0.8333333333333334 0.2358490566037736 0.029350104821802937 0.026729559748427674
4 0.8322851153039832 0.3128930817610063 0.02830188679245283 0.025157232704402517
4 0.8322851153039832 0.3490566037735849 0.029350104821802937 0.026729559748427674
4 0.7547169811320755 0.41509433962264153 0.015723270440251572 0.0440251572327044
0 0.7631027253668763 0.3238993710691824 0.051362683438155136 0.09276729559748427