1 0.47995991983967934 0.4292168674698795 0.05410821643286573 0.043674698795180725
1 0.46893787575150303 0.4759036144578313 0.027054108216432865 0.022590361445783132
1 0.503006012024048 0.5978915662650602 0.026052104208416832 0.02108433734939759
1 0.25851703406813625 0.4819277108433735 0.028056112224448898 0.02108433734939759
1 0.25851703406813625 0.4397590361445783 0.027054108216432865 0.02108433734939759
1 0.25851703406813625 0.2891566265060241 0.027054108216432865 0.022590361445783132
1 0.2695390781563126 0.5286144578313253 0.03406813627254509 0.03463855421686747
1 0.2695390781563126 0.5677710843373494 0.026052104208416832 0.022590361445783132
1 0.20340681362725452 0.26506024096385544 0.028056112224448898 0.022590361445783132
1 0.0841683366733467 0.8478915662650602 0.017034068136272545 0.04066265060240964
1 0.4909819639278557 0.6731927710843374 0.03006012024048096 0.07530120481927711
1 0.5531062124248497 0.8132530120481928 0.028056112224448898 0.07530120481927711
1 0.5521042084168337 0.9563253012048193 0.02905811623246493 0.07680722891566265
4 0.5190380761523046 0.4939759036144578 0.033066132264529056 0.03313253012048193
4 0.5701402805611222 0.411144578313253 0.027054108216432865 0.022590361445783132
4 0.39879759519038077 0.28313253012048195 0.028056112224448898 0.022590361445783132
4 0.5571142284569138 0.6566265060240963 0.027054108216432865 0.024096385542168676
4 0.33266533066132264 0.26506024096385544 0.028056112224448898 0.022590361445783132
4 0.39879759519038077 0.3177710843373494 0.027054108216432865 0.024096385542168676
4 0.25851703406813625 0.3569277108433735 0.027054108216432865 0.024096385542168676
4 0.3196392785571142 0.48042168674698793 0.027054108216432865 0.024096385542168676
4 0.5591182364729459 0.6219879518072289 0.027054108216432865 0.024096385542168676
4 0.4218436873747495 0.5858433734939759 0.027054108216432865 0.022590361445783132
4 0.25851703406813625 0.32379518072289154 0.027054108216432865 0.022590361445783132
4 0.4118236472945892 0.43373493975903615 0.02905811623246493 0.022590361445783132
4 0.32064128256513025 0.516566265060241 0.027054108216432865 0.022590361445783132
4 0.32064128256513025 0.5572289156626506 0.027054108216432865 0.022590361445783132
4 0.3196392785571142 0.5918674698795181 0.027054108216432865 0.024096385542168676
4 0.5581162324649298 0.5873493975903614 0.027054108216432865 0.024096385542168676
4 0.27054108216432865 0.6024096385542169 0.027054108216432865 0.024096385542168676
4 0.4198396793587174 0.6219879518072289 0.028056112224448898 0.025602409638554216
4 0.40180360721442887 0.37650602409638556 0.02905811623246493 0.0783132530120482
4 0.39779559118236474 0.5 0.02905811623246493 0.0783132530120482
0 0.093687374749499 0.5248493975903614 0.18537074148296592 0.47740963855421686
4 0.06312625250501001 0.8478915662650602 0.01503006012024048 0.0391566265060241
4 0.009018036072144289 0.8644578313253012 0.01503006012024048 0.0391566265060241
4 0.025050100200400802 0.9292168674698795 0.01503006012024048 0.0391566265060241
4 0.047094188376753505 0.9231927710843374 0.01503006012024048 0.0391566265060241
0 0.3226452905811623 0.3614457831325301 0.056112224448897796 0.13403614457831325