1 0.5065217391304347 0.2222222222222222 0.034782608695652174 0.03431372549019608
1 0.49782608695652175 0.3562091503267974 0.03804347826086957 0.03758169934640523
1 0.6489130434782608 0.4362745098039216 0.02282608695652174 0.05228758169934641
1 0.10434782608695652 0.511437908496732 0.016304347826086956 0.042483660130718956
1 0.13260869565217392 0.5065359477124183 0.02391304347826087 0.05555555555555555
1 0.1282608695652174 0.6388888888888888 0.02717391304347826 0.02287581699346405
1 0.12934782608695652 0.6013071895424836 0.029347826086956522 0.024509803921568627
1 0.175 0.6013071895424836 0.030434782608695653 0.026143790849673203
1 0.23369565217391305 0.6323529411764706 0.016304347826086956 0.04411764705882353
1 0.16304347826086957 0.5065359477124183 0.016304347826086956 0.042483660130718956
1 0.1923913043478261 0.5065359477124183 0.016304347826086956 0.04084967320261438
1 0.21739130434782608 0.5065359477124183 0.015217391304347827 0.04411764705882353
1 0.22934782608695653 0.42483660130718953 0.016304347826086956 0.04411764705882353
1 0.2619565217391304 0.8022875816993464 0.016304347826086956 0.04411764705882353
1 0.28804347826086957 0.8022875816993464 0.016304347826086956 0.04738562091503268
1 0.4206521739130435 0.8055555555555556 0.02391304347826087 0.05555555555555555
1 0.45 0.8055555555555556 0.01847826086956522 0.049019607843137254
1 0.48478260869565215 0.8055555555555556 0.017391304347826087 0.04411764705882353
4 0.5815217391304348 0.06535947712418301 0.016304347826086956 0.04411764705882353
4 0.75 0.014705882352941176 0.017391304347826087 0.026143790849673203
4 0.5815217391304348 0.2369281045751634 0.029347826086956522 0.024509803921568627
4 0.7489130434782608 0.0915032679738562 0.016304347826086956 0.04411764705882353
4 0.5358695652173913 0.12908496732026145 0.029347826086956522 0.024509803921568627
4 0.5804347826086956 0.16176470588235295 0.029347826086956522 0.024509803921568627
5 0.6217391304347826 0.0024509803921568627 0.05434782608695652 0.0016339869281045752
5 0.6239130434782608 0.0784313725490196 0.05217391304347826 0.03758169934640523
5 0.6380434782608696 0.19934640522875818 0.051086956521739134 0.032679738562091505
5 0.7076086956521739 0.09803921568627451 0.051086956521739134 0.03594771241830065
5 0.7097826086956521 0.011437908496732025 0.05217391304347826 0.0196078431372549
4 0.6858695652173913 0.18627450980392157 0.016304347826086956 0.04411764705882353
4 0.6391304347826087 0.27450980392156865 0.029347826086956522 0.024509803921568627
4 0.5815217391304348 0.27450980392156865 0.029347826086956522 0.02287581699346405
4 0.44456521739130433 0.27941176470588236 0.02826086956521739 0.024509803921568627
4 0.41847826086956524 0.31699346405228757 0.030434782608695653 0.024509803921568627
4 0.3923913043478261 0.380718954248366 0.030434782608695653 0.027777777777777776
4 0.5771739130434783 0.3562091503267974 0.01847826086956522 0.04084967320261438
4 0.6173913043478261 0.43790849673202614 0.016304347826086956 0.04411764705882353
4 0.6771739130434783 0.43790849673202614 0.016304347826086956 0.04411764705882353
5 0.7119565217391305 0.3545751633986928 0.03152173913043478 0.026143790849673203
5 0.4923913043478261 0.2973856209150327 0.03152173913043478 0.026143790849673203
5 0.532608695652174 0.2973856209150327 0.03152173913043478 0.026143790849673203
5 0.6347826086956522 0.3562091503267974 0.03152173913043478 0.026143790849673203
5 0.6739130434782609 0.3562091503267974 0.03152173913043478 0.026143790849673203
5 0.5858695652173913 0.4297385620915033 0.01847826086956522 0.05065359477124183
4 0.1793478260869565 0.43137254901960786 0.058695652173913045 0.04738562091503268
0 0.4043478260869565 0.5686274509803921 0.3108695652173913 0.2630718954248366
4 0.358695652173913 0.8022875816993464 0.017391304347826087 0.04411764705882353
4 0.12717391304347825 0.8202614379084967 0.030434782608695653 0.027777777777777776
4 0.1282608695652174 0.7401960784313726 0.029347826086956522 0.026143790849673203
4 0.1282608695652174 0.7026143790849673 0.030434782608695653 0.027777777777777776
4 0.20869565217391303 0.6339869281045751 0.016304347826086956 0.0457516339869281
0 0.2 0.7287581699346405 0.05326086956521739 0.09640522875816994