1 0.5130260521042084 0.8057228915662651 0.03206412825651302 0.03162650602409638
1 0.5210420841683366 0.6822289156626506 0.03507014028056112 0.03463855421686747
1 0.3817635270541082 0.608433734939759 0.021042084168336674 0.04819277108433735
1 0.8837675350701403 0.5391566265060241 0.01503006012024048 0.0391566265060241
1 0.8577154308617234 0.5436746987951807 0.022044088176352707 0.05120481927710843
1 0.8617234468937875 0.42168674698795183 0.025050100200400802 0.02108433734939759
1 0.8607214428857716 0.4563253012048193 0.027054108216432865 0.022590361445783132
1 0.8186372745490982 0.4563253012048193 0.028056112224448898 0.024096385542168676
1 0.7645290581162325 0.42771084337349397 0.01503006012024048 0.04066265060240964
1 0.8296593186372746 0.5436746987951807 0.01503006012024048 0.0391566265060241
1 0.8026052104208417 0.5436746987951807 0.01503006012024048 0.03765060240963856
1 0.779559118236473 0.5436746987951807 0.014028056112224449 0.04066265060240964
1 0.7685370741482966 0.6189759036144579 0.01503006012024048 0.04066265060240964
1 0.7384769539078156 0.2710843373493976 0.01503006012024048 0.04066265060240964
1 0.7144288577154309 0.2710843373493976 0.01503006012024048 0.043674698795180725
1 0.5921843687374749 0.2680722891566265 0.022044088176352707 0.05120481927710843
1 0.5651302605210421 0.2680722891566265 0.017034068136272545 0.045180722891566265
1 0.533066132264529 0.2680722891566265 0.01603206412825651 0.04066265060240964
0 0.9904809619238477 0.5256024096385542 0.017034068136272545 0.4789156626506024
4 0.9949899799599199 0.9307228915662651 0.008016032064128256 0.04216867469879518
4 0.4438877755511022 0.9503012048192772 0.01503006012024048 0.04066265060240964
4 0.28857715430861725 0.9917168674698795 0.01603206412825651 0.01355421686746988
4 0.4438877755511022 0.7921686746987951 0.027054108216432865 0.022590361445783132
4 0.2895791583166333 0.9262048192771084 0.01503006012024048 0.04066265060240964
4 0.48597194388777554 0.891566265060241 0.027054108216432865 0.022590361445783132
4 0.44488977955911824 0.8614457831325302 0.027054108216432865 0.022590361445783132
5 0.40480961923847697 0.9382530120481928 0.04809619238476954 0.03463855421686747
5 0.39178356713426854 0.8268072289156626 0.047094188376753505 0.030120481927710843
5 0.3276553106212425 0.9201807228915663 0.047094188376753505 0.03313253012048193
5 0.3256513026052104 0.9947289156626506 0.04809619238476954 0.007530120481927711
4 0.34769539078156314 0.838855421686747 0.01503006012024048 0.04066265060240964
4 0.3907815631262525 0.7575301204819277 0.027054108216432865 0.022590361445783132
4 0.4438877755511022 0.7575301204819277 0.027054108216432865 0.02108433734939759
4 0.5701402805611222 0.7530120481927711 0.026052104208416832 0.022590361445783132
4 0.594188376753507 0.7183734939759037 0.028056112224448898 0.022590361445783132
4 0.6182364729458918 0.6596385542168675 0.028056112224448898 0.025602409638554216
4 0.44789579158316634 0.6822289156626506 0.017034068136272545 0.03765060240963856
4 0.41082164328657317 0.6069277108433735 0.01503006012024048 0.04066265060240964
4 0.3557114228456914 0.6069277108433735 0.01503006012024048 0.04066265060240964
5 0.32364729458917835 0.6837349397590361 0.02905811623246493 0.024096385542168676
5 0.5260521042084169 0.7364457831325302 0.02905811623246493 0.024096385542168676
5 0.48897795591182364 0.7364457831325302 0.02905811623246493 0.024096385542168676
5 0.39478957915831664 0.6822289156626506 0.02905811623246493 0.024096385542168676
5 0.3587174348697395 0.6822289156626506 0.02905811623246493 0.024096385542168676
5 0.43987975951903807 0.6144578313253012 0.017034068136272545 0.046686746987951805
4 0.814629258517034 0.6129518072289156 0.05410821643286573 0.043674698795180725
0 0.6072144288577155 0.4864457831325301 0.2865731462925852 0.24246987951807228
4 0.6492985971943888 0.2710843373493976 0.01603206412825651 0.04066265060240964
4 0.8627254509018036 0.2545180722891566 0.028056112224448898 0.025602409638554216
4 0.8617234468937875 0.32831325301204817 0.027054108216432865 0.024096385542168676
4 0.8617234468937875 0.3629518072289157 0.028056112224448898 0.025602409638554216
4 0.7875751503006012 0.42620481927710846 0.01503006012024048 0.04216867469879518
0 0.7955911823647295 0.338855421686747 0.04909819639278557 0.08885542168674698