1 0.4793814432989691 0.3746130030959752 0.02268041237113402 0.018575851393188854
1 0.09175257731958762 0.20743034055727555 0.01443298969072165 0.03560371517027864
0 0.1211340206185567 0.05417956656346749 0.2422680412371134 0.10835913312693499
0 0.3716494845360825 0.19427244582043343 0.13505154639175257 0.38854489164086686
4 0.19072164948453607 0.2089783281733746 0.013402061855670102 0.034055727554179564
4 0.20618556701030927 0.2089783281733746 0.013402061855670102 0.034055727554179564
4 0.22268041237113403 0.2089783281733746 0.013402061855670102 0.034055727554179564
4 0.23917525773195877 0.21052631578947367 0.013402061855670102 0.034055727554179564
4 0.27835051546391754 0.19349845201238391 0.013402061855670102 0.034055727554179564
4 0.26288659793814434 0.14551083591331268 0.013402061855670102 0.034055727554179564
4 0.277319587628866 0.008513931888544891 0.01443298969072165 0.017027863777089782
4 0.2649484536082474 0.30495356037151705 0.012371134020618556 0.030959752321981424
4 0.13298969072164948 0.3065015479876161 0.012371134020618556 0.030959752321981424
4 0.21649484536082475 0.30495356037151705 0.012371134020618556 0.030959752321981424
4 0.16907216494845362 0.30495356037151705 0.013402061855670102 0.032507739938080496
4 0.15051546391752577 0.3591331269349845 0.013402061855670102 0.032507739938080496
4 0.1134020618556701 0.3606811145510836 0.013402061855670102 0.034055727554179564
4 0.1134020618556701 0.30495356037151705 0.013402061855670102 0.034055727554179564
4 0.08041237113402062 0.3606811145510836 0.013402061855670102 0.034055727554179564
4 0.08041237113402062 0.30495356037151705 0.013402061855670102 0.034055727554179564
4 0.04845360824742268 0.3606811145510836 0.013402061855670102 0.034055727554179564
4 0.04845360824742268 0.3065015479876161 0.013402061855670102 0.034055727554179564
4 0.016494845360824743 0.3606811145510836 0.013402061855670102 0.034055727554179564
4 0.016494845360824743 0.3065015479876161 0.013402061855670102 0.034055727554179564
4 0.24845360824742269 0.30495356037151705 0.012371134020618556 0.032507739938080496
4 0.13298969072164948 0.3606811145510836 0.012371134020618556 0.032507739938080496
4 0.15051546391752577 0.30495356037151705 0.012371134020618556 0.032507739938080496
4 0.18556701030927836 0.3065015479876161 0.012371134020618556 0.032507739938080496
4 0.2329896907216495 0.3065015479876161 0.012371134020618556 0.032507739938080496
4 0.20103092783505155 0.3065015479876161 0.012371134020618556 0.032507739938080496