1 0.5783505154639176 0.16873065015479877 0.02268041237113402 0.06656346749226007
1 0.9 0.05263157894736842 0.02268041237113402 0.06656346749226007
1 0.9257731958762887 0.01238390092879257 0.012371134020618556 0.02476780185758514
1 0.6628865979381443 0.1563467492260062 0.01134020618556701 0.032507739938080496
1 0.8402061855670103 0.02786377708978328 0.02268041237113402 0.018575851393188854
1 0.8072164948453608 0.02786377708978328 0.021649484536082474 0.018575851393188854
1 0.831958762886598 0.11455108359133127 0.012371134020618556 0.032507739938080496
1 0.5649484536082474 0.0030959752321981426 0.0288659793814433 0.006191950464396285
1 0.5536082474226804 0.10371517027863777 0.021649484536082474 0.018575851393188854
1 0.8742268041237113 0.06346749226006192 0.01134020618556701 0.032507739938080496
1 0.6030927835051546 0.15789473684210525 0.01134020618556701 0.032507739938080496
1 0.5391752577319587 0.3560371517027864 0.01134020618556701 0.032507739938080496
1 0.7371134020618557 0.058823529411764705 0.01134020618556701 0.032507739938080496
1 0.7206185567010309 0.058823529411764705 0.01134020618556701 0.032507739938080496
1 0.5567010309278351 0.3544891640866873 0.01134020618556701 0.032507739938080496
1 0.4793814432989691 0.015479876160990712 0.02268041237113402 0.020123839009287926
1 0.6195876288659794 0.15789473684210525 0.01134020618556701 0.032507739938080496
1 0.6350515463917525 0.15789473684210525 0.01134020618556701 0.032507739938080496
1 0.8144329896907216 0.22291021671826625 0.01752577319587629 0.03869969040247678
1 0.7927835051546391 0.3111455108359133 0.012371134020618556 0.032507739938080496
1 0.7938144329896907 0.3622291021671827 0.012371134020618556 0.032507739938080496
1 0.7701030927835052 0.30959752321981426 0.01752577319587629 0.04179566563467492
1 0.6030927835051546 0.3204334365325077 0.012371134020618556 0.032507739938080496
1 0.5958762886597938 0.2476780185758514 0.012371134020618556 0.032507739938080496
1 0.6443298969072165 0.2476780185758514 0.01134020618556701 0.032507739938080496
1 0.6597938144329897 0.2476780185758514 0.01134020618556701 0.032507739938080496
1 0.9144329896907216 0.3622291021671827 0.01134020618556701 0.030959752321981424
1 0.5649484536082474 0.0696594427244582 0.0443298969072165 0.03869969040247678
1 0.7082474226804124 0.3126934984520124 0.04639175257731959 0.034055727554179564
1 0.5793814432989691 0.33436532507739936 0.023711340206185566 0.06656346749226007
1 0.5051546391752577 0.33746130030959753 0.03608247422680412 0.07120743034055728
0 0.7824742268041237 0.20588235294117646 0.03917525773195876 0.058823529411764705
0 0.5123711340206185 0.19504643962848298 0.0577319587628866 0.05108359133126935
4 0.7164948453608248 0.15170278637770898 0.013402061855670102 0.032507739938080496
4 0.4865979381443299 0.08204334365325078 0.013402061855670102 0.032507739938080496
4 0.6175257731958763 0.03715170278637771 0.013402061855670102 0.032507739938080496
4 0.7 0.15170278637770898 0.013402061855670102 0.032507739938080496
4 0.9505154639175257 0.25077399380804954 0.013402061855670102 0.032507739938080496
4 0.965979381443299 0.25232198142414863 0.013402061855670102 0.032507739938080496
4 0.5793814432989691 0.2476780185758514 0.013402061855670102 0.032507739938080496
4 0.7453608247422681 0.3204334365325077 0.013402061855670102 0.032507739938080496
4 0.9824742268041237 0.25077399380804954 0.013402061855670102 0.032507739938080496
4 0.9948453608247423 0.25077399380804954 0.008247422680412371 0.034055727554179564
4 0.6536082474226804 0.3204334365325077 0.013402061855670102 0.032507739938080496
4 0.511340206185567 0.2631578947368421 0.042268041237113405 0.032507739938080496
4 0.9268041237113402 0.058823529411764705 0.01443298969072165 0.032507739938080496
4 0.9134020618556701 0.30495356037151705 0.012371134020618556 0.034055727554179564
4 0.6123711340206186 0.2476780185758514 0.013402061855670102 0.030959752321981424
4 0.9762886597938144 0.3606811145510836 0.013402061855670102 0.034055727554179564
4 0.9762886597938144 0.30495356037151705 0.013402061855670102 0.034055727554179564
4 0.9443298969072165 0.3606811145510836 0.013402061855670102 0.034055727554179564
4 0.9432989690721649 0.30495356037151705 0.013402061855670102 0.034055727554179564
4 0.8010309278350516 0.11145510835913312 0.013402061855670102 0.032507739938080496
4 0.6762886597938145 0.24613003095975233 0.013402061855670102 0.032507739938080496
4 0.7835051546391752 0.11145510835913312 0.013402061855670102 0.032507739938080496
4 0.6505154639175258 0.07585139318885449 0.012371134020618556 0.030959752321981424
4 0.634020618556701 0.07585139318885449 0.012371134020618556 0.030959752321981424
5 0.856701030927835 0.3157894736842105 0.032989690721649485 0.08513931888544891