1 0.4189453125 0.19941348973607037 0.021484375 0.06304985337243402
1 0.1142578125 0.08944281524926687 0.021484375 0.06304985337243402
1 0.08984375 0.0469208211143695 0.0107421875 0.02932551319648094
1 0.3388671875 0.187683284457478 0.0107421875 0.030791788856304986
1 0.1708984375 0.06598240469208211 0.021484375 0.017595307917888565
1 0.2021484375 0.06598240469208211 0.0205078125 0.017595307917888565
1 0.1787109375 0.14809384164222875 0.01171875 0.030791788856304986
1 0.4970703125 0.02346041055718475 0.0419921875 0.03225806451612903
1 0.431640625 0.03225806451612903 0.0263671875 0.024926686217008796
1 0.4423828125 0.1378299120234604 0.0205078125 0.017595307917888565
1 0.138671875 0.09970674486803519 0.0107421875 0.030791788856304986
1 0.3955078125 0.18914956011730205 0.0107421875 0.030791788856304986
1 0.4560546875 0.37683284457478006 0.0107421875 0.030791788856304986
1 0.2685546875 0.09530791788856305 0.0107421875 0.030791788856304986
1 0.2841796875 0.09530791788856305 0.0107421875 0.030791788856304986
1 0.439453125 0.375366568914956 0.0107421875 0.030791788856304986
1 0.5126953125 0.054252199413489736 0.021484375 0.01906158357771261
1 0.3798828125 0.18914956011730205 0.0107421875 0.030791788856304986
1 0.365234375 0.18914956011730205 0.0107421875 0.030791788856304986
1 0.1953125 0.250733137829912 0.0166015625 0.036656891495601175
1 0.2158203125 0.3343108504398827 0.01171875 0.030791788856304986
1 0.21484375 0.38269794721407624 0.01171875 0.030791788856304986
1 0.2373046875 0.33284457478005863 0.0166015625 0.039589442815249266
1 0.3955078125 0.34310850439882695 0.01171875 0.030791788856304986
1 0.40234375 0.27419354838709675 0.01171875 0.030791788856304986
1 0.3564453125 0.27419354838709675 0.0107421875 0.030791788856304986
1 0.341796875 0.27419354838709675 0.0107421875 0.030791788856304986
1 0.1005859375 0.38269794721407624 0.0107421875 0.02932551319648094
1 0.431640625 0.10557184750733138 0.0419921875 0.036656891495601175
1 0.2958984375 0.3357771260997067 0.0439453125 0.03225806451612903
1 0.41796875 0.3563049853372434 0.0224609375 0.06304985337243402
1 0.48828125 0.3592375366568915 0.0341796875 0.06744868035190615
0 0.2255859375 0.23460410557184752 0.037109375 0.05571847507331378
0 0.4814453125 0.22434017595307917 0.0546875 0.04838709677419355
0 0.16162109375 0.010997067448680353 0.1220703125 0.021994134897360705
4 0.4326171875 0.006598240469208211 0.02734375 0.013196480938416423
4 0.2880859375 0.18328445747800587 0.0126953125 0.030791788856304986
4 0.505859375 0.11730205278592376 0.0126953125 0.030791788856304986
4 0.3818359375 0.0747800586510264 0.0126953125 0.030791788856304986
4 0.3037109375 0.18328445747800587 0.0126953125 0.030791788856304986
4 0.06640625 0.27712609970674484 0.0126953125 0.030791788856304986
4 0.0517578125 0.2785923753665689 0.0126953125 0.030791788856304986
4 0.41796875 0.27419354838709675 0.0126953125 0.030791788856304986
4 0.2607421875 0.34310850439882695 0.0126953125 0.030791788856304986
4 0.0361328125 0.27712609970674484 0.0126953125 0.030791788856304986
4 0.021484375 0.27712609970674484 0.0126953125 0.030791788856304986
4 0.34765625 0.34310850439882695 0.0126953125 0.030791788856304986
4 0.482421875 0.28885630498533726 0.0400390625 0.030791788856304986
4 0.0888671875 0.09530791788856305 0.013671875 0.030791788856304986
4 0.1015625 0.3284457478005865 0.01171875 0.03225806451612903
4 0.38671875 0.27419354838709675 0.0126953125 0.02932551319648094
4 0.0419921875 0.3812316715542522 0.0126953125 0.03225806451612903
4 0.0419921875 0.3284457478005865 0.0126953125 0.03225806451612903
4 0.072265625 0.3812316715542522 0.0126953125 0.03225806451612903
4 0.0732421875 0.3284457478005865 0.0126953125 0.03225806451612903
4 0.01171875 0.37976539589442815 0.0126953125 0.03225806451612903
4 0.01171875 0.3284457478005865 0.0126953125 0.03225806451612903
4 0.2080078125 0.14516129032258066 0.0126953125 0.030791788856304986
4 0.326171875 0.2727272727272727 0.0126953125 0.030791788856304986
4 0.224609375 0.14516129032258066 0.0126953125 0.030791788856304986
4 0.3505859375 0.11143695014662756 0.01171875 0.02932551319648094
4 0.3662109375 0.11143695014662756 0.01171875 0.02932551319648094
5 0.1552734375 0.3387096774193548 0.03125 0.08064516129032258