1 0.8974609375 0.6964809384164223 0.01171875 0.03225806451612903
1 0.8828125 0.6964809384164223 0.01171875 0.030791788856304986
1 0.9912109375 0.6964809384164223 0.01171875 0.03225806451612903
1 0.9755859375 0.6964809384164223 0.01171875 0.030791788856304986
1 0.9609375 0.6964809384164223 0.01171875 0.03225806451612903
1 0.9453125 0.6964809384164223 0.01171875 0.030791788856304986
1 0.6953125 0.6290322580645161 0.01171875 0.030791788856304986
1 0.55078125 0.7771260997067448 0.01171875 0.030791788856304986
1 0.6455078125 0.9530791788856305 0.0205078125 0.016129032258064516
1 0.708984375 0.907624633431085 0.01171875 0.030791788856304986
1 0.6943359375 0.9560117302052786 0.0126953125 0.02932551319648094
0 0.6142578125 0.750733137829912 0.0478515625 0.09237536656891496
0 0.5888671875 0.9648093841642229 0.04296875 0.06744868035190615
0 0.8623046875 0.8856304985337243 0.248046875 0.22580645161290322
4 0.7109375 0.9560117302052786 0.0126953125 0.03225806451612903
4 0.541015625 0.9794721407624634 0.0126953125 0.030791788856304986
4 0.7578125 0.6026392961876833 0.0126953125 0.03372434017595308
4 0.6953125 0.6803519061583577 0.0126953125 0.03372434017595308
4 0.6787109375 0.6275659824046921 0.0126953125 0.03372434017595308
4 0.626953125 0.6290322580645161 0.0126953125 0.03372434017595308
4 0.537109375 0.6495601173020528 0.0126953125 0.03372434017595308
4 0.6025390625 0.8225806451612904 0.021484375 0.01906158357771261
4 0.6435546875 0.873900293255132 0.021484375 0.01906158357771261
4 0.6435546875 0.9002932551319648 0.021484375 0.01906158357771261
4 0.5703125 0.8914956011730205 0.021484375 0.01906158357771261
4 0.64501953125 0.9934017595307918 0.0224609375 0.010263929618768328
4 0.927734375 0.6964809384164223 0.0126953125 0.03225806451612903
4 0.9130859375 0.6964809384164223 0.0126953125 0.030791788856304986
4 0.64453125 0.9765395894428153 0.01953125 0.01906158357771261