1 0.40234375 0.532258064516129 0.0107421875 0.02785923753665689
1 0.38671875 0.532258064516129 0.01171875 0.030791788856304986
1 0.353515625 0.5278592375366569 0.017578125 0.04105571847507331
1 0.302734375 0.530791788856305 0.01171875 0.030791788856304986
1 0.1884765625 0.6803519061583577 0.021484375 0.06158357771260997
1 0.1884765625 0.7448680351906158 0.041015625 0.03225806451612903
1 0.4326171875 0.9325513196480938 0.0244140625 0.02346041055718475
1 0.060546875 0.9589442815249267 0.0205078125 0.017595307917888565
1 0.1875 0.7932551319648093 0.021484375 0.016129032258064516
1 0.2177734375 0.7932551319648093 0.021484375 0.016129032258064516
1 0.2626953125 0.7580645161290323 0.0166015625 0.03812316715542522
1 0.2861328125 0.7727272727272727 0.0126953125 0.030791788856304986
1 0.271484375 0.8152492668621701 0.01171875 0.02932551319648094
1 0.2568359375 0.8240469208211144 0.01171875 0.02932551319648094
1 0.2412109375 0.8240469208211144 0.0107421875 0.030791788856304986
1 0.287109375 0.8914956011730205 0.0205078125 0.06451612903225806
1 0.265625 0.8929618768328446 0.01171875 0.030791788856304986
1 0.1484375 0.7697947214076246 0.0205078125 0.017595307917888565
1 0.1484375 0.7947214076246334 0.0205078125 0.017595307917888565
1 0.4326171875 0.966275659824047 0.0244140625 0.024926686217008796
1 0.2587890625 0.9442815249266863 0.0205078125 0.017595307917888565
1 0.2587890625 0.9721407624633431 0.0205078125 0.017595307917888565
1 0.5126953125 0.8870967741935484 0.01171875 0.02932551319648094
1 0.4970703125 0.8870967741935484 0.01171875 0.030791788856304986
1 0.541015625 0.6392961876832844 0.02734375 0.024926686217008796
1 0.5390625 0.749266862170088 0.02734375 0.026392961876832845
1 0.541015625 0.6715542521994134 0.02734375 0.026392961876832845
1 0.5361328125 0.7243401759530792 0.021484375 0.01906158357771261
1 0.4736328125 0.9486803519061584 0.021484375 0.06304985337243402
1 0.20703125 0.6055718475073314 0.044921875 0.05278592375366569
1 0.384765625 0.9428152492668622 0.0341796875 0.0689149560117302
0 0.408203125 0.7228739002932552 0.1650390625 0.250733137829912
0 0.16162109375 0.9178885630498533 0.1220703125 0.16129032258064516
4 0.5 0.532258064516129 0.01171875 0.030791788856304986
4 0.3720703125 0.533724340175953 0.0126953125 0.030791788856304986
4 0.49609375 0.5777126099706745 0.0126953125 0.030791788856304986
4 0.318359375 0.532258064516129 0.01171875 0.030791788856304986
4 0.4169921875 0.532258064516129 0.01171875 0.030791788856304986
4 0.4326171875 0.9926686217008798 0.02734375 0.011730205278592375
4 0.5380859375 0.8137829912023461 0.0263671875 0.024926686217008796
4 0.263671875 0.7023460410557185 0.0263671875 0.024926686217008796
4 0.06640625 0.7873900293255132 0.0126953125 0.030791788856304986
4 0.537109375 0.8651026392961877 0.021484375 0.01906158357771261
4 0.3330078125 0.532258064516129 0.0126953125 0.02932551319648094
4 0.4697265625 0.532258064516129 0.0126953125 0.02932551319648094
4 0.5380859375 0.7844574780058651 0.0263671875 0.024926686217008796
4 0.484375 0.533724340175953 0.01171875 0.030791788856304986
4 0.5361328125 0.6994134897360704 0.021484375 0.017595307917888565
4 0.341796875 0.9457478005865103 0.0341796875 0.05865102639296188
4 0.5009765625 0.9501466275659824 0.021484375 0.05865102639296188