1 0.39221556886227543 0.5359281437125748 0.010978043912175649 0.02844311377245509
1 0.37624750499001997 0.5359281437125748 0.011976047904191617 0.03143712574850299
1 0.34231536926147704 0.531437125748503 0.017964071856287425 0.041916167664670656
1 0.2904191616766467 0.5344311377245509 0.011976047904191617 0.03143712574850299
1 0.17365269461077845 0.687125748502994 0.021956087824351298 0.06287425149700598
1 0.17365269461077845 0.7529940119760479 0.041916167664670656 0.03293413173652695
1 0.4231536926147705 0.9446107784431138 0.0249500998003992 0.023952095808383235
1 0.04291417165668663 0.9715568862275449 0.020958083832335328 0.017964071856287425
1 0.17265469061876249 0.8023952095808383 0.021956087824351298 0.016467065868263474
1 0.20359281437125748 0.8023952095808383 0.021956087824351298 0.016467065868263474
1 0.249500998003992 0.7664670658682635 0.016966067864271458 0.038922155688622756
1 0.27345309381237526 0.781437125748503 0.012974051896207584 0.03143712574850299
1 0.25848303393213573 0.8248502994011976 0.011976047904191617 0.029940119760479042
1 0.2435129740518962 0.8338323353293413 0.011976047904191617 0.029940119760479042
1 0.2275449101796407 0.8338323353293413 0.010978043912175649 0.03143712574850299
1 0.2744510978043912 0.9026946107784432 0.020958083832335328 0.0658682634730539
1 0.25249500998003993 0.9041916167664671 0.011976047904191617 0.03143712574850299
1 0.13273453093812376 0.7784431137724551 0.020958083832335328 0.017964071856287425
1 0.13273453093812376 0.8038922155688623 0.020958083832335328 0.017964071856287425
1 0.4231536926147705 0.9790419161676647 0.0249500998003992 0.025449101796407185
1 0.24550898203592814 0.9565868263473054 0.020958083832335328 0.017964071856287425
1 0.24550898203592814 0.9850299401197605 0.020958083832335328 0.017964071856287425
1 0.5049900199600799 0.8982035928143712 0.011976047904191617 0.029940119760479042
1 0.48902195608782434 0.8982035928143712 0.011976047904191617 0.03143712574850299
1 0.5339321357285429 0.6452095808383234 0.027944111776447105 0.025449101796407185
1 0.5319361277445109 0.7574850299401198 0.027944111776447105 0.02694610778443114
1 0.5339321357285429 0.6781437125748503 0.027944111776447105 0.02694610778443114
1 0.5289421157684631 0.7320359281437125 0.021956087824351298 0.019461077844311378
1 0.46506986027944114 0.9610778443113772 0.021956087824351298 0.06437125748502993
1 0.19261477045908185 0.6107784431137725 0.04590818363273453 0.05389221556886228
1 0.37425149700598803 0.9550898203592815 0.03493013972055888 0.07035928143712575
0 0.39820359281437123 0.7305389221556886 0.1686626746506986 0.2559880239520958
0 0.14570858283433133 0.9229041916167665 0.12574850299401197 0.15119760479041916
4 0.49201596806387227 0.5359281437125748 0.011976047904191617 0.03143712574850299
4 0.36127744510978044 0.5374251497005988 0.012974051896207584 0.03143712574850299
4 0.4880239520958084 0.5823353293413174 0.012974051896207584 0.03143712574850299
4 0.3063872255489022 0.5359281437125748 0.011976047904191617 0.03143712574850299
4 0.40718562874251496 0.5359281437125748 0.011976047904191617 0.03143712574850299
4 0.530938123752495 0.8233532934131736 0.02694610778443114 0.025449101796407185
4 0.250499001996008 0.7095808383233533 0.02694610778443114 0.025449101796407185
4 0.04890219560878244 0.7964071856287425 0.012974051896207584 0.03143712574850299
4 0.5299401197604791 0.875748502994012 0.021956087824351298 0.019461077844311378
4 0.3213572854291417 0.5359281437125748 0.012974051896207584 0.029940119760479042
4 0.46107784431137727 0.5359281437125748 0.012974051896207584 0.029940119760479042
4 0.530938123752495 0.7934131736526946 0.02694610778443114 0.025449101796407185
4 0.47604790419161674 0.5374251497005988 0.011976047904191617 0.03143712574850299
4 0.5289421157684631 0.7065868263473054 0.021956087824351298 0.017964071856287425
4 0.33033932135728544 0.9580838323353293 0.03493013972055888 0.059880239520958084
4 0.4930139720558882 0.9625748502994012 0.021956087824351298 0.059880239520958084