1 0.8982035928143712 0.7035928143712575 0.011976047904191617 0.03293413173652695
1 0.8832335329341318 0.7035928143712575 0.011976047904191617 0.03143712574850299
1 0.9935129740518962 0.7043413173652695 0.010978043912175649 0.0344311377245509
1 0.9780439121756487 0.7035928143712575 0.011976047904191617 0.03143712574850299
1 0.9630738522954092 0.7035928143712575 0.011976047904191617 0.03293413173652695
1 0.9471057884231537 0.7035928143712575 0.011976047904191617 0.03143712574850299
1 0.6916167664670658 0.6347305389221557 0.011976047904191617 0.03143712574850299
1 0.5439121756487026 0.7859281437125748 0.011976047904191617 0.03143712574850299
1 0.6407185628742516 0.9655688622754491 0.020958083832335328 0.016467065868263474
1 0.7055888223552894 0.9191616766467066 0.011976047904191617 0.03143712574850299
1 0.6906187624750499 0.968562874251497 0.012974051896207584 0.029940119760479042
0 0.6087824351297405 0.7589820359281437 0.04890219560878244 0.09431137724550898
0 0.5823353293413174 0.9708083832335329 0.04491017964071856 0.05538922155688623
0 0.8617764471057884 0.8899700598802395 0.25449101796407186 0.21706586826347304
4 0.7075848303393214 0.968562874251497 0.012974051896207584 0.03293413173652695
4 0.5339321357285429 0.9872754491017964 0.013972055888223553 0.02245508982035928
4 0.7554890219560878 0.6077844311377245 0.012974051896207584 0.0344311377245509
4 0.6916167664670658 0.687125748502994 0.012974051896207584 0.0344311377245509
4 0.6746506986027944 0.6332335329341318 0.012974051896207584 0.0344311377245509
4 0.6217564870259481 0.6347305389221557 0.012974051896207584 0.0344311377245509
4 0.5299401197604791 0.655688622754491 0.012974051896207584 0.0344311377245509
4 0.5968063872255489 0.8323353293413174 0.021956087824351298 0.019461077844311378
4 0.6387225548902196 0.8847305389221557 0.021956087824351298 0.019461077844311378
4 0.6387225548902196 0.9116766467065869 0.021956087824351298 0.019461077844311378
4 0.563872255489022 0.9026946107784432 0.021956087824351298 0.019461077844311378
4 0.9291417165668663 0.7035928143712575 0.012974051896207584 0.03293413173652695
4 0.9141716566866267 0.7035928143712575 0.012974051896207584 0.03143712574850299
4 0.6397205588822356 0.9895209580838323 0.01996007984031936 0.019461077844311378