1 0.5049900199600799 0.39520958083832336 0.021956087824351298 0.017964071856287425
1 0.8802395209580839 0.23353293413173654 0.013972055888223553 0.0344311377245509
1 0.9840319361277445 0.20359281437125748 0.012974051896207584 0.03293413173652695
0 0.8617764471057884 0.0688622754491018 0.25449101796407186 0.1377245508982036
0 0.6097804391217565 0.21107784431137724 0.12974051896207583 0.3937125748502994
4 0.9840319361277445 0.25299401197604793 0.012974051896207584 0.03293413173652695
4 0.7844311377245509 0.23502994011976047 0.012974051896207584 0.03293413173652695
4 0.7694610778443114 0.23502994011976047 0.012974051896207584 0.03293413173652695
4 0.7534930139720559 0.23502994011976047 0.012974051896207584 0.03293413173652695
4 0.7375249500998003 0.23652694610778444 0.012974051896207584 0.03293413173652695
4 0.6996007984031936 0.22005988023952097 0.012974051896207584 0.03293413173652695
4 0.7145708582834331 0.17365269461077845 0.012974051896207584 0.03293413173652695
4 0.7005988023952096 0.03143712574850299 0.012974051896207584 0.03293413173652695
4 0.7125748502994012 0.3278443113772455 0.011976047904191617 0.029940119760479042
4 0.8403193612774451 0.32934131736526945 0.011976047904191617 0.029940119760479042
4 0.7594810379241517 0.3278443113772455 0.011976047904191617 0.029940119760479042
4 0.6397205588822356 0.0014970059880239522 0.023952095808383235 0.0029940119760479044
4 0.8053892215568862 0.3278443113772455 0.012974051896207584 0.03143712574850299
4 0.8233532934131736 0.38023952095808383 0.012974051896207584 0.03143712574850299
4 0.8592814371257484 0.38173652694610777 0.012974051896207584 0.03293413173652695
4 0.8592814371257484 0.3278443113772455 0.012974051896207584 0.03293413173652695
4 0.8912175648702595 0.38173652694610777 0.012974051896207584 0.03293413173652695
4 0.8912175648702595 0.3278443113772455 0.012974051896207584 0.03293413173652695
4 0.9840319361277445 0.38173652694610777 0.012974051896207584 0.03293413173652695
4 0.9840319361277445 0.3278443113772455 0.012974051896207584 0.03293413173652695
4 0.9221556886227545 0.38173652694610777 0.012974051896207584 0.03293413173652695
4 0.9221556886227545 0.32934131736526945 0.012974051896207584 0.03293413173652695
4 0.9530938123752495 0.38173652694610777 0.012974051896207584 0.03293413173652695
4 0.9530938123752495 0.32934131736526945 0.012974051896207584 0.03293413173652695
4 0.7285429141716567 0.3278443113772455 0.011976047904191617 0.03143712574850299
4 0.8403193612774451 0.38173652694610777 0.011976047904191617 0.03143712574850299
4 0.8233532934131736 0.3278443113772455 0.011976047904191617 0.03143712574850299
4 0.7894211576846307 0.32934131736526945 0.011976047904191617 0.03143712574850299
4 0.7435129740518962 0.32934131736526945 0.011976047904191617 0.03143712574850299
4 0.7744510978043913 0.32934131736526945 0.011976047904191617 0.03143712574850299