1 0.9666011787819253 0.02064896755162242 0.02455795677799607 0.02064896755162242
1 0.9587426326129665 0.058997050147492625 0.043222003929273084 0.028023598820058997
1 0.9685658153241651 0.09587020648967552 0.0206286836935167 0.019174041297935103
1 0.9764243614931237 0.1504424778761062 0.012770137524557957 0.030973451327433628
1 0.9587426326129665 0.1504424778761062 0.012770137524557957 0.032448377581120944
1 0.9390962671905697 0.14896755162241887 0.012770137524557957 0.03392330383480826
1 0.9469548133595285 0.24926253687315633 0.0206286836935167 0.02064896755162242
1 0.9857563850687623 0.35103244837758113 0.026522593320235755 0.032448377581120944
1 0.981827111984283 0.3893805309734513 0.0343811394891945 0.035398230088495575
1 0.9155206286836935 0.4646017699115044 0.026522593320235755 0.025073746312684365
1 0.9145383104125737 0.4970501474926254 0.0275049115913556 0.02359882005899705
1 0.8929273084479371 0.5368731563421829 0.04616895874263261 0.029498525073746312
1 0.8742632612966601 0.38495575221238937 0.019646365422396856 0.016224188790560472
1 0.8752455795677799 0.41002949852507375 0.022593320235756387 0.016224188790560472
1 0.8870333988212181 0.3008849557522124 0.04027504911591356 0.029498525073746312
1 0.881139489194499 0.23303834808259588 0.012770137524557957 0.029498525073746312
1 0.8644400785854617 0.2374631268436578 0.0137524557956778 0.03392330383480826
1 0.8447937131630648 0.2345132743362832 0.015717092337917484 0.038348082595870206
1 0.825147347740668 0.2345132743362832 0.01768172888015717 0.038348082595870206
1 0.7740667976424361 0.24041297935103245 0.009823182711198428 0.029498525073746312
1 0.9037328094302554 0.2182890855457227 0.0206286836935167 0.058997050147492625
1 0.756385068762279 0.1592920353982301 0.011787819253438114 0.02654867256637168
1 0.6394891944990176 0.3215339233038348 0.04223968565815324 0.029498525073746312
1 0.6444007858546169 0.2861356932153392 0.026522593320235755 0.02064896755162242
1 0.637524557956778 0.3613569321533923 0.043222003929273084 0.02654867256637168
1 0.6571709233791748 0.5486725663716814 0.014734774066797643 0.030973451327433628
1 0.6227897838899804 0.5471976401179941 0.010805500982318271 0.028023598820058997
1 0.6552062868369352 0.640117994100295 0.022593320235756387 0.06047197640117994
1 0.6296660117878192 0.6415929203539823 0.021611001964636542 0.06047197640117994
1 0.6296660117878192 0.7625368731563422 0.022593320235756387 0.061946902654867256
1 0.7809430255402751 0.6283185840707964 0.030451866404715127 0.025073746312684365
1 0.6453831041257367 0.23008849557522124 0.01669941060903733 0.045722713864306784
1 0.6247544204322201 0.24041297935103245 0.010805500982318271 0.030973451327433628
1 0.7396856581532416 0.06637168141592921 0.03339882121807466 0.06342182890855458
1 0.7102161100196464 0.04129793510324484 0.012770137524557957 0.029498525073746312
1 0.9449901768172888 0.3495575221238938 0.02455795677799607 0.019174041297935103
0 0.7662082514734774 0.40412979351032446 0.13163064833005894 0.17994100294985252
4 0.8801571709233792 0.061946902654867256 0.0206286836935167 0.061946902654867256
4 0.8546168958742633 0.06489675516224189 0.019646365422396856 0.05752212389380531
4 0.831041257367387 0.06342182890855458 0.018664047151277015 0.058997050147492625
4 0.8055009823182712 0.06489675516224189 0.022593320235756387 0.06784660766961652
4 0.7789783889980354 0.06342182890855458 0.022593320235756387 0.06047197640117994
4 0.7023575638506876 0.15781710914454278 0.012770137524557957 0.032448377581120944
4 0.6650294695481336 0.24188790560471976 0.015717092337917484 0.035398230088495575
4 0.7387033398821218 0.23893805309734514 0.011787819253438114 0.028023598820058997
4 0.8005893909626719 0.23008849557522124 0.0137524557956778 0.03392330383480826
4 0.8762278978388998 0.33185840707964603 0.0206286836935167 0.017699115044247787
4 0.8752455795677799 0.3584070796460177 0.022593320235756387 0.019174041297935103
4 0.8752455795677799 0.4365781710914454 0.022593320235756387 0.014749262536873156
4 0.8742632612966601 0.4646017699115044 0.022593320235756387 0.019174041297935103
4 0.6414538310412574 0.5457227138643068 0.0137524557956778 0.028023598820058997
4 0.6925343811394892 0.612094395280236 0.021611001964636542 0.06047197640117994
4 0.7170923379174853 0.6135693215339233 0.022593320235756387 0.05752212389380531
4 0.7416502946954814 0.6106194690265486 0.021611001964636542 0.061946902654867256
4 0.9911591355599214 0.308259587020649 0.015717092337917484 0.017699115044247787
4 0.9469548133595285 0.21976401179941002 0.019646365422396856 0.019174041297935103
4 0.8516699410609038 0.6032448377581121 0.0206286836935167 0.05752212389380531
4 0.8280943025540275 0.6047197640117994 0.0206286836935167 0.05752212389380531
4 0.8762278978388998 0.6061946902654868 0.0206286836935167 0.05752212389380531
4 0.7956777996070727 0.5870206489675516 0.012770137524557957 0.030973451327433628
4 0.8644400785854617 0.1710914454277286 0.012770137524557957 0.030973451327433628
4 0.6453831041257367 0.168141592920354 0.012770137524557957 0.032448377581120944
1 0.6915520628683693 0.24188790560471976 0.010805500982318271 0.02654867256637168
0 0.8084479371316307 0.15191740412979352 0.030451866404715127 0.08112094395280237