1 0.607421875 0.6906158357771262 0.013671875 0.030791788856304986
1 0.5693359375 0.6906158357771262 0.013671875 0.030791788856304986
1 0.412109375 0.6598240469208211 0.021484375 0.01466275659824047
1 0.322265625 0.5850439882697948 0.0205078125 0.01466275659824047
1 0.416015625 0.7712609970674487 0.021484375 0.01466275659824047
1 0.4306640625 0.8049853372434017 0.021484375 0.016129032258064516
1 0.4150390625 0.8929618768328446 0.01953125 0.01466275659824047
1 0.4150390625 0.9178885630498533 0.0205078125 0.016129032258064516
1 0.240234375 0.5630498533724341 0.0146484375 0.03225806451612903
1 0.1865234375 0.5645161290322581 0.0126953125 0.02785923753665689
1 0.1640625 0.5630498533724341 0.0126953125 0.03225806451612903
1 0.087890625 0.5557184750733137 0.0126953125 0.02785923753665689
1 0.025390625 0.5777126099706745 0.01171875 0.030791788856304986
1 0.0078125 0.5777126099706745 0.01171875 0.02932551319648094
0 0.19091796875 0.8211143695014663 0.3330078125 0.3548387096774194
4 0.5400390625 0.4912023460410557 0.0107421875 0.02932551319648094
4 0.5224609375 0.49266862170087977 0.01171875 0.02932551319648094
4 0.498046875 0.4941348973607038 0.01171875 0.02785923753665689
4 0.4794921875 0.4897360703812317 0.0107421875 0.02785923753665689
4 0.4541015625 0.4912023460410557 0.013671875 0.030791788856304986
4 0.4375 0.4897360703812317 0.0146484375 0.030791788856304986
4 0.4189453125 0.4912023460410557 0.0126953125 0.03372434017595308
4 0.4013671875 0.4912023460410557 0.015625 0.03225806451612903
4 0.3828125 0.4912023460410557 0.0126953125 0.03225806451612903
4 0.5361328125 0.5439882697947214 0.0205078125 0.016129032258064516
4 0.5478515625 0.5703812316715543 0.017578125 0.017595307917888565
4 0.5478515625 0.6011730205278593 0.0185546875 0.017595307917888565
4 0.32421875 0.4912023460410557 0.01171875 0.02932551319648094
4 0.3056640625 0.4897360703812317 0.01171875 0.030791788856304986
4 0.2880859375 0.4912023460410557 0.0126953125 0.02932551319648094
4 0.26953125 0.4897360703812317 0.0126953125 0.030791788856304986
4 0.2509765625 0.48826979472140764 0.01171875 0.02785923753665689
4 0.2333984375 0.4912023460410557 0.0126953125 0.02932551319648094
4 0.2158203125 0.4897360703812317 0.013671875 0.03225806451612903
4 0.1982421875 0.4897360703812317 0.015625 0.03225806451612903
4 0.181640625 0.4897360703812317 0.0146484375 0.02932551319648094
4 0.162109375 0.4897360703812317 0.01171875 0.030791788856304986
4 0.14453125 0.4912023460410557 0.0166015625 0.030791788856304986
4 0.107421875 0.4912023460410557 0.0166015625 0.03225806451612903
4 0.1259765625 0.4897360703812317 0.013671875 0.030791788856304986
4 0.091796875 0.4897360703812317 0.0107421875 0.02785923753665689
4 0.0732421875 0.4912023460410557 0.013671875 0.03225806451612903
4 0.0546875 0.4897360703812317 0.0146484375 0.03225806451612903
4 0.0361328125 0.4897360703812317 0.013671875 0.03225806451612903
4 0.0205078125 0.4868035190615836 0.013671875 0.02932551319648094
4 0.00390625 0.48826979472140764 0.005859375 0.02932551319648094
0 0.5322265625 0.8629032258064516 0.126953125 0.27126099706744866