1 0.5972495088408645 0.140117994100295 0.012770137524557957 0.029498525073746312
1 0.5766208251473477 0.1430678466076696 0.0137524557956778 0.030973451327433628
1 0.4066797642436149 0.06342182890855458 0.021611001964636542 0.017699115044247787
1 0.4066797642436149 0.09292035398230089 0.021611001964636542 0.017699115044247787
1 0.27996070726915523 0.47640117994100295 0.014734774066797643 0.032448377581120944
1 0.24459724950884087 0.21386430678466076 0.012770137524557957 0.030973451327433628
1 0.07367387033398821 0.28466076696165193 0.021611001964636542 0.016224188790560472
1 0.07269155206286837 0.3200589970501475 0.03929273084479371 0.029498525073746312
1 0.0054027504911591355 0.35103244837758113 0.008840864440078585 0.032448377581120944
1 0.13555992141453832 0.3303834808259587 0.04223968565815324 0.029498525073746312
1 0.15225933202357564 0.22418879056047197 0.010805500982318271 0.029498525073746312
1 0.13654223968565815 0.22418879056047197 0.010805500982318271 0.029498525073746312
0 0.18614931237721022 0.06858407079646017 0.3349705304518664 0.13716814159292035
0 0.05795677799607073 0.4218289085545723 0.08153241650294696 0.06489675516224189
4 0.13555992141453832 0.37315634218289084 0.04223968565815324 0.029498525073746312
4 0.13261296660117877 0.41002949852507375 0.04420432220039293 0.032448377581120944
4 0.13261296660117877 0.44837758112094395 0.04616895874263261 0.029498525073746312
0 0.5294695481335953 0.05309734513274336 0.12770137524557956 0.10619469026548672
0 0.29960707269155207 0.3392330383480826 0.1512770137524558 0.18584070796460178
4 0.025540275049115914 0.3215339233038348 0.019646365422396856 0.019174041297935103