1 0.6021825396825397 0.8701492537313433 0.012896825396825396 0.029850746268656716
1 0.5813492063492064 0.8671641791044776 0.013888888888888888 0.03134328358208955
1 0.4097222222222222 0.9477611940298507 0.021825396825396824 0.01791044776119403
1 0.4097222222222222 0.917910447761194 0.021825396825396824 0.01791044776119403
1 0.28174603174603174 0.5298507462686567 0.01488095238095238 0.03283582089552239
1 0.24603174603174602 0.7955223880597015 0.012896825396825396 0.03134328358208955
1 0.07341269841269842 0.7238805970149254 0.021825396825396824 0.016417910447761194
1 0.07242063492063493 0.6880597014925374 0.03968253968253968 0.029850746268656716
1 0.00496031746031746 0.6567164179104478 0.007936507936507936 0.03283582089552239
1 0.1359126984126984 0.6776119402985075 0.04265873015873016 0.029850746268656716
1 0.1527777777777778 0.7850746268656716 0.010912698412698412 0.029850746268656716
1 0.13690476190476192 0.7850746268656716 0.010912698412698412 0.029850746268656716
0 0.18700396825396826 0.9350746268656717 0.3402777777777778 0.12686567164179105
0 0.057539682539682536 0.5850746268656717 0.08234126984126984 0.06567164179104477
4 0.1359126984126984 0.6343283582089553 0.04265873015873016 0.029850746268656716
4 0.13293650793650794 0.5970149253731343 0.044642857142857144 0.03283582089552239
4 0.13293650793650794 0.5582089552238806 0.04662698412698413 0.029850746268656716
0 0.5337301587301587 0.9507462686567164 0.13095238095238096 0.0955223880597015
0 0.30158730158730157 0.6686567164179105 0.1527777777777778 0.1880597014925373
4 0.0248015873015873 0.6865671641791045 0.01984126984126984 0.019402985074626865