1 0.6101190476190477 0.30895522388059704 0.013888888888888888 0.03134328358208955
1 0.5714285714285714 0.30895522388059704 0.013888888888888888 0.03134328358208955
1 0.4117063492063492 0.3402985074626866 0.021825396825396824 0.014925373134328358
1 0.32043650793650796 0.4164179104477612 0.020833333333333332 0.014925373134328358
1 0.4156746031746032 0.22686567164179106 0.021825396825396824 0.014925373134328358
1 0.4305555555555556 0.1925373134328358 0.021825396825396824 0.016417910447761194
1 0.4146825396825397 0.10298507462686567 0.01984126984126984 0.014925373134328358
1 0.4146825396825397 0.07761194029850746 0.020833333333333332 0.016417910447761194
1 0.2371031746031746 0.4388059701492537 0.01488095238095238 0.03283582089552239
1 0.18253968253968253 0.4373134328358209 0.012896825396825396 0.028358208955223882
1 0.1597222222222222 0.4388059701492537 0.012896825396825396 0.03283582089552239
1 0.08234126984126984 0.4462686567164179 0.012896825396825396 0.028358208955223882
1 0.018849206349206348 0.42388059701492536 0.011904761904761904 0.03134328358208955
1 0.003968253968253968 0.42313432835820897 0.005952380952380952 0.03134328358208955
0 0.1865079365079365 0.1791044776119403 0.3392857142857143 0.35522388059701493
4 0.5416666666666666 0.5119402985074627 0.010912698412698412 0.029850746268656716
4 0.5238095238095238 0.5104477611940299 0.011904761904761904 0.029850746268656716
4 0.4990079365079365 0.508955223880597 0.011904761904761904 0.028358208955223882
4 0.4801587301587302 0.5134328358208955 0.010912698412698412 0.028358208955223882
4 0.45436507936507936 0.5119402985074627 0.013888888888888888 0.03134328358208955
4 0.4375 0.5134328358208955 0.01488095238095238 0.03134328358208955
4 0.41865079365079366 0.5119402985074627 0.012896825396825396 0.034328358208955224
4 0.4007936507936508 0.5119402985074627 0.015873015873015872 0.03283582089552239
4 0.3819444444444444 0.5119402985074627 0.012896825396825396 0.03283582089552239
4 0.5376984126984127 0.4582089552238806 0.020833333333333332 0.016417910447761194
4 0.5496031746031746 0.43134328358208956 0.017857142857142856 0.01791044776119403
4 0.5496031746031746 0.4 0.018849206349206348 0.01791044776119403
4 0.32242063492063494 0.5119402985074627 0.011904761904761904 0.029850746268656716
4 0.30357142857142855 0.5134328358208955 0.011904761904761904 0.03134328358208955
4 0.2857142857142857 0.5119402985074627 0.012896825396825396 0.029850746268656716
4 0.26686507936507936 0.5134328358208955 0.012896825396825396 0.03134328358208955
4 0.24801587301587302 0.5149253731343284 0.011904761904761904 0.028358208955223882
4 0.23015873015873015 0.5119402985074627 0.012896825396825396 0.029850746268656716
4 0.2123015873015873 0.5134328358208955 0.013888888888888888 0.03283582089552239
4 0.19444444444444445 0.5134328358208955 0.015873015873015872 0.03283582089552239
4 0.1775793650793651 0.5134328358208955 0.01488095238095238 0.029850746268656716
4 0.15773809523809523 0.5134328358208955 0.011904761904761904 0.03134328358208955
4 0.13988095238095238 0.5119402985074627 0.016865079365079364 0.03134328358208955
4 0.10218253968253968 0.5119402985074627 0.016865079365079364 0.03283582089552239
4 0.12103174603174603 0.5134328358208955 0.013888888888888888 0.03134328358208955
4 0.08630952380952381 0.5134328358208955 0.010912698412698412 0.028358208955223882
4 0.06746031746031746 0.5119402985074627 0.013888888888888888 0.03283582089552239
4 0.04861111111111111 0.5134328358208955 0.01488095238095238 0.03283582089552239
4 0.02976190476190476 0.5134328358208955 0.013888888888888888 0.03283582089552239
4 0.013888888888888888 0.5164179104477612 0.013888888888888888 0.029850746268656716
0 0.533234126984127 0.13656716417910447 0.12996031746031747 0.2701492537313433