1 0.9900793650793651 0.49402985074626865 0.011904761904761904 0.028358208955223882
1 0.8700396825396826 0.4223880597014925 0.050595238095238096 0.049253731343283584
1 0.8273809523809523 0.4134328358208955 0.013888888888888888 0.034328358208955224
1 0.8690476190476191 0.3567164179104478 0.04861111111111111 0.049253731343283584
1 0.8561507936507936 0.28059701492537314 0.025793650793650792 0.014925373134328358
1 0.8849206349206349 0.24328358208955222 0.022817460317460316 0.016417910447761194
1 0.9771825396825397 0.24925373134328357 0.023809523809523808 0.019402985074626865
1 0.9613095238095238 0.18358208955223881 0.022817460317460316 0.016417910447761194
1 0.9285714285714286 0.1417910447761194 0.012896825396825396 0.034328358208955224
1 0.9623015873015873 0.1537313432835821 0.021825396825396824 0.016417910447761194
1 0.9915674603174603 0.09179104477611941 0.01488095238095238 0.04029850746268657
1 0.6498015873015873 0.17164179104477612 0.012896825396825396 0.03134328358208955
1 0.6498015873015873 0.23432835820895523 0.013888888888888888 0.03582089552238806
1 0.6507936507936508 0.30597014925373134 0.011904761904761904 0.03283582089552239
1 0.6587301587301587 0.08208955223880597 0.021825396825396824 0.016417910447761194
1 0.6865079365079365 0.46417910447761196 0.013888888888888888 0.03134328358208955
4 0.9910714285714286 0.5447761194029851 0.013888888888888888 0.029850746268656716
4 0.9375 0.5164179104477612 0.012896825396825396 0.03283582089552239
4 0.9543650793650794 0.5164179104477612 0.015873015873015872 0.03134328358208955
4 0.9196428571428571 0.5149253731343284 0.013888888888888888 0.03283582089552239
4 0.6726190476190477 0.30895522388059704 0.012896825396825396 0.029850746268656716
4 0.6696428571428571 0.2373134328358209 0.012896825396825396 0.03283582089552239
4 0.6696428571428571 0.17164179104477612 0.011904761904761904 0.03134328358208955
4 0.6577380952380952 0.11194029850746269 0.022817460317460316 0.020895522388059702
4 0.6577380952380952 0.008955223880597015 0.023809523809523808 0.014925373134328358
4 0.7202380952380952 0.023880597014925373 0.0248015873015873 0.020895522388059702
4 0.9652777777777778 0.282089552238806 0.01984126984126984 0.016417910447761194
4 0.8849206349206349 0.21791044776119403 0.022817460317460316 0.01791044776119403
4 0.8373015873015873 0.1537313432835821 0.022817460317460316 0.019402985074626865
4 0.9295634920634921 0.05970149253731343 0.020833333333333332 0.019402985074626865
4 0.9771825396825397 0.020895522388059702 0.020833333333333332 0.019402985074626865
4 0.9553571428571429 0.0880597014925373 0.011904761904761904 0.029850746268656716
1 0.8382936507936508 0.18059701492537314 0.020833333333333332 0.019402985074626865