1 0.6051080550098232 0.6946902654867256 0.0137524557956778 0.030973451327433628
1 0.5667976424361493 0.6946902654867256 0.0137524557956778 0.030973451327433628
1 0.4086444007858546 0.6637168141592921 0.021611001964636542 0.014749262536873156
1 0.3182711198428291 0.588495575221239 0.0206286836935167 0.014749262536873156
1 0.412573673870334 0.775811209439528 0.021611001964636542 0.014749262536873156
1 0.42730844793713163 0.8097345132743363 0.021611001964636542 0.016224188790560472
1 0.41159135559921417 0.8982300884955752 0.019646365422396856 0.014749262536873156
1 0.41159135559921417 0.9233038348082596 0.0206286836935167 0.016224188790560472
1 0.2357563850687623 0.5663716814159292 0.014734774066797643 0.032448377581120944
1 0.18172888015717092 0.5678466076696165 0.012770137524557957 0.028023598820058997
1 0.15913555992141454 0.5663716814159292 0.012770137524557957 0.032448377581120944
1 0.0825147347740668 0.5589970501474927 0.012770137524557957 0.028023598820058997
1 0.019646365422396856 0.5811209439528023 0.011787819253438114 0.030973451327433628
1 0.0044204322200392925 0.581858407079646 0.0068762278978389 0.030973451327433628
0 0.1856581532416503 0.8230088495575221 0.33595284872298625 0.35103244837758113
4 0.537328094302554 0.4941002949852507 0.010805500982318271 0.029498525073746312
4 0.5196463654223968 0.49557522123893805 0.011787819253438114 0.029498525073746312
4 0.4950884086444008 0.4970501474926254 0.011787819253438114 0.028023598820058997
4 0.4764243614931238 0.49262536873156343 0.010805500982318271 0.028023598820058997
4 0.45088408644400785 0.4941002949852507 0.0137524557956778 0.030973451327433628
4 0.43418467583497056 0.49262536873156343 0.014734774066797643 0.030973451327433628
4 0.4155206286836935 0.4941002949852507 0.012770137524557957 0.03392330383480826
4 0.39783889980353637 0.4941002949852507 0.015717092337917484 0.032448377581120944
4 0.3791748526522593 0.4941002949852507 0.012770137524557957 0.032448377581120944
4 0.5333988212180747 0.5471976401179941 0.0206286836935167 0.016224188790560472
4 0.5451866404715128 0.5737463126843658 0.01768172888015717 0.017699115044247787
4 0.5451866404715128 0.6047197640117994 0.018664047151277015 0.017699115044247787
4 0.32023575638506874 0.4941002949852507 0.011787819253438114 0.029498525073746312
4 0.30157170923379173 0.49262536873156343 0.011787819253438114 0.030973451327433628
4 0.28388998035363455 0.4941002949852507 0.012770137524557957 0.029498525073746312
4 0.26522593320235754 0.49262536873156343 0.012770137524557957 0.030973451327433628
4 0.24656188605108054 0.4911504424778761 0.011787819253438114 0.028023598820058997
4 0.2288801571709234 0.4941002949852507 0.012770137524557957 0.029498525073746312
4 0.2111984282907662 0.49262536873156343 0.0137524557956778 0.032448377581120944
4 0.19351669941060903 0.49262536873156343 0.015717092337917484 0.032448377581120944
4 0.17681728880157171 0.49262536873156343 0.014734774066797643 0.029498525073746312
4 0.15717092337917485 0.49262536873156343 0.011787819253438114 0.030973451327433628
4 0.13948919449901767 0.4941002949852507 0.01669941060903733 0.030973451327433628
4 0.10216110019646366 0.4941002949852507 0.01669941060903733 0.032448377581120944
4 0.12082514734774066 0.49262536873156343 0.0137524557956778 0.030973451327433628
4 0.08644400785854617 0.49262536873156343 0.010805500982318271 0.028023598820058997
4 0.06777996070726916 0.4941002949852507 0.0137524557956778 0.032448377581120944
4 0.04911591355599214 0.49262536873156343 0.014734774066797643 0.032448377581120944
4 0.030451866404715127 0.49262536873156343 0.0137524557956778 0.032448377581120944
4 0.014734774066797643 0.4896755162241888 0.0137524557956778 0.029498525073746312
0 0.5289783889980354 0.8650442477876106 0.12868369351669942 0.2669616519174041