1 0.5206521739130435 0.5441176470588235 0.014130434782608696 0.013071895424836602
1 0.40869565217391307 0.46568627450980393 0.015217391304347827 0.013071895424836602
1 0.375 0.46568627450980393 0.015217391304347827 0.014705882352941176
1 0.36086956521739133 0.5359477124183006 0.009782608695652175 0.02287581699346405
1 0.5239130434782608 0.4493464052287582 0.008695652173913044 0.021241830065359478
1 0.4967391304347826 0.4493464052287582 0.008695652173913044 0.021241830065359478
1 0.40108695652173915 0.49836601307189543 0.008695652173913044 0.021241830065359478
1 0.38804347826086955 0.49836601307189543 0.008695652173913044 0.021241830065359478
1 0.22717391304347825 0.3758169934640523 0.011956521739130435 0.03594771241830065
1 0.1923913043478261 0.39215686274509803 0.008695652173913044 0.021241830065359478
1 0.14782608695652175 0.5326797385620915 0.008695652173913044 0.021241830065359478
1 0.13369565217391305 0.5326797385620915 0.008695652173913044 0.021241830065359478
1 0.38804347826086955 0.41013071895424835 0.02826086956521739 0.029411764705882353
1 0.4467391304347826 0.3839869281045752 0.015217391304347827 0.013071895424836602
1 0.4152173913043478 0.35947712418300654 0.015217391304347827 0.013071895424836602
1 0.4467391304347826 0.24019607843137256 0.015217391304347827 0.013071895424836602
1 0.44782608695652176 0.2042483660130719 0.015217391304347827 0.013071895424836602
1 0.4467391304347826 0.3431372549019608 0.015217391304347827 0.013071895424836602
1 0.475 0.315359477124183 0.01956521739130435 0.042483660130718956
1 0.44021739130434784 0.3088235294117647 0.008695652173913044 0.02287581699346405
1 0.24347826086956523 0.5326797385620915 0.008695652173913044 0.021241830065359478
1 0.23043478260869565 0.5326797385620915 0.008695652173913044 0.021241830065359478
1 0.1793478260869565 0.39215686274509803 0.008695652173913044 0.021241830065359478
1 0.16521739130434782 0.39215686274509803 0.008695652173913044 0.021241830065359478
1 0.19456521739130433 0.4624183006535948 0.015217391304347827 0.013071895424836602
1 0.14565217391304347 0.2761437908496732 0.02826086956521739 0.03104575163398693
1 0.3684782608695652 0.37745098039215685 0.015217391304347827 0.013071895424836602
1 0.3684782608695652 0.35294117647058826 0.015217391304347827 0.013071895424836602
1 0.44782608695652176 0.18137254901960784 0.015217391304347827 0.013071895424836602
1 0.4885869565217391 0.005718954248366013 0.016304347826086956 0.008169934640522876
1 0.4489130434782609 0.1568627450980392 0.015217391304347827 0.013071895424836602
1 0.45652173913043476 0.11437908496732026 0.015217391304347827 0.013071895424836602
1 0.45652173913043476 0.08006535947712418 0.015217391304347827 0.013071895424836602
1 0.5260869565217391 0.0718954248366013 0.015217391304347827 0.013071895424836602
1 0.525 0.10620915032679738 0.015217391304347827 0.013071895424836602
1 0.47282608695652173 0.04411764705882353 0.015217391304347827 0.013071895424836602
1 0.47282608695652173 0.024509803921568627 0.015217391304347827 0.013071895424836602
1 0.5576086956521739 0.07026143790849673 0.020652173913043477 0.04084967320261438
1 0.13043478260869565 0.07679738562091504 0.029347826086956522 0.029411764705882353
1 0.13478260869565217 0.0196078431372549 0.008695652173913044 0.021241830065359478
1 0.043478260869565216 0.6593137254901961 0.08478260869565217 0.03758169934640523
1 0.04456521739130435 0.08006535947712418 0.016304347826086956 0.013071895424836602
1 0.03804347826086957 0.06045751633986928 0.016304347826086956 0.014705882352941176
1 0.03804347826086957 0.0392156862745098 0.016304347826086956 0.013071895424836602
1 0.14021739130434782 0.22712418300653595 0.014130434782608696 0.014705882352941176
1 0.17282608695652174 0.22712418300653595 0.016304347826086956 0.016339869281045753
1 0.1532608695652174 0.2042483660130719 0.016304347826086956 0.014705882352941176
1 0.043478260869565216 0.2826797385620915 0.015217391304347827 0.013071895424836602
1 0.15760869565217392 0.1437908496732026 0.015217391304347827 0.013071895424836602
1 0.15760869565217392 0.119281045751634 0.016304347826086956 0.013071895424836602
1 0.043478260869565216 0.2630718954248366 0.015217391304347827 0.013071895424836602
1 0.043478260869565216 0.24183006535947713 0.016304347826086956 0.013071895424836602
1 0.1923913043478261 0.43300653594771243 0.021739130434782608 0.0196078431372549
1 0.17391304347826086 0.3202614379084967 0.015217391304347827 0.013071895424836602
1 0.20869565217391303 0.37254901960784315 0.008695652173913044 0.021241830065359478
1 0.5065217391304347 0.28104575163398693 0.02282608695652174 0.017973856209150325
2 0.03695652173913044 0.46078431372549017 0.03804347826086957 0.032679738562091505
0 0.46956521739130436 0.5163398692810458 0.021739130434782608 0.06372549019607843
0 0.483695652173913 0.40032679738562094 0.01847826086956522 0.0457516339869281
0 0.3108695652173913 0.15522875816993464 0.20434782608695654 0.30718954248366015
0 0.5163043478260869 0.19934640522875818 0.03369565217391304 0.06535947712418301
4 0.05217391304347826 0.10130718954248366 0.017391304347826087 0.014705882352941176
4 0.04782608695652174 0.12091503267973856 0.01847826086956522 0.014705882352941176
4 0.05217391304347826 0.1437908496732026 0.01847826086956522 0.014705882352941176
4 0.12282608695652174 0.14215686274509803 0.017391304347826087 0.014705882352941176
4 0.11195652173913044 0.12091503267973856 0.017391304347826087 0.014705882352941176
4 0.07608695652173914 0.11437908496732026 0.009782608695652175 0.02287581699346405
4 0.17391304347826086 0.021241830065359478 0.009782608695652175 0.02287581699346405
4 0.1608695652173913 0.021241830065359478 0.009782608695652175 0.024509803921568627
4 0.15760869565217392 0.18137254901960784 0.016304347826086956 0.014705882352941176
4 0.0391304347826087 0.3741830065359477 0.009782608695652175 0.024509803921568627
4 0.014130434782608696 0.37254901960784315 0.010869565217391304 0.024509803921568627
4 0.09347826086956522 0.3937908496732026 0.010869565217391304 0.024509803921568627
4 0.14130434782608695 0.39052287581699346 0.009782608695652175 0.021241830065359478
4 0.1108695652173913 0.3202614379084967 0.017391304347826087 0.016339869281045753
4 0.1358695652173913 0.31862745098039214 0.016304347826086956 0.016339869281045753
4 0.10869565217391304 0.2630718954248366 0.010869565217391304 0.026143790849673203
4 0.6021739130434782 0.011437908496732025 0.017391304347826087 0.017973856209150325
4 0.5673913043478261 0.016339869281045753 0.016304347826086956 0.014705882352941176
4 0.5347826086956522 0.14705882352941177 0.016304347826086956 0.014705882352941176
4 0.5347826086956522 0.12581699346405228 0.017391304347826087 0.016339869281045753
4 0.4923913043478261 0.07352941176470588 0.010869565217391304 0.024509803921568627
4 0.4815217391304348 0.1111111111111111 0.017391304347826087 0.014705882352941176
4 0.4782608695652174 0.25326797385620914 0.01847826086956522 0.014705882352941176
4 0.44456521739130433 0.46078431372549017 0.016304347826086956 0.014705882352941176
4 0.4434782608695652 0.4395424836601307 0.01847826086956522 0.014705882352941176
4 0.4815217391304348 0.45098039215686275 0.010869565217391304 0.024509803921568627
4 0.36195652173913045 0.5 0.009782608695652175 0.02287581699346405
4 0.4141304347826087 0.5375816993464052 0.009782608695652175 0.02287581699346405
4 0.375 0.5 0.009782608695652175 0.02287581699346405
4 0.38804347826086955 0.5375816993464052 0.009782608695652175 0.02287581699346405
4 0.40217391304347827 0.5375816993464052 0.009782608695652175 0.02287581699346405
4 0.4141304347826087 0.5 0.010869565217391304 0.024509803921568627
4 0.5195652173913043 0.5228758169934641 0.01847826086956522 0.013071895424836602
4 0.5195652173913043 0.5032679738562091 0.016304347826086956 0.016339869281045753
4 0.5771739130434783 0.49019607843137253 0.010869565217391304 0.026143790849673203
4 0.5358695652173913 0.4542483660130719 0.010869565217391304 0.024509803921568627
4 0.5097826086956522 0.4493464052287582 0.009782608695652175 0.024509803921568627