1 0.8987341772151899 0.509493670886076 0.04535864978902954 0.03481012658227848
1 0.8248945147679325 0.48417721518987344 0.022151898734177215 0.0189873417721519
1 0.8322784810126582 0.7325949367088608 0.020042194092827006 0.04113924050632911
1 0.990506329113924 0.6661392405063291 0.016877637130801686 0.04430379746835443
1 0.8544303797468354 0.7325949367088608 0.020042194092827006 0.04113924050632911
1 0.9430379746835443 0.694620253164557 0.020042194092827006 0.04113924050632911
1 0.9662447257383966 0.694620253164557 0.020042194092827006 0.04113924050632911
1 0.680379746835443 0.6598101265822784 0.028481012658227847 0.02689873417721519
1 0.7974683544303798 0.6772151898734177 0.028481012658227847 0.02689873417721519
1 0.7974683544303798 0.7104430379746836 0.028481012658227847 0.02689873417721519
1 0.8987341772151899 0.5822784810126582 0.00949367088607595 0.020569620253164556
1 0.9113924050632911 0.5822784810126582 0.00949367088607595 0.022151898734177215
1 0.9124472573839663 0.9604430379746836 0.008438818565400843 0.022151898734177215
1 0.8829113924050633 0.9636075949367089 0.014767932489451477 0.014240506329113924
1 0.8586497890295358 0.9746835443037974 0.015822784810126583 0.014240506329113924
1 0.9377637130801688 0.9588607594936709 0.00949367088607595 0.022151898734177215
1 0.9187763713080169 0.9082278481012658 0.015822784810126583 0.014240506329113924
1 0.9187763713080169 0.9287974683544303 0.014767932489451477 0.014240506329113924
1 0.9409282700421941 0.8734177215189873 0.008438818565400843 0.023734177215189875
1 0.8818565400843882 0.7879746835443038 0.010548523206751054 0.022151898734177215
1 0.869198312236287 0.7879746835443038 0.00949367088607595 0.020569620253164556
1 0.8428270042194093 0.8212025316455697 0.023206751054852322 0.06487341772151899
1 0.8122362869198312 0.8037974683544303 0.008438818565400843 0.022151898734177215
1 0.79957805907173 0.8037974683544303 0.00949367088607595 0.022151898734177215
1 0.7805907172995781 0.8132911392405063 0.020042194092827006 0.03955696202531646
1 0.9229957805907173 0.865506329113924 0.0189873417721519 0.04430379746835443
1 0.9135021097046413 0.7816455696202531 0.008438818565400843 0.022151898734177215
1 0.7383966244725738 0.9240506329113924 0.022151898734177215 0.06487341772151899
1 0.7078059071729957 0.930379746835443 0.0189873417721519 0.04113924050632911
1 0.744198312236287 0.9920886075949367 0.022151898734177215 0.012658227848101266
1 0.9920886075949367 0.7096518987341772 0.013713080168776372 0.01740506329113924
1 0.9920886075949367 0.7286392405063291 0.013713080168776372 0.01740506329113924
2 0.9588607594936709 0.5158227848101266 0.03691983122362869 0.03322784810126582
0 0.7194092827004219 0.8417721518987342 0.04113924050632911 0.0379746835443038
0 0.7225738396624473 0.6044303797468354 0.023206751054852322 0.06487341772151899
0 0.9899789029535865 0.879746835443038 0.017932489451476793 0.19936708860759494
0 0.6424050632911392 0.6044303797468354 0.022151898734177215 0.061708860759493674
4 0.7041139240506329 0.9920886075949367 0.017932489451476793 0.012658227848101266
4 0.8997890295358649 0.9177215189873418 0.010548523206751054 0.023734177215189875
4 0.9409282700421941 0.8322784810126582 0.00949367088607595 0.02531645569620253
4 0.9261603375527426 0.7816455696202531 0.00949367088607595 0.023734177215189875
4 0.9525316455696202 0.7626582278481012 0.010548523206751054 0.022151898734177215
4 0.7879746835443038 0.48417721518987344 0.015822784810126583 0.015822784810126583
4 0.9973628691983122 0.6036392405063291 0.0031645569620253164 0.03639240506329114
4 0.9957805907172996 0.5443037974683544 0.006329113924050633 0.04746835443037975
4 0.6666666666666666 0.9620253164556962 0.043248945147679324 0.03639240506329114