1 0.9287257019438445 0.5373376623376623 0.04643628509719223 0.03571428571428571
1 0.8531317494600432 0.5633116883116883 0.02267818574514039 0.01948051948051948
1 0.8606911447084233 0.30844155844155846 0.020518358531317494 0.04220779220779221
1 0.8833693304535637 0.30844155844155846 0.020518358531317494 0.04220779220779221
1 0.9740820734341252 0.3474025974025974 0.020518358531317494 0.04220779220779221
1 0.9929805615550756 0.3474025974025974 0.011879049676025918 0.045454545454545456
1 0.7051835853131749 0.38311688311688313 0.029157667386609073 0.027597402597402596
1 0.8250539956803455 0.3652597402597403 0.029157667386609073 0.027597402597402596
1 0.8250539956803455 0.33116883116883117 0.029157667386609073 0.027597402597402596
1 0.9287257019438445 0.46266233766233766 0.009719222462203024 0.021103896103896104
1 0.9416846652267818 0.46266233766233766 0.009719222462203024 0.022727272727272728
1 0.9416846652267818 0.017857142857142856 0.008639308855291577 0.024350649350649352
1 0.9854211663066955 0.004058441558441558 0.009719222462203024 0.00487012987012987
1 0.9427645788336934 0.07467532467532467 0.008639308855291577 0.022727272727272728
1 0.9125269978401728 0.07142857142857142 0.01511879049676026 0.01461038961038961
1 0.8876889848812095 0.060064935064935064 0.016198704103671708 0.01461038961038961
1 0.968682505399568 0.0762987012987013 0.009719222462203024 0.022727272727272728
1 0.949244060475162 0.12824675324675325 0.016198704103671708 0.01461038961038961
1 0.949244060475162 0.10714285714285714 0.01511879049676026 0.01461038961038961
1 0.9719222462203023 0.16396103896103897 0.008639308855291577 0.024350649350649352
1 0.9114470842332614 0.25162337662337664 0.01079913606911447 0.022727272727272728
1 0.8984881209503239 0.25162337662337664 0.009719222462203024 0.021103896103896104
1 0.8714902807775378 0.21753246753246752 0.023758099352051837 0.06655844155844155
1 0.8401727861771058 0.2353896103896104 0.008639308855291577 0.022727272727272728
1 0.8272138228941684 0.2353896103896104 0.009719222462203024 0.022727272727272728
1 0.8077753779697624 0.22564935064935066 0.020518358531317494 0.040584415584415584
1 0.9535637149028078 0.17207792207792208 0.019438444924406047 0.045454545454545456
1 0.9438444924406048 0.25811688311688313 0.008639308855291577 0.022727272727272728
1 0.7645788336933045 0.11201298701298701 0.02267818574514039 0.06655844155844155
1 0.7332613390928726 0.10551948051948051 0.019438444924406047 0.04220779220779221
1 0.7710583153347732 0.03896103896103896 0.02159827213822894 0.01948051948051948
2 0.9848812095032398 0.5316558441558441 0.028077753779697623 0.037337662337662336
0 0.9049676025917927 0.017045454545454544 0.02159827213822894 0.030844155844155844
0 0.7451403887688985 0.19642857142857142 0.042116630669546434 0.03896103896103896
0 0.7483801295896328 0.43993506493506496 0.023758099352051837 0.06655844155844155
0 0.6663066954643628 0.43993506493506496 0.02267818574514039 0.0633116883116883
4 0.7300215982721382 0.040584415584415584 0.017278617710583154 0.016233766233766232
4 0.9298056155507559 0.1185064935064935 0.01079913606911447 0.024350649350649352
4 0.9719222462203023 0.20616883116883117 0.009719222462203024 0.025974025974025976
4 0.9568034557235421 0.25811688311688313 0.009719222462203024 0.024350649350649352
4 0.9838012958963283 0.2775974025974026 0.01079913606911447 0.022727272727272728
4 0.8153347732181425 0.5633116883116883 0.016198704103671708 0.016233766233766232
4 0.6911447084233261 0.07305194805194805 0.04427645788336933 0.037337662337662336