1 0.9352051835853131 0.8214285714285714 0.04427645788336933 0.05194805194805195
1 0.9352051835853131 0.7564935064935064 0.04427645788336933 0.05194805194805195
1 0.9362850971922246 0.6964285714285714 0.042116630669546434 0.03409090909090909
1 0.9168466522678186 0.6558441558441559 0.01511879049676026 0.01461038961038961
1 0.9406047516198704 0.6396103896103896 0.011879049676025918 0.032467532467532464
1 0.9244060475161987 0.5681818181818182 0.011879049676025918 0.032467532467532464
1 0.9341252699784017 0.48538961038961037 0.023758099352051837 0.06493506493506493
1 0.9071274298056156 0.48538961038961037 0.008639308855291577 0.021103896103896104
1 0.9697624190064795 0.487012987012987 0.02159827213822894 0.0633116883116883
1 0.9962203023758099 0.4862012987012987 0.005399568034557235 0.06655844155844155
1 0.683585313174946 0.573051948051948 0.02267818574514039 0.017857142857142856
1 0.6673866090712743 0.6136363636363636 0.04319654427645788 0.03409090909090909
1 0.6663066954643628 0.6623376623376623 0.042116630669546434 0.032467532467532464
1 0.7397408207343412 0.913961038961039 0.028077753779697623 0.027597402597402596
1 0.7213822894168467 0.836038961038961 0.03455723542116631 0.0698051948051948
1 0.6792656587473002 0.8344155844155844 0.035637149028077755 0.07142857142857142
1 0.6252699784017278 0.8928571428571429 0.04535637149028078 0.05357142857142857
1 0.6252699784017278 0.827922077922078 0.04535637149028078 0.05194805194805195
1 0.7904967602591793 0.9496753246753247 0.028077753779697623 0.027597402597402596
1 0.7958963282937365 0.9788961038961039 0.016198704103671708 0.01461038961038961
1 0.857451403887689 0.7532467532467533 0.008639308855291577 0.022727272727272728
1 0.816414686825054 0.7532467532467533 0.008639308855291577 0.022727272727272728
1 0.8002159827213823 0.7532467532467533 0.008639308855291577 0.022727272727272728
1 0.8844492440604752 0.7532467532467533 0.009719222462203024 0.025974025974025976
1 0.8509719222462203 0.814935064935065 0.008639308855291577 0.024350649350649352
1 0.8347732181425486 0.814935064935065 0.009719222462203024 0.025974025974025976
1 0.7483801295896328 0.7662337662337663 0.012958963282937365 0.032467532467532464
1 0.6911447084233261 0.43506493506493504 0.01511879049676026 0.016233766233766232
1 0.6587473002159827 0.43506493506493504 0.016198704103671708 0.012987012987012988
1 0.7818574514038877 0.33766233766233766 0.02267818574514039 0.0633116883116883
1 0.755939524838013 0.38961038961038963 0.009719222462203024 0.024350649350649352
1 0.8671706263498921 0.336038961038961 0.0183585313174946 0.04220779220779221
1 0.7408207343412527 0.2662337662337662 0.009719222462203024 0.021103896103896104
1 0.734341252699784 0.23214285714285715 0.016198704103671708 0.01461038961038961
1 0.7084233261339092 0.24512987012987014 0.016198704103671708 0.016233766233766232
1 0.7084233261339092 0.22564935064935066 0.01511879049676026 0.01461038961038961
1 0.6814254859611231 0.22564935064935066 0.01511879049676026 0.01461038961038961
1 0.6825053995680346 0.18831168831168832 0.017278617710583154 0.01461038961038961
1 0.7818574514038877 0.2305194805194805 0.009719222462203024 0.024350649350649352
1 0.6922246220302376 0.49512987012987014 0.01511879049676026 0.01461038961038961
0 0.7138228941684666 0.9642857142857143 0.042116630669546434 0.03409090909090909
0 0.968682505399568 0.5698051948051948 0.02591792656587473 0.06168831168831169
0 0.6868250539956804 0.3425324675324675 0.04643628509719223 0.040584415584415584
0 0.744060475161987 0.18344155844155843 0.0183585313174946 0.048701298701298704
0 0.8120950323974082 0.5762987012987013 0.13498920086393087 0.20292207792207792
4 0.7084233261339092 0.18993506493506493 0.016198704103671708 0.016233766233766232
4 0.6814254859611231 0.2662337662337662 0.017278617710583154 0.01461038961038961
4 0.6814254859611231 0.24512987012987014 0.017278617710583154 0.01461038961038961
4 0.7548596112311015 0.2662337662337662 0.01079913606911447 0.024350649350649352
4 0.7678185745140389 0.237012987012987 0.009719222462203024 0.022727272727272728
4 0.7948164146868251 0.2305194805194805 0.009719222462203024 0.024350649350649352
4 0.6911447084233261 0.413961038961039 0.016198704103671708 0.01461038961038961
4 0.6587473002159827 0.413961038961039 0.016198704103671708 0.01461038961038961
4 0.7419006479481641 0.4042207792207792 0.009719222462203024 0.022727272727272728
4 0.7300215982721382 0.4025974025974026 0.009719222462203024 0.022727272727272728
4 0.8056155507559395 0.4042207792207792 0.01079913606911447 0.024350649350649352
4 0.82829373650108 0.4042207792207792 0.009719222462203024 0.024350649350649352
4 0.8531317494600432 0.3944805194805195 0.009719222462203024 0.025974025974025976
4 0.712742980561555 0.7191558441558441 0.009719222462203024 0.024350649350649352
4 0.7786177105831533 0.7548701298701299 0.0183585313174946 0.016233766233766232
4 0.7915766738660908 0.8133116883116883 0.01079913606911447 0.024350649350649352
4 0.765658747300216 0.814935064935065 0.01079913606911447 0.024350649350649352
4 0.8218142548596112 0.814935064935065 0.01079913606911447 0.022727272727272728
4 0.8650107991360692 0.814935064935065 0.01079913606911447 0.022727272727272728
4 0.8704103671706264 0.7532467532467533 0.009719222462203024 0.022727272727272728
4 0.906047516198704 0.8733766233766234 0.019438444924406047 0.01461038961038961
4 0.9103671706263499 0.375 0.04427645788336933 0.03571428571428571