1 0.9050632911392406 0.23259493670886075 0.043248945147679324 0.05063291139240506
1 0.9050632911392406 0.2958860759493671 0.043248945147679324 0.05063291139240506
1 0.9061181434599156 0.35443037974683544 0.04113924050632911 0.03322784810126582
1 0.8871308016877637 0.3939873417721519 0.014767932489451477 0.014240506329113924
1 0.9103375527426161 0.4098101265822785 0.011603375527426161 0.03164556962025317
1 0.8945147679324894 0.47943037974683544 0.011603375527426161 0.03164556962025317
1 0.9040084388185654 0.560126582278481 0.023206751054852322 0.06329113924050633
1 0.8776371308016878 0.560126582278481 0.008438818565400843 0.020569620253164556
1 0.9388185654008439 0.5585443037974683 0.02109704641350211 0.061708860759493674
1 0.9736286919831224 0.560126582278481 0.022151898734177215 0.061708860759493674
1 0.6592827004219409 0.47468354430379744 0.022151898734177215 0.01740506329113924
1 0.6434599156118144 0.435126582278481 0.04219409282700422 0.03322784810126582
1 0.6424050632911392 0.3876582278481013 0.04113924050632911 0.03164556962025317
1 0.7141350210970464 0.14240506329113925 0.027426160337552744 0.02689873417721519
1 0.6962025316455697 0.21835443037974683 0.03375527426160337 0.0680379746835443
1 0.6550632911392406 0.2199367088607595 0.03481012658227848 0.06962025316455696
1 0.6023206751054853 0.1629746835443038 0.04430379746835443 0.05221518987341772
1 0.6023206751054853 0.22626582278481014 0.04430379746835443 0.05063291139240506
1 0.7637130801687764 0.10759493670886076 0.027426160337552744 0.02689873417721519
1 0.7689873417721519 0.07911392405063292 0.015822784810126583 0.014240506329113924
1 0.8291139240506329 0.2990506329113924 0.008438818565400843 0.022151898734177215
1 0.7890295358649789 0.2990506329113924 0.008438818565400843 0.022151898734177215
1 0.7732067510548524 0.2990506329113924 0.008438818565400843 0.022151898734177215
1 0.8554852320675106 0.2990506329113924 0.00949367088607595 0.02531645569620253
1 0.8227848101265823 0.2389240506329114 0.008438818565400843 0.023734177215189875
1 0.8069620253164557 0.2389240506329114 0.00949367088607595 0.02531645569620253
1 0.7225738396624473 0.28639240506329117 0.012658227848101266 0.03164556962025317
1 0.6666666666666666 0.6091772151898734 0.014767932489451477 0.015822784810126583
1 0.6350210970464135 0.6091772151898734 0.015822784810126583 0.012658227848101266
1 0.7552742616033755 0.7041139240506329 0.022151898734177215 0.061708860759493674
1 0.729957805907173 0.6534810126582279 0.00949367088607595 0.023734177215189875
1 0.8386075949367089 0.7056962025316456 0.017932489451476793 0.04113924050632911
1 0.7151898734177216 0.7737341772151899 0.00949367088607595 0.020569620253164556
1 0.7088607594936709 0.8069620253164557 0.015822784810126583 0.014240506329113924
1 0.6835443037974683 0.7943037974683544 0.015822784810126583 0.015822784810126583
1 0.6835443037974683 0.8132911392405063 0.014767932489451477 0.014240506329113924
1 0.6571729957805907 0.8132911392405063 0.014767932489451477 0.014240506329113924
1 0.6582278481012658 0.8496835443037974 0.016877637130801686 0.014240506329113924
1 0.7552742616033755 0.8085443037974683 0.00949367088607595 0.023734177215189875
1 0.6677215189873418 0.5506329113924051 0.014767932489451477 0.014240506329113924
0 0.6888185654008439 0.09335443037974683 0.04113924050632911 0.03322784810126582
0 0.9377637130801688 0.4778481012658228 0.02531645569620253 0.060126582278481014
0 0.6624472573839663 0.6993670886075949 0.04535864978902954 0.03955696202531646
0 0.7183544303797469 0.8544303797468354 0.017932489451476793 0.04746835443037975
0 0.7848101265822784 0.47151898734177217 0.13185654008438819 0.19778481012658228
4 0.6835443037974683 0.8481012658227848 0.015822784810126583 0.015822784810126583
4 0.6571729957805907 0.7737341772151899 0.016877637130801686 0.014240506329113924
4 0.6571729957805907 0.7943037974683544 0.016877637130801686 0.014240506329113924
4 0.7289029535864979 0.7737341772151899 0.010548523206751054 0.023734177215189875
4 0.7415611814345991 0.8022151898734177 0.00949367088607595 0.022151898734177215
4 0.7679324894514767 0.8085443037974683 0.00949367088607595 0.023734177215189875
4 0.6666666666666666 0.629746835443038 0.015822784810126583 0.014240506329113924
4 0.6350210970464135 0.629746835443038 0.015822784810126583 0.014240506329113924
4 0.7162447257383966 0.6392405063291139 0.00949367088607595 0.022151898734177215
4 0.7046413502109705 0.6408227848101266 0.00949367088607595 0.022151898734177215
4 0.7784810126582279 0.6392405063291139 0.010548523206751054 0.023734177215189875
4 0.8006329113924051 0.6392405063291139 0.00949367088607595 0.023734177215189875
4 0.8248945147679325 0.6487341772151899 0.00949367088607595 0.02531645569620253
4 0.6877637130801688 0.3322784810126582 0.00949367088607595 0.023734177215189875
4 0.7521097046413502 0.2974683544303797 0.017932489451476793 0.015822784810126583
4 0.7647679324894515 0.24050632911392406 0.010548523206751054 0.023734177215189875
4 0.739451476793249 0.2389240506329114 0.010548523206751054 0.023734177215189875
4 0.7943037974683544 0.2389240506329114 0.010548523206751054 0.022151898734177215
4 0.8364978902953587 0.2389240506329114 0.010548523206751054 0.022151898734177215
4 0.8417721518987342 0.2990506329113924 0.00949367088607595 0.022151898734177215
4 0.8765822784810127 0.1819620253164557 0.0189873417721519 0.014240506329113924
4 0.8976793248945147 0.007911392405063292 0.014767932489451477 0.014240506329113924
4 0.8707805907172996 0.003955696202531646 0.017932489451476793 0.007911392405063292
4 0.880801687763713 0.6677215189873418 0.043248945147679324 0.03481012658227848