1 0.5583153347732182 0.5422077922077922 0.014038876889848811 0.012987012987012988
1 0.4470842332613391 0.4642857142857143 0.01511879049676026 0.012987012987012988
1 0.4136069114470842 0.4642857142857143 0.01511879049676026 0.01461038961038961
1 0.39956803455723544 0.5340909090909091 0.009719222462203024 0.022727272727272728
1 0.5615550755939525 0.44805194805194803 0.008639308855291577 0.021103896103896104
1 0.5345572354211663 0.44805194805194803 0.008639308855291577 0.021103896103896104
1 0.43952483801295894 0.4967532467532468 0.008639308855291577 0.021103896103896104
1 0.4265658747300216 0.4967532467532468 0.008639308855291577 0.021103896103896104
1 0.26673866090712745 0.375 0.011879049676025918 0.03571428571428571
1 0.23218142548596113 0.3912337662337662 0.008639308855291577 0.021103896103896104
1 0.1879049676025918 0.5308441558441559 0.008639308855291577 0.021103896103896104
1 0.17386609071274298 0.5308441558441559 0.008639308855291577 0.021103896103896104
1 0.4265658747300216 0.4090909090909091 0.028077753779697623 0.02922077922077922
1 0.48488120950323976 0.38311688311688313 0.01511879049676026 0.012987012987012988
1 0.4535637149028078 0.3587662337662338 0.01511879049676026 0.012987012987012988
1 0.48488120950323976 0.24025974025974026 0.01511879049676026 0.012987012987012988
1 0.48596112311015116 0.20454545454545456 0.01511879049676026 0.012987012987012988
1 0.48488120950323976 0.3425324675324675 0.01511879049676026 0.012987012987012988
1 0.5129589632829373 0.31493506493506496 0.019438444924406047 0.04220779220779221
1 0.47840172786177104 0.30844155844155846 0.008639308855291577 0.022727272727272728
1 0.28293736501079914 0.5308441558441559 0.008639308855291577 0.021103896103896104
1 0.26997840172786175 0.5308441558441559 0.008639308855291577 0.021103896103896104
1 0.21922246220302377 0.3912337662337662 0.008639308855291577 0.021103896103896104
1 0.20518358531317496 0.3912337662337662 0.008639308855291577 0.021103896103896104
1 0.234341252699784 0.461038961038961 0.01511879049676026 0.012987012987012988
1 0.1857451403887689 0.275974025974026 0.028077753779697623 0.030844155844155844
1 0.40712742980561556 0.37662337662337664 0.01511879049676026 0.012987012987012988
1 0.40712742980561556 0.3522727272727273 0.01511879049676026 0.012987012987012988
1 0.48596112311015116 0.18181818181818182 0.01511879049676026 0.012987012987012988
1 0.5264578833693304 0.006493506493506494 0.016198704103671708 0.00974025974025974
1 0.4870410367170626 0.15746753246753248 0.01511879049676026 0.012987012987012988
1 0.4946004319654428 0.11525974025974026 0.01511879049676026 0.012987012987012988
1 0.4946004319654428 0.08116883116883117 0.01511879049676026 0.012987012987012988
1 0.5637149028077754 0.07305194805194805 0.01511879049676026 0.012987012987012988
1 0.562634989200864 0.10714285714285714 0.01511879049676026 0.012987012987012988
1 0.5107991360691144 0.045454545454545456 0.01511879049676026 0.012987012987012988
1 0.5107991360691144 0.025974025974025976 0.01511879049676026 0.012987012987012988
1 0.5950323974082073 0.07142857142857142 0.020518358531317494 0.040584415584415584
1 0.17062634989200864 0.07792207792207792 0.029157667386609073 0.02922077922077922
1 0.17494600431965443 0.021103896103896104 0.008639308855291577 0.021103896103896104
1 0.06371490280777538 0.6566558441558441 0.12526997840172785 0.037337662337662336
1 0.08531317494600432 0.08116883116883117 0.016198704103671708 0.012987012987012988
1 0.07883369330453564 0.06168831168831169 0.016198704103671708 0.01461038961038961
1 0.07883369330453564 0.040584415584415584 0.016198704103671708 0.012987012987012988
1 0.18034557235421167 0.22727272727272727 0.014038876889848811 0.01461038961038961
1 0.21274298056155508 0.22727272727272727 0.016198704103671708 0.016233766233766232
1 0.19330453563714903 0.20454545454545456 0.016198704103671708 0.01461038961038961
1 0.08423326133909287 0.2824675324675325 0.01511879049676026 0.012987012987012988
1 0.1976241900647948 0.1444805194805195 0.01511879049676026 0.012987012987012988
1 0.1976241900647948 0.12012987012987013 0.016198704103671708 0.012987012987012988
1 0.08423326133909287 0.262987012987013 0.01511879049676026 0.012987012987012988
1 0.08423326133909287 0.2418831168831169 0.016198704103671708 0.012987012987012988
1 0.23218142548596113 0.4318181818181818 0.02159827213822894 0.01948051948051948
1 0.21382289416846653 0.3198051948051948 0.01511879049676026 0.012987012987012988
1 0.24838012958963282 0.3717532467532468 0.008639308855291577 0.021103896103896104
1 0.5442764578833693 0.28084415584415584 0.02267818574514039 0.017857142857142856
2 0.07775377969762419 0.4594155844155844 0.03779697624190065 0.032467532467532464
0 0.5075593952483801 0.5146103896103896 0.02159827213822894 0.0633116883116883
0 0.521598272138229 0.39935064935064934 0.0183585313174946 0.045454545454545456
0 0.34989200863930886 0.15584415584415584 0.20302375809935205 0.3051948051948052
0 0.022138228941684664 0.15827922077922077 0.042116630669546434 0.20292207792207792
0 0.5539956803455723 0.19967532467532467 0.03347732181425486 0.06493506493506493
4 0.09287257019438445 0.10227272727272728 0.017278617710583154 0.01461038961038961
4 0.08855291576673865 0.12175324675324675 0.0183585313174946 0.01461038961038961
4 0.09287257019438445 0.1444805194805195 0.0183585313174946 0.01461038961038961
4 0.1630669546436285 0.14285714285714285 0.017278617710583154 0.01461038961038961
4 0.15226781857451405 0.12175324675324675 0.017278617710583154 0.01461038961038961
4 0.11663066954643629 0.11525974025974026 0.009719222462203024 0.022727272727272728
4 0.21382289416846653 0.022727272727272728 0.009719222462203024 0.022727272727272728
4 0.20086393088552915 0.022727272727272728 0.009719222462203024 0.024350649350649352
4 0.1976241900647948 0.18181818181818182 0.016198704103671708 0.01461038961038961
4 0.07991360691144708 0.37337662337662336 0.009719222462203024 0.024350649350649352
4 0.0550755939524838 0.3717532467532468 0.01079913606911447 0.024350649350649352
4 0.13390928725701945 0.39285714285714285 0.01079913606911447 0.024350649350649352
4 0.18142548596112312 0.38961038961038963 0.009719222462203024 0.021103896103896104
4 0.1511879049676026 0.3198051948051948 0.017278617710583154 0.016233766233766232
4 0.17602591792656588 0.3181818181818182 0.016198704103671708 0.016233766233766232
4 0.1490280777537797 0.262987012987013 0.01079913606911447 0.025974025974025976
4 0.6393088552915767 0.012987012987012988 0.017278617710583154 0.017857142857142856
4 0.6047516198704104 0.017857142857142856 0.016198704103671708 0.01461038961038961
4 0.572354211663067 0.14772727272727273 0.016198704103671708 0.01461038961038961
4 0.572354211663067 0.1266233766233766 0.017278617710583154 0.016233766233766232
4 0.5302375809935205 0.07467532467532467 0.01079913606911447 0.024350649350649352
4 0.519438444924406 0.11201298701298701 0.017278617710583154 0.01461038961038961
4 0.5161987041036717 0.2532467532467532 0.0183585313174946 0.01461038961038961
4 0.48272138228941686 0.4594155844155844 0.016198704103671708 0.01461038961038961
4 0.4816414686825054 0.4383116883116883 0.0183585313174946 0.01461038961038961
4 0.519438444924406 0.4496753246753247 0.01079913606911447 0.024350649350649352
4 0.4006479481641469 0.49837662337662336 0.009719222462203024 0.022727272727272728
4 0.4524838012958963 0.5357142857142857 0.009719222462203024 0.022727272727272728
4 0.4136069114470842 0.49837662337662336 0.009719222462203024 0.022727272727272728
4 0.4265658747300216 0.5357142857142857 0.009719222462203024 0.022727272727272728
4 0.4406047516198704 0.5357142857142857 0.009719222462203024 0.022727272727272728
4 0.4524838012958963 0.49837662337662336 0.01079913606911447 0.024350649350649352
4 0.5572354211663066 0.5211038961038961 0.0183585313174946 0.012987012987012988
4 0.5572354211663066 0.5016233766233766 0.016198704103671708 0.016233766233766232
4 0.6144708423326134 0.48863636363636365 0.01079913606911447 0.025974025974025976
4 0.5734341252699784 0.45292207792207795 0.01079913606911447 0.024350649350649352
4 0.5475161987041036 0.44805194805194803 0.009719222462203024 0.024350649350649352