1 0.5369198312236287 0.504746835443038 0.013713080168776372 0.012658227848101266
1 0.4282700421940928 0.5806962025316456 0.014767932489451477 0.012658227848101266
1 0.39556962025316456 0.5806962025316456 0.014767932489451477 0.014240506329113924
1 0.3818565400843882 0.5126582278481012 0.00949367088607595 0.022151898734177215
1 0.540084388185654 0.5965189873417721 0.008438818565400843 0.020569620253164556
1 0.5137130801687764 0.5965189873417721 0.008438818565400843 0.020569620253164556
1 0.4208860759493671 0.5490506329113924 0.008438818565400843 0.020569620253164556
1 0.40822784810126583 0.5490506329113924 0.008438818565400843 0.020569620253164556
1 0.2521097046413502 0.6677215189873418 0.011603375527426161 0.03481012658227848
1 0.21835443037974683 0.6518987341772152 0.008438818565400843 0.020569620253164556
1 0.1751054852320675 0.5158227848101266 0.008438818565400843 0.020569620253164556
1 0.16139240506329114 0.5158227848101266 0.008438818565400843 0.020569620253164556
1 0.40822784810126583 0.634493670886076 0.027426160337552744 0.028481012658227847
1 0.4651898734177215 0.6598101265822784 0.014767932489451477 0.012658227848101266
1 0.4345991561181435 0.6835443037974683 0.014767932489451477 0.012658227848101266
1 0.4651898734177215 0.7990506329113924 0.014767932489451477 0.012658227848101266
1 0.46624472573839665 0.8338607594936709 0.014767932489451477 0.012658227848101266
1 0.4651898734177215 0.6993670886075949 0.014767932489451477 0.012658227848101266
1 0.49261603375527424 0.7262658227848101 0.0189873417721519 0.04113924050632911
1 0.4588607594936709 0.7325949367088608 0.008438818565400843 0.022151898734177215
1 0.2679324894514768 0.5158227848101266 0.008438818565400843 0.020569620253164556
1 0.2552742616033755 0.5158227848101266 0.008438818565400843 0.020569620253164556
1 0.20569620253164558 0.6518987341772152 0.008438818565400843 0.020569620253164556
1 0.19198312236286919 0.6518987341772152 0.008438818565400843 0.020569620253164556
1 0.22046413502109705 0.5838607594936709 0.014767932489451477 0.012658227848101266
1 0.1729957805907173 0.7642405063291139 0.027426160337552744 0.030063291139240507
1 0.38924050632911394 0.6661392405063291 0.014767932489451477 0.012658227848101266
1 0.38924050632911394 0.689873417721519 0.014767932489451477 0.012658227848101266
1 0.46624472573839665 0.8560126582278481 0.014767932489451477 0.012658227848101266
1 0.46729957805907174 0.879746835443038 0.014767932489451477 0.012658227848101266
1 0.47468354430379744 0.9208860759493671 0.014767932489451477 0.012658227848101266
1 0.47468354430379744 0.9541139240506329 0.014767932489451477 0.012658227848101266
1 0.5421940928270043 0.9620253164556962 0.014767932489451477 0.012658227848101266
1 0.5411392405063291 0.9287974683544303 0.014767932489451477 0.012658227848101266
1 0.49050632911392406 0.9889240506329114 0.014767932489451477 0.012658227848101266
1 0.5727848101265823 0.9636075949367089 0.020042194092827006 0.03955696202531646
1 0.15822784810126583 0.9572784810126582 0.028481012658227847 0.028481012658227847
1 0.0580168776371308 0.39319620253164556 0.11392405063291139 0.03639240506329114
1 0.07489451476793249 0.9541139240506329 0.015822784810126583 0.012658227848101266
1 0.06856540084388185 0.9731012658227848 0.015822784810126583 0.014240506329113924
1 0.06856540084388185 0.992879746835443 0.016877637130801686 0.011075949367088608
1 0.16772151898734178 0.8117088607594937 0.013713080168776372 0.014240506329113924
1 0.19936708860759494 0.8117088607594937 0.015822784810126583 0.015822784810126583
1 0.18037974683544303 0.8338607594936709 0.015822784810126583 0.014240506329113924
1 0.07383966244725738 0.7579113924050633 0.014767932489451477 0.012658227848101266
1 0.18459915611814345 0.8924050632911392 0.014767932489451477 0.012658227848101266
1 0.18459915611814345 0.9161392405063291 0.015822784810126583 0.012658227848101266
1 0.07383966244725738 0.7768987341772152 0.014767932489451477 0.012658227848101266
1 0.07383966244725738 0.7974683544303798 0.015822784810126583 0.012658227848101266
1 0.21835443037974683 0.6123417721518988 0.02109704641350211 0.0189873417721519
1 0.20042194092827004 0.7215189873417721 0.014767932489451477 0.012658227848101266
1 0.23417721518987342 0.6708860759493671 0.008438818565400843 0.020569620253164556
1 0.5232067510548524 0.759493670886076 0.022151898734177215 0.01740506329113924
2 0.06751054852320675 0.5854430379746836 0.03691983122362869 0.03164556962025317
0 0.4873417721518987 0.5316455696202531 0.02109704641350211 0.061708860759493674
0 0.5010548523206751 0.6439873417721519 0.017932489451476793 0.04430379746835443
0 0.3328059071729958 0.865506329113924 0.19936708860759494 0.26582278481012656
0 0.01740506329113924 0.8789556962025317 0.03270042194092827 0.19778481012658228
0 0.5327004219409283 0.8386075949367089 0.03270042194092827 0.06329113924050633
4 0.08227848101265822 0.9335443037974683 0.016877637130801686 0.014240506329113924
4 0.07805907172995781 0.9145569620253164 0.017932489451476793 0.014240506329113924
4 0.08227848101265822 0.8924050632911392 0.017932489451476793 0.014240506329113924
4 0.15084388185654007 0.8939873417721519 0.016877637130801686 0.014240506329113924
4 0.14029535864978904 0.9145569620253164 0.016877637130801686 0.014240506329113924
4 0.10548523206751055 0.9208860759493671 0.00949367088607595 0.022151898734177215
4 0.18459915611814345 0.8560126582278481 0.015822784810126583 0.014240506329113924
4 0.06962025316455696 0.6693037974683544 0.00949367088607595 0.023734177215189875
4 0.04535864978902954 0.6708860759493671 0.010548523206751054 0.023734177215189875
4 0.12236286919831224 0.6503164556962026 0.010548523206751054 0.023734177215189875
4 0.16877637130801687 0.6534810126582279 0.00949367088607595 0.020569620253164556
4 0.13924050632911392 0.7215189873417721 0.016877637130801686 0.015822784810126583
4 0.16350210970464135 0.7231012658227848 0.015822784810126583 0.015822784810126583
4 0.1371308016877637 0.7768987341772152 0.010548523206751054 0.02531645569620253
4 0.5506329113924051 0.8892405063291139 0.015822784810126583 0.014240506329113924
4 0.5506329113924051 0.9098101265822784 0.016877637130801686 0.015822784810126583
4 0.509493670886076 0.9604430379746836 0.010548523206751054 0.023734177215189875
4 0.4989451476793249 0.9240506329113924 0.016877637130801686 0.014240506329113924
4 0.4957805907172996 0.7863924050632911 0.017932489451476793 0.014240506329113924
4 0.4630801687763713 0.5854430379746836 0.015822784810126583 0.014240506329113924
4 0.4620253164556962 0.6060126582278481 0.017932489451476793 0.014240506329113924
4 0.4989451476793249 0.5949367088607594 0.010548523206751054 0.023734177215189875
4 0.3829113924050633 0.5474683544303798 0.00949367088607595 0.022151898734177215
4 0.43354430379746833 0.5110759493670886 0.00949367088607595 0.022151898734177215
4 0.39556962025316456 0.5474683544303798 0.00949367088607595 0.022151898734177215
4 0.40822784810126583 0.5110759493670886 0.00949367088607595 0.022151898734177215
4 0.4219409282700422 0.5110759493670886 0.00949367088607595 0.022151898734177215
4 0.43354430379746833 0.5474683544303798 0.010548523206751054 0.023734177215189875
4 0.5358649789029536 0.5253164556962026 0.017932489451476793 0.012658227848101266
4 0.5358649789029536 0.5443037974683544 0.015822784810126583 0.015822784810126583
4 0.5917721518987342 0.5569620253164557 0.010548523206751054 0.02531645569620253
4 0.5516877637130801 0.5917721518987342 0.010548523206751054 0.023734177215189875
4 0.5263713080168776 0.5965189873417721 0.00949367088607595 0.023734177215189875