1 0.822680412371134 0.9396284829721362 0.01134020618556701 0.02786377708978328
1 0.7835051546391752 0.5263157894736842 0.02577319587628866 0.02321981424148607
1 0.7835051546391752 0.49226006191950467 0.024742268041237112 0.02321981424148607
1 0.7835051546391752 0.456656346749226 0.024742268041237112 0.02476780185758514
1 0.7835051546391752 0.41640866873065013 0.024742268041237112 0.02321981424148607
4 0.2824742268041237 0.9891640866873065 0.018556701030927835 0.018575851393188854
4 0.28144329896907216 0.9535603715170279 0.01752577319587629 0.034055727554179564
4 0.2804123711340206 0.9102167182662538 0.018556701030927835 0.03560371517027864
4 0.28144329896907216 0.8637770897832817 0.018556701030927835 0.03560371517027864
4 0.2804123711340206 0.8204334365325078 0.018556701030927835 0.03869969040247678
4 0.2804123711340206 0.7755417956656346 0.01958762886597938 0.03560371517027864
4 0.2804123711340206 0.7337461300309598 0.02268041237113402 0.020123839009287926
4 0.2804123711340206 0.6904024767801857 0.018556701030927835 0.03715170278637771
4 0.2793814432989691 0.6470588235294118 0.01958762886597938 0.03715170278637771
0 0.09278350515463918 0.8591331269349846 0.1556701030927835 0.2306501547987616
5 0.22783505154639175 0.38699690402476783 0.05154639175257732 0.05108359133126935
5 0.2752577319587629 0.38854489164086686 0.026804123711340205 0.030959752321981424
4 0.4556701030927835 0.5835913312693498 0.024742268041237112 0.02631578947368421
4 0.5185567010309279 0.5820433436532507 0.024742268041237112 0.02786377708978328
4 0.5484536082474227 0.5835913312693498 0.02268041237113402 0.02476780185758514
4 0.5793814432989691 0.5820433436532507 0.024742268041237112 0.02631578947368421
4 0.6082474226804123 0.5804953560371517 0.024742268041237112 0.02631578947368421
4 0.6371134020618556 0.5804953560371517 0.024742268041237112 0.02786377708978328
4 0.668041237113402 0.5804953560371517 0.023711340206185566 0.02786377708978328
5 0.722680412371134 0.44427244582043346 0.024742268041237112 0.02631578947368421
5 0.722680412371134 0.5123839009287926 0.024742268041237112 0.02631578947368421
5 0.6814432989690722 0.4411764705882353 0.024742268041237112 0.02631578947368421
5 0.6824742268041237 0.5015479876160991 0.024742268041237112 0.02631578947368421
4 0.8298969072164949 0.47058823529411764 0.023711340206185566 0.05572755417956656
4 0.8309278350515464 0.5727554179566563 0.012371134020618556 0.030959752321981424
4 0.7329896907216494 0.6099071207430341 0.020618556701030927 0.018575851393188854
4 0.993298969072165 0.586687306501548 0.01134020618556701 0.02786377708978328
0 0.9216494845360824 0.47987616099071206 0.11030927835051546 0.08823529411764706
5 0.9206185567010309 0.6346749226006192 0.018556701030927835 0.03715170278637771
0 0.8494845360824742 0.695046439628483 0.05567010309278351 0.07430340557275542
5 0.9206185567010309 0.7275541795665634 0.016494845360824743 0.03869969040247678
5 0.911340206185567 0.9226006191950464 0.02577319587628866 0.02786377708978328
5 0.9144329896907216 0.8591331269349846 0.015463917525773196 0.03869969040247678
4 0.7525773195876289 0.7244582043343654 0.01752577319587629 0.03869969040247678
4 0.7927835051546391 0.7198142414860681 0.015463917525773196 0.03560371517027864
4 0.7525773195876289 0.6795665634674922 0.016494845360824743 0.03715170278637771
4 0.7525773195876289 0.8188854489164087 0.01752577319587629 0.03560371517027864
4 0.7525773195876289 0.8622291021671826 0.01752577319587629 0.03560371517027864
4 0.7443298969072165 0.7662538699690402 0.020618556701030927 0.021671826625386997
0 0.9927835051546392 0.8970588235294118 0.012371134020618556 0.08204334365325078
0 0.5304123711340206 0.8374613003095975 0.3082474226804124 0.3219814241486068
4 0.7536082474226804 0.9442724458204335 0.018556701030927835 0.03715170278637771
4 0.7536082474226804 0.9860681114551083 0.020618556701030927 0.02476780185758514
4 0.7896907216494845 0.9396284829721362 0.012371134020618556 0.030959752321981424
4 0.8061855670103093 0.9396284829721362 0.012371134020618556 0.029411764705882353
4 0.8628865979381444 0.9659442724458205 0.01958762886597938 0.018575851393188854