1 0.8478260869565217 0.3940809968847352 0.020703933747412008 0.01557632398753894
1 0.34886128364389235 0.6791277258566978 0.019668737060041408 0.01557632398753894
1 0.6542443064182195 0.822429906542056 0.018633540372670808 0.017133956386292833
1 0.3747412008281574 0.8473520249221184 0.019668737060041408 0.01557632398753894
1 0.6076604554865425 0.7538940809968847 0.018633540372670808 0.017133956386292833
1 0.37681159420289856 0.7663551401869159 0.019668737060041408 0.01557632398753894
1 0.6035196687370601 0.8504672897196262 0.018633540372670808 0.017133956386292833
1 0.6086956521739131 0.9158878504672897 0.019668737060041408 0.018691588785046728
1 0.38405797101449274 0.9517133956386293 0.018633540372670808 0.01557632398753894
1 0.32401656314699795 0.9750778816199377 0.019668737060041408 0.01557632398753894
1 0.32401656314699795 0.9968847352024922 0.020703933747412008 0.003115264797507788
1 0.42960662525879917 0.6806853582554517 0.018633540372670808 0.017133956386292833
1 0.5600414078674948 0.6806853582554517 0.019668737060041408 0.01557632398753894
1 0.5113871635610766 0.6806853582554517 0.018633540372670808 0.017133956386292833
1 0.4699792960662526 0.6806853582554517 0.019668737060041408 0.01557632398753894
1 0.6086956521739131 0.6806853582554517 0.018633540372670808 0.017133956386292833
1 0.38819875776397517 0.6791277258566978 0.019668737060041408 0.01557632398753894
1 0.6086956521739131 0.985981308411215 0.019668737060041408 0.017133956386292833
1 0.974120082815735 0.7320872274143302 0.019668737060041408 0.01557632398753894
1 0.9057971014492754 0.7959501557632399 0.018633540372670808 0.01557632398753894
1 0.9699792960662525 0.940809968847352 0.019668737060041408 0.01557632398753894
1 0.9710144927536232 0.9112149532710281 0.019668737060041408 0.01557632398753894
1 0.0036231884057971015 0.9236760124610592 0.005175983436853002 0.018691588785046728
1 0.16045548654244307 0.618380062305296 0.018633540372670808 0.01557632398753894
1 0.043478260869565216 0.45482866043613707 0.020703933747412008 0.01557632398753894
1 0.17701863354037267 0.2554517133956386 0.018633540372670808 0.01557632398753894
4 0.8478260869565217 0.3644859813084112 0.019668737060041408 0.018691588785046728
4 0.8478260869565217 0.4236760124610592 0.019668737060041408 0.018691588785046728
4 0.7422360248447205 0.3909657320872274 0.020703933747412008 0.018691588785046728
4 0.8881987577639752 0.5809968847352025 0.020703933747412008 0.018691588785046728
4 0.7919254658385093 0.4236760124610592 0.022774327122153208 0.018691588785046728
4 0.8467908902691511 0.5809968847352025 0.019668737060041408 0.020249221183800622
4 0.8250517598343685 0.6542056074766355 0.023809523809523808 0.02336448598130841
4 0.5093167701863354 0.3161993769470405 0.023809523809523808 0.02336448598130841
4 0.8260869565217391 0.6152647975077882 0.023809523809523808 0.02336448598130841
4 0.510351966873706 0.2772585669781931 0.023809523809523808 0.02336448598130841
4 0.6262939958592133 0.5389408099688473 0.020703933747412008 0.020249221183800622
4 0.906832298136646 0.8862928348909658 0.020703933747412008 0.018691588785046728
4 0.9089026915113871 0.9485981308411215 0.018633540372670808 0.017133956386292833
4 0.9109730848861284 0.9766355140186916 0.020703933747412008 0.020249221183800622
4 0.3250517598343685 0.9470404984423676 0.020703933747412008 0.020249221183800622
4 0.021739130434782608 0.48286604361370716 0.022774327122153208 0.018691588785046728
4 0.11387163561076605 0.8909657320872274 0.025879917184265012 0.0264797507788162
4 0.7412008281573499 0.4221183800623053 0.020703933747412008 0.01557632398753894