1 0.9004237288135594 0.5079113924050633 0.024364406779661018 0.022151898734177215
1 0.9004237288135594 0.47151898734177217 0.023305084745762712 0.022151898734177215
1 0.9004237288135594 0.5822784810126582 0.024364406779661018 0.022151898734177215
1 0.9004237288135594 0.5427215189873418 0.023305084745762712 0.022151898734177215
1 0.5815677966101694 0.3939873417721519 0.019067796610169493 0.014240506329113924
1 0.451271186440678 0.27689873417721517 0.019067796610169493 0.01740506329113924
1 0.5201271186440678 0.27689873417721517 0.019067796610169493 0.015822784810126583
1 0.6461864406779662 0.2088607594936709 0.019067796610169493 0.015822784810126583
1 0.8633474576271186 0.04746835443037975 0.009533898305084746 0.02689873417721519
0 0.4904661016949153 0.36075949367088606 0.05296610169491525 0.11075949367088607
0 0.6673728813559322 0.08702531645569621 0.04978813559322034 0.08069620253164557
0 0.7584745762711864 0.5142405063291139 0.11016949152542373 0.08860759493670886
0 0.5582627118644068 0.5411392405063291 0.11334745762711865 0.09177215189873418
0 0.6567796610169492 0.29430379746835444 0.057203389830508475 0.07436708860759493
0 0.8336864406779662 0.2958860759493671 0.057203389830508475 0.07436708860759493
0 0.6567796610169492 0.29430379746835444 0.057203389830508475 0.07436708860759493
3 0.4523305084745763 0.4889240506329114 0.023305084745762712 0.022151898734177215
3 0.4523305084745763 0.5268987341772152 0.023305084745762712 0.022151898734177215
3 0.4523305084745763 0.5632911392405063 0.023305084745762712 0.022151898734177215
3 0.4523305084745763 0.6028481012658228 0.023305084745762712 0.022151898734177215
3 0.6324152542372882 0.40664556962025317 0.022245762711864406 0.023734177215189875
4 0.9353813559322034 0.04272151898734177 0.01694915254237288 0.03639240506329114
4 0.8940677966101694 0.2721518987341772 0.018008474576271187 0.03481012658227848
4 0.6038135593220338 0.2958860759493671 0.01694915254237288 0.03481012658227848
4 0.934322033898305 0.31329113924050633 0.01694915254237288 0.03639240506329114
4 0.934322033898305 0.2674050632911392 0.018008474576271187 0.03481012658227848
4 0.9332627118644068 0.17088607594936708 0.01694915254237288 0.03639240506329114
4 0.9332627118644068 0.125 0.018008474576271187 0.03481012658227848
4 0.934322033898305 0.005537974683544304 0.019067796610169493 0.007911392405063292
4 0.8527542372881356 0.4224683544303797 0.012711864406779662 0.030063291139240507
4 0.6779661016949152 0.40822784810126583 0.023305084745762712 0.022151898734177215
4 0.4438559322033898 0.7484177215189873 0.023305084745762712 0.022151898734177215
4 0.4438559322033898 0.7104430379746836 0.023305084745762712 0.022151898734177215
4 0.8220338983050848 0.01740506329113924 0.019067796610169493 0.01740506329113924
4 0.6578389830508474 0.4699367088607595 0.038135593220338986 0.030063291139240507
4 0.5370762711864406 0.7041139240506329 0.038135593220338986 0.030063291139240507
4 0.9544491525423728 0.38449367088607594 0.022245762711864406 0.0189873417721519
4 0.8538135593220338 0.5268987341772152 0.0211864406779661 0.055379746835443035
4 0.6578389830508474 0.5458860759493671 0.038135593220338986 0.030063291139240507
4 0.8972457627118644 0.04588607594936709 0.011652542372881356 0.030063291139240507
4 0.9427966101694916 0.22468354430379747 0.0211864406779661 0.01740506329113924
4 0.8802966101694916 0.04588607594936709 0.012711864406779662 0.03322784810126582
5 0.7711864406779662 0.06487341772151899 0.023305084745762712 0.023734177215189875
5 0.7701271186440678 0.12658227848101267 0.01694915254237288 0.03955696202531646
5 0.9952330508474576 0.495253164556962 0.007415254237288136 0.028481012658227847
5 0.9629237288135594 0.48417721518987344 0.02754237288135593 0.02531645569620253
5 0.9952330508474576 0.5585443037974683 0.007415254237288136 0.028481012658227847
5 0.961864406779661 0.5569620253164557 0.02754237288135593 0.02531645569620253
5 0.7616525423728814 0.2626582278481013 0.01694915254237288 0.03955696202531646
5 0.760593220338983 0.35917721518987344 0.01694915254237288 0.03955696202531646