1 0.9067085953878407 0.4670846394984326 0.015723270440251572 0.034482758620689655
1 0.9287211740041929 0.4670846394984326 0.015723270440251572 0.034482758620689655
1 0.9832285115303984 0.4780564263322884 0.01781970649895178 0.01567398119122257
1 0.7840670859538784 0.768025078369906 0.018867924528301886 0.017241379310344827
2 0.7924528301886793 0.8652037617554859 0.023060796645702306 0.023510971786833857
2 0.7253668763102725 0.7946708463949843 0.023060796645702306 0.023510971786833857
2 0.7924528301886793 0.822884012539185 0.023060796645702306 0.023510971786833857
0 0.9926624737945493 0.6927899686520376 0.012578616352201259 0.05329153605015674
0 0.5838574423480084 0.8369905956112853 0.1530398322851153 0.22727272727272727
0 0.9423480083857443 0.975705329153605 0.05241090146750524 0.045454545454545456
0 0.14465408805031446 0.8307210031347962 0.2893081761006289 0.335423197492163
3 0.8742138364779874 0.4670846394984326 0.031446540880503145 0.05329153605015674
4 0.11635220125786164 0.5579937304075235 0.02410901467505241 0.02664576802507837
4 0.21174004192872117 0.5579937304075235 0.025157232704402517 0.025078369905956112
4 0.005241090146750524 0.5603448275862069 0.010482180293501049 0.029780564263322883
4 0.027253668763102725 0.5595611285266457 0.025157232704402517 0.025078369905956112
4 0.05660377358490566 0.5579937304075235 0.02410901467505241 0.02664576802507837
4 0.0870020964360587 0.5564263322884012 0.025157232704402517 0.025078369905956112
4 0.14675052410901468 0.5579937304075235 0.025157232704402517 0.025078369905956112
4 0.7253668763102725 0.8589341692789969 0.018867924528301886 0.034482758620689655
4 0.7253668763102725 0.9106583072100314 0.018867924528301886 0.03605015673981191
4 0.389937106918239 0.6206896551724138 0.018867924528301886 0.034482758620689655
4 0.389937106918239 0.6661442006269592 0.018867924528301886 0.03605015673981191
4 0.389937106918239 0.7507836990595611 0.018867924528301886 0.034482758620689655
4 0.7243186582809225 0.6598746081504702 0.018867924528301886 0.03605015673981191
4 0.7243186582809225 0.7304075235109718 0.018867924528301886 0.034482758620689655
4 0.389937106918239 0.8871473354231975 0.018867924528301886 0.03605015673981191
4 0.389937106918239 0.932601880877743 0.018867924528301886 0.034482758620689655
4 0.3888888888888889 0.9764890282131662 0.018867924528301886 0.03605015673981191
4 0.389937106918239 0.7962382445141066 0.018867924528301886 0.03605015673981191
4 0.389937106918239 0.841692789968652 0.018867924528301886 0.034482758620689655
4 0.7589098532494759 0.6614420062695925 0.018867924528301886 0.03605015673981191
4 0.8249475890985325 0.7664576802507836 0.020964360587002098 0.017241379310344827
4 0.7243186582809225 0.768025078369906 0.020964360587002098 0.018808777429467086
4 0.7651991614255765 0.719435736677116 0.013626834381551363 0.029780564263322883
4 0.9905660377358491 0.6434169278996865 0.016771488469601678 0.017241379310344827
4 0.9486373165618449 0.6880877742946708 0.020964360587002098 0.018808777429467086
4 0.9821802935010482 0.45141065830721006 0.020964360587002098 0.018808777429467086
4 0.3888888888888889 0.7100313479623824 0.0220125786163522 0.02037617554858934
4 0.9486373165618449 0.6630094043887147 0.019916142557651992 0.018808777429467086
5 0.44339622641509435 0.3573667711598746 0.051362683438155136 0.050156739811912224
5 0.39308176100628933 0.3605015673981191 0.02620545073375262 0.02664576802507837