1 0.07547169811320754 0.10658307210031348 0.010482180293501049 0.02821316614420063
1 0.7442348008385744 0.007836990595611285 0.020964360587002098 0.01567398119122257
1 0.5870020964360587 0.04231974921630094 0.11635220125786164 0.07993730407523511
0 0.1090146750524109 0.11912225705329153 0.018867924528301886 0.048589341692789965
0 0.3731656184486373 0.06661442006269593 0.04821802935010482 0.13322884012539185
0 0.28197064989517817 0.14890282131661442 0.03459119496855346 0.03134796238244514
0 0.46750524109014674 0.219435736677116 0.07232704402515723 0.15203761755485892
0 0.7955974842767296 0.42946708463949845 0.057651991614255764 0.06739811912225706
0 0.14465408805031446 0.02037617554858934 0.2893081761006289 0.04075235109717868
4 0.23165618448637318 0.15987460815047022 0.025157232704402517 0.025078369905956112
4 0.03459119496855346 0.13636363636363635 0.025157232704402517 0.025078369905956112
4 0.38155136268343814 0.24294670846394983 0.018867924528301886 0.03761755485893417
4 0.4758909853249476 0.047021943573667714 0.015723270440251572 0.03605015673981191
4 0.5251572327044025 0.5909090909090909 0.019916142557651992 0.017241379310344827
4 0.5251572327044025 0.5282131661442007 0.019916142557651992 0.017241379310344827
4 0.5251572327044025 0.48746081504702193 0.020964360587002098 0.017241379310344827
4 0.9963312368972747 0.5689655172413793 0.005241090146750524 0.025078369905956112
4 0.9664570230607966 0.40752351097178685 0.02410901467505241 0.025078369905956112
4 0.6373165618448637 0.6065830721003135 0.016771488469601678 0.03605015673981191
4 0.9706498951781971 0.567398119122257 0.013626834381551363 0.029780564263322883
4 0.9129979035639413 0.12852664576802508 0.023060796645702306 0.01567398119122257
4 0.9853249475890985 0.05172413793103448 0.023060796645702306 0.01567398119122257
4 0.8176100628930818 0.5376175548589341 0.020964360587002098 0.05172413793103448
4 0.7924528301886793 0.5360501567398119 0.019916142557651992 0.05172413793103448
5 0.6761006289308176 0.5360501567398119 0.015723270440251572 0.03761755485893417
5 0.6761006289308176 0.47962382445141066 0.015723270440251572 0.03761755485893417
5 0.34067085953878407 0.45454545454545453 0.015723270440251572 0.03761755485893417
5 0.3417190775681342 0.3981191222570533 0.015723270440251572 0.03761755485893417
5 0.7526205450733753 0.5282131661442007 0.015723270440251572 0.03761755485893417
5 0.3417190775681342 0.5109717868338558 0.015723270440251572 0.03761755485893417
5 0.3417190775681342 0.6865203761755486 0.015723270440251572 0.03761755485893417
5 0.3417190775681342 0.6316614420062696 0.015723270440251572 0.03761755485893417
5 0.3417190775681342 0.5752351097178683 0.015723270440251572 0.03761755485893417
5 0.6761006289308176 0.4231974921630094 0.015723270440251572 0.03761755485893417
5 0.9371069182389937 0.5595611285266457 0.02620545073375262 0.025078369905956112