1 0.7763975155279503 0.8691588785046729 0.018633540372670808 0.01557632398753894
1 0.6873706004140787 0.6900311526479751 0.018633540372670808 0.018691588785046728
1 0.7184265010351967 0.6199376947040498 0.019668737060041408 0.01557632398753894
1 0.6459627329192547 0.6900311526479751 0.018633540372670808 0.01557632398753894
1 0.6459627329192547 0.721183800623053 0.017598343685300208 0.01557632398753894
4 0.5817805383022774 0.40031152647975077 0.020703933747412008 0.018691588785046728
4 0.5817805383022774 0.3099688473520249 0.020703933747412008 0.018691588785046728
4 0.49585921325051757 0.42990654205607476 0.020703933747412008 0.018691588785046728
4 0.717391304347826 0.5638629283489096 0.020703933747412008 0.020249221183800622
4 0.6045548654244306 0.719626168224299 0.019668737060041408 0.020249221183800622
4 0.7732919254658385 0.8317757009345794 0.025879917184265012 0.02336448598130841
4 0.6759834368530021 0.9610591900311527 0.019668737060041408 0.020249221183800622
1 0.031055900621118012 0.9392523364485982 0.019668737060041408 0.01557632398753894
1 0.031055900621118012 0.9112149532710281 0.019668737060041408 0.01557632398753894