1 0.1641949152542373 0.9410828025477707 0.011652542372881356 0.028662420382165606
1 0.2044491525423729 0.5159235668789809 0.026483050847457626 0.02388535031847134
1 0.2044491525423729 0.48089171974522293 0.025423728813559324 0.02388535031847134
1 0.2044491525423729 0.4442675159235669 0.025423728813559324 0.025477707006369428
1 0.2044491525423729 0.4028662420382166 0.025423728813559324 0.02388535031847134
4 0.7203389830508474 0.9904458598726115 0.019067796610169493 0.01592356687898089
4 0.7203389830508474 0.9554140127388535 0.018008474576271187 0.03503184713375796
4 0.7213983050847458 0.910828025477707 0.019067796610169493 0.03662420382165605
4 0.7203389830508474 0.8630573248407644 0.019067796610169493 0.03662420382165605
4 0.7213983050847458 0.8184713375796179 0.019067796610169493 0.03980891719745223
4 0.7213983050847458 0.7722929936305732 0.020127118644067795 0.03662420382165605
4 0.7213983050847458 0.7292993630573248 0.023305084745762712 0.020700636942675158
4 0.7213983050847458 0.6847133757961783 0.019067796610169493 0.03821656050955414
4 0.722457627118644 0.6401273885350318 0.020127118644067795 0.03821656050955414
0 0.9141949152542372 0.85828025477707 0.15995762711864406 0.2372611464968153
5 0.7754237288135594 0.37261146496815284 0.05296610169491525 0.052547770700636945
5 0.7266949152542372 0.37420382165605093 0.02754237288135593 0.03184713375796178
4 0.5413135593220338 0.5748407643312102 0.025423728813559324 0.027070063694267517
4 0.4766949152542373 0.5732484076433121 0.025423728813559324 0.028662420382165606
4 0.4459745762711864 0.5748407643312102 0.023305084745762712 0.025477707006369428
4 0.4141949152542373 0.5732484076433121 0.025423728813559324 0.027070063694267517
4 0.3845338983050847 0.571656050955414 0.025423728813559324 0.027070063694267517
4 0.3548728813559322 0.571656050955414 0.025423728813559324 0.028662420382165606
4 0.3230932203389831 0.571656050955414 0.024364406779661018 0.028662420382165606
5 0.2669491525423729 0.4315286624203822 0.025423728813559324 0.027070063694267517
5 0.2669491525423729 0.5015923566878981 0.025423728813559324 0.027070063694267517
5 0.3093220338983051 0.428343949044586 0.025423728813559324 0.027070063694267517
5 0.3082627118644068 0.49044585987261147 0.025423728813559324 0.027070063694267517
4 0.15677966101694915 0.4585987261146497 0.024364406779661018 0.05732484076433121
4 0.15572033898305085 0.5636942675159236 0.012711864406779662 0.03184713375796178
4 0.2563559322033898 0.6019108280254777 0.0211864406779661 0.01910828025477707
0 0.0625 0.4681528662420382 0.11334745762711865 0.09076433121019108
5 0.0635593220338983 0.6273885350318471 0.019067796610169493 0.03821656050955414
0 0.13665254237288135 0.6894904458598726 0.057203389830508475 0.07643312101910828
5 0.0635593220338983 0.7229299363057324 0.01694915254237288 0.03980891719745223
5 0.07309322033898305 0.9235668789808917 0.026483050847457626 0.028662420382165606
5 0.06991525423728813 0.85828025477707 0.015889830508474576 0.03980891719745223
4 0.23622881355932204 0.7197452229299363 0.018008474576271187 0.03980891719745223
4 0.19491525423728814 0.714968152866242 0.015889830508474576 0.03662420382165605
4 0.23622881355932204 0.6735668789808917 0.01694915254237288 0.03821656050955414
4 0.23622881355932204 0.8168789808917197 0.018008474576271187 0.03662420382165605
4 0.23622881355932204 0.8614649681528662 0.018008474576271187 0.03662420382165605
4 0.24470338983050846 0.7627388535031847 0.0211864406779661 0.022292993630573247
0 0.4655720338983051 0.8343949044585988 0.3167372881355932 0.32802547770700635
4 0.23516949152542374 0.945859872611465 0.019067796610169493 0.03821656050955414
4 0.23622881355932204 0.9872611464968153 0.0211864406779661 0.022292993630573247
4 0.19809322033898305 0.9410828025477707 0.012711864406779662 0.03184713375796178
4 0.18114406779661016 0.9410828025477707 0.012711864406779662 0.030254777070063694
4 0.1228813559322034 0.9681528662420382 0.020127118644067795 0.01910828025477707