1 0.48846960167714887 0.4119496855345912 0.012578616352201259 0.02830188679245283
1 0.48951781970649894 0.3474842767295597 0.010482180293501049 0.026729559748427674
1 0.6278825995807128 0.19654088050314467 0.018867924528301886 0.01729559748427673
1 0.6278825995807128 0.16037735849056603 0.019916142557651992 0.015723270440251572
1 0.16561844863731656 0.0031446540880503146 0.020964360587002098 0.0031446540880503146
4 0.7484276729559748 0.6981132075471698 0.025157232704402517 0.026729559748427674
4 0.6257861635220126 0.5220125786163522 0.020964360587002098 0.0220125786163522
4 0.6268343815513627 0.5534591194968553 0.020964360587002098 0.0220125786163522
3 0.6278825995807128 0.4276729559748428 0.018867924528301886 0.018867924528301886
3 0.5157232704402516 0.4119496855345912 0.011530398322851153 0.02830188679245283
3 0.5167714884696016 0.3474842767295597 0.010482180293501049 0.02830188679245283
5 0.18448637316561844 0.5707547169811321 0.02410901467505241 0.02358490566037736
2 0.5220125786163522 0.6179245283018868 0.02410901467505241 0.02358490566037736
2 0.43186582809224316 0.6179245283018868 0.02410901467505241 0.02358490566037736
5 0.3920335429769392 0.539308176100629 0.04716981132075472 0.04716981132075472
5 0.5482180293501048 0.539308176100629 0.05241090146750524 0.04716981132075472
5 0.4979035639412998 0.539308176100629 0.05241090146750524 0.04716981132075472
5 0.44234800838574423 0.539308176100629 0.05241090146750524 0.04716981132075472
4 0.25366876310272535 0.5801886792452831 0.025157232704402517 0.02358490566037736
4 0.25366876310272535 0.5204402515723271 0.02620545073375262 0.026729559748427674
4 0.2138364779874214 0.419811320754717 0.025157232704402517 0.02358490566037736
4 0.2169811320754717 0.5786163522012578 0.011530398322851153 0.031446540880503145
4 0.03878406708595388 0.5471698113207547 0.019916142557651992 0.055031446540880505
4 0.0639412997903564 0.5471698113207547 0.019916142557651992 0.055031446540880505
5 0.005241090146750524 0.5361635220125787 0.008385744234800839 0.040880503144654086
0 0.041928721174004195 0.4386792452830189 0.059748427672955975 0.0660377358490566
4 0.5324947589098532 0.4119496855345912 0.013626834381551363 0.029874213836477988
5 0.5387840670859538 0.2248427672955975 0.03249475890985325 0.07389937106918239
5 0.4444444444444444 0.24528301886792453 0.03249475890985325 0.07389937106918239
2 0.6289308176100629 0.2562893081761006 0.015723270440251572 0.03773584905660377
4 0.49266247379454925 0.2028301886792453 0.020964360587002098 0.01729559748427673
4 0.3951781970649895 0.22012578616352202 0.0220125786163522 0.020440251572327043
4 0.5324947589098532 0.06918238993710692 0.012578616352201259 0.031446540880503145
4 0.5167714884696016 0.06918238993710692 0.011530398322851153 0.029874213836477988
4 0.5324947589098532 0.13050314465408805 0.012578616352201259 0.031446540880503145
4 0.5167714884696016 0.13050314465408805 0.011530398322851153 0.029874213836477988
5 0.4109014675052411 0.06918238993710692 0.01781970649895178 0.036163522012578615
4 0.5324947589098532 0.13050314465408805 0.012578616352201259 0.031446540880503145
4 0.5167714884696016 0.13050314465408805 0.011530398322851153 0.029874213836477988
5 0.4811320754716981 0.13050314465408805 0.01781970649895178 0.036163522012578615
5 0.5712788259958071 0.07232704402515723 0.01781970649895178 0.036163522012578615
5 0.5712788259958071 0.13050314465408805 0.01781970649895178 0.036163522012578615
5 0.4811320754716981 0.06918238993710692 0.01781970649895178 0.036163522012578615
4 0.16142557651991615 0.14150943396226415 0.023060796645702306 0.020440251572327043
4 0.2358490566037736 0.0660377358490566 0.020964360587002098 0.020440251572327043