1 0.6800847457627118 0.7104430379746836 0.01694915254237288 0.03639240506329114
1 0.6398305084745762 0.634493670886076 0.019067796610169493 0.014240506329113924
1 0.5995762711864406 0.5886075949367089 0.019067796610169493 0.015822784810126583
1 0.6451271186440678 0.44462025316455694 0.01059322033898305 0.028481012658227847
1 0.6451271186440678 0.40031645569620256 0.011652542372881356 0.030063291139240507
1 0.6048728813559322 0.3876582278481013 0.018008474576271187 0.015822784810126583
1 0.8135593220338984 0.38924050632911394 0.01059322033898305 0.028481012658227847
2 0.6991525423728814 0.4240506329113924 0.014830508474576272 0.03322784810126582
2 0.6027542372881356 0.4240506329113924 0.014830508474576272 0.03322784810126582
0 0.649364406779661 0.9018987341772152 0.026483050847457626 0.028481012658227847
0 0.6059322033898306 0.9034810126582279 0.026483050847457626 0.028481012658227847
0 0.6472457627118644 0.5886075949367089 0.0211864406779661 0.05063291139240506
0 0.7436440677966102 0.9034810126582279 0.05826271186440678 0.07911392405063292
0 0.7701271186440678 0.4208860759493671 0.05508474576271186 0.06487341772151899
4 0.8840042372881356 0.9920886075949367 0.020127118644067795 0.012658227848101266
4 0.5529661016949152 0.9825949367088608 0.0211864406779661 0.03164556962025317
4 0.486228813559322 0.7848101265822784 0.018008474576271187 0.03639240506329114
4 0.736228813559322 0.9936708860759493 0.0211864406779661 0.00949367088607595
4 0.7288135593220338 0.7974683544303798 0.01059322033898305 0.030063291139240507
4 0.7447033898305084 0.7974683544303798 0.012711864406779662 0.03164556962025317
4 0.746822033898305 0.5569620253164557 0.018008474576271187 0.03639240506329114
4 0.6620762711864406 0.4462025316455696 0.01059322033898305 0.03164556962025317
4 0.663135593220339 0.40031645569620256 0.01059322033898305 0.030063291139240507
4 0.4396186440677966 0.5316455696202531 0.019067796610169493 0.0379746835443038
4 0.8326271186440678 0.31170886075949367 0.020127118644067795 0.015822784810126583
4 0.8580508474576272 0.32436708860759494 0.011652542372881356 0.03164556962025317
4 0.6059322033898306 0.8386075949367089 0.011652542372881356 0.030063291139240507
4 0.8845338983050848 0.9477848101265823 0.022245762711864406 0.020569620253164556
4 0.6573093220338984 0.992879746835443 0.013771186440677966 0.011075949367088608
4 0.7055084745762712 0.9936708860759493 0.0211864406779661 0.00949367088607595
4 0.6048728813559322 0.4588607594936709 0.020127118644067795 0.01740506329113924
4 0.6705508474576272 0.6598101265822784 0.0211864406779661 0.01740506329113924
4 0.7065677966101694 0.7120253164556962 0.011652542372881356 0.030063291139240507
4 0.7055084745762712 0.6645569620253164 0.011652542372881356 0.030063291139240507
4 0.6398305084745762 0.6598101265822784 0.0211864406779661 0.01740506329113924
5 0.6398305084745762 0.7120253164556962 0.026483050847457626 0.02531645569620253
5 0.6244703389830508 0.9897151898734177 0.028601694915254237 0.01740506329113924
5 0.6398305084745762 0.814873417721519 0.026483050847457626 0.02531645569620253
5 0.8315677966101694 0.2674050632911392 0.02754237288135593 0.02531645569620253