1 0.958963282937365 0.4645161290322581 0.024838012958963283 0.02258064516129032
1 0.958963282937365 0.5016129032258064 0.023758099352051837 0.02258064516129032
1 0.958963282937365 0.38870967741935486 0.024838012958963283 0.02258064516129032
1 0.958963282937365 0.4290322580645161 0.023758099352051837 0.02258064516129032
1 0.6339092872570194 0.5806451612903226 0.019438444924406047 0.014516129032258065
1 0.5010799136069114 0.7 0.019438444924406047 0.017741935483870968
1 0.5712742980561555 0.7 0.019438444924406047 0.016129032258064516
1 0.6997840172786177 0.7693548387096775 0.019438444924406047 0.016129032258064516
1 0.9211663066954644 0.9338709677419355 0.009719222462203024 0.027419354838709678
0 0.541036717062635 0.614516129032258 0.05399568034557235 0.11290322580645161
0 0.7213822894168467 0.8935483870967742 0.05075593952483801 0.08225806451612903
0 0.8142548596112311 0.45806451612903226 0.11231101511879049 0.09032258064516129
0 0.6101511879049676 0.4306451612903226 0.11555075593952484 0.0935483870967742
0 0.7105831533477321 0.682258064516129 0.058315334773218146 0.07580645161290323
0 0.8909287257019438 0.6806451612903226 0.058315334773218146 0.07580645161290323
0 0.7105831533477321 0.682258064516129 0.058315334773218146 0.07580645161290323
3 0.5021598272138229 0.4838709677419355 0.023758099352051837 0.02258064516129032
3 0.5021598272138229 0.44516129032258067 0.023758099352051837 0.02258064516129032
3 0.5021598272138229 0.4080645161290323 0.023758099352051837 0.02258064516129032
3 0.5021598272138229 0.36774193548387096 0.023758099352051837 0.02258064516129032
3 0.6857451403887689 0.567741935483871 0.02267818574514039 0.024193548387096774
4 0.9924406047516199 0.9387096774193548 0.012958963282937365 0.03870967741935484
4 0.9524838012958964 0.7048387096774194 0.0183585313174946 0.035483870967741936
4 0.6565874730021598 0.6806451612903226 0.017278617710583154 0.035483870967741936
4 0.9919006479481641 0.6629032258064517 0.014038876889848811 0.03870967741935484
4 0.9913606911447084 0.7104838709677419 0.01511879049676026 0.037096774193548385
4 0.9913606911447084 0.8080645161290323 0.01511879049676026 0.03870967741935484
4 0.9908207343412527 0.8556451612903225 0.016198704103671708 0.037096774193548385
4 0.9913606911447084 0.9854838709677419 0.01511879049676026 0.025806451612903226
4 0.9103671706263499 0.5516129032258065 0.012958963282937365 0.03064516129032258
4 0.7321814254859611 0.5661290322580645 0.023758099352051837 0.02258064516129032
4 0.49352051835853133 0.21935483870967742 0.023758099352051837 0.02258064516129032
4 0.49352051835853133 0.25806451612903225 0.023758099352051837 0.02258064516129032
4 0.8790496760259179 0.964516129032258 0.019438444924406047 0.017741935483870968
4 0.7116630669546437 0.5032258064516129 0.038876889848812095 0.03064516129032258
4 0.5885529157667386 0.2645161290322581 0.038876889848812095 0.03064516129032258
4 0.9114470842332614 0.44516129032258067 0.02159827213822894 0.056451612903225805
4 0.7116630669546437 0.4258064516129032 0.038876889848812095 0.03064516129032258
4 0.9557235421166307 0.9354838709677419 0.011879049676025918 0.03064516129032258
4 0.9951403887688985 0.7532258064516129 0.00755939524838013 0.01935483870967742
4 0.9384449244060475 0.9354838709677419 0.012958963282937365 0.03387096774193549
5 0.8272138228941684 0.9161290322580645 0.023758099352051837 0.024193548387096774
5 0.826133909287257 0.853225806451613 0.017278617710583154 0.04032258064516129
5 0.8174946004319654 0.714516129032258 0.017278617710583154 0.04032258064516129
5 0.816414686825054 0.6161290322580645 0.017278617710583154 0.04032258064516129