1 0.41511387163561075 0.005451713395638629 0.020703933747412008 0.010903426791277258
1 0.5781573498964804 0.002336448598130841 0.021739130434782608 0.004672897196261682
1 0.5300207039337475 0.003115264797507788 0.020703933747412008 0.006230529595015576
1 0.4725672877846791 0.004672897196261682 0.021739130434782608 0.009345794392523364
1 0.6180124223602484 0.000778816199376947 0.020703933747412008 0.001557632398753894
1 0.37111801242236025 0.005451713395638629 0.021739130434782608 0.010903426791277258
1 0.6625258799171843 0.040498442367601244 0.019668737060041408 0.01557632398753894
1 0.6221532091097308 0.07476635514018691 0.018633540372670808 0.01557632398753894
1 0.5269151138716356 0.13239875389408098 0.024844720496894408 0.024922118380062305
1 0.6325051759834368 0.13707165109034267 0.019668737060041408 0.018691588785046728
1 0.2950310559006211 0.1059190031152648 0.020703933747412008 0.020249221183800622
1 0.8209109730848861 0.17289719626168223 0.019668737060041408 0.018691588785046728
1 0.8209109730848861 0.26635514018691586 0.019668737060041408 0.018691588785046728
1 0.8209109730848861 0.2398753894080997 0.019668737060041408 0.018691588785046728
1 0.8209109730848861 0.19781931464174454 0.019668737060041408 0.018691588785046728
1 0.7732919254658385 0.008566978193146417 0.020703933747412008 0.017133956386292833
1 0.7732919254658385 0.06697819314641744 0.018633540372670808 0.018691588785046728
1 0.9037267080745341 0.10124610591900311 0.020703933747412008 0.018691588785046728
1 0.9855072463768116 0.10124610591900311 0.018633540372670808 0.017133956386292833
1 0.994824016563147 0.589563862928349 0.008281573498964804 0.020249221183800622
1 0.6977225672877847 0.7087227414330218 0.019668737060041408 0.018691588785046728
1 0.17184265010351968 0.5669781931464174 0.019668737060041408 0.01557632398753894
1 0.036231884057971016 0.38161993769470404 0.018633540372670808 0.018691588785046728
1 0.09109730848861283 0.024922118380062305 0.019668737060041408 0.01557632398753894
1 0.024844720496894408 0.0264797507788162 0.020703933747412008 0.018691588785046728
1 0.024844720496894408 0.05451713395638629 0.018633540372670808 0.01557632398753894
4 0.3245341614906832 0.004672897196261682 0.023809523809523808 0.009345794392523364
4 0.9440993788819876 0.09968847352024922 0.021739130434782608 0.018691588785046728
4 0.7732919254658385 0.03582554517133956 0.021739130434782608 0.018691588785046728
4 0.6614906832298136 0.07320872274143302 0.021739130434782608 0.018691588785046728
4 0.40062111801242234 0.13395638629283488 0.024844720496894408 0.0264797507788162
4 0.5269151138716356 0.09034267912772585 0.024844720496894408 0.0264797507788162
4 0.4616977225672878 0.13395638629283488 0.024844720496894408 0.0264797507788162
4 0.29606625258799174 0.0763239875389408 0.021739130434782608 0.020249221183800622
4 0.29606625258799174 0.18691588785046728 0.020703933747412008 0.018691588785046728
4 0.025879917184265012 0.08255451713395638 0.021739130434782608 0.020249221183800622
4 0.09109730848861283 0.0529595015576324 0.021739130434782608 0.020249221183800622
4 0.11387163561076605 0.48442367601246106 0.020703933747412008 0.021806853582554516
4 0.11490683229813664 0.5124610591900312 0.021739130434782608 0.018691588785046728
4 0.10455486542443064 0.5887850467289719 0.020703933747412008 0.018691588785046728
4 0.10455486542443064 0.616822429906542 0.022774327122153208 0.018691588785046728
4 0.050724637681159424 0.5654205607476636 0.022774327122153208 0.018691588785046728
4 0.050724637681159424 0.5358255451713395 0.022774327122153208 0.018691588785046728