1 0.3747300215982721 0.9951298701298701 0.02159827213822894 0.006493506493506494
1 0.47300215982721383 0.9415584415584416 0.02591792656587473 0.025974025974025976
1 0.36285097192224625 0.9366883116883117 0.020518358531317494 0.01948051948051948
1 0.714902807775378 0.9691558441558441 0.02159827213822894 0.021103896103896104
1 0.16630669546436286 0.8993506493506493 0.020518358531317494 0.01948051948051948
1 0.16630669546436286 0.801948051948052 0.020518358531317494 0.01948051948051948
1 0.16630669546436286 0.8295454545454546 0.020518358531317494 0.01948051948051948
1 0.16630669546436286 0.8733766233766234 0.020518358531317494 0.01948051948051948
1 0.07991360691144708 0.974025974025974 0.02159827213822894 0.01948051948051948
1 0.0026997840172786176 0.974025974025974 0.005399568034557235 0.01948051948051948
1 0.29481641468682507 0.3409090909090909 0.020518358531317494 0.01948051948051948
1 0.8434125269978402 0.48863636363636365 0.020518358531317494 0.016233766233766232
1 0.9848812095032398 0.6818181818181818 0.019438444924406047 0.01948051948051948
4 0.03779697624190065 0.9756493506493507 0.02267818574514039 0.01948051948051948
4 0.3331533477321814 0.9951298701298701 0.024838012958963283 0.006493506493506494
4 0.6047516198704104 0.939935064935065 0.02591792656587473 0.027597402597402596
4 0.47300215982721383 0.9853896103896104 0.02591792656587473 0.027597402597402596
4 0.541036717062635 0.939935064935065 0.02591792656587473 0.027597402597402596
4 0.7143628509719222 0.9935064935064936 0.024838012958963283 0.00974025974025974
4 0.7138228941684666 0.8847402597402597 0.02159827213822894 0.01948051948051948
4 0.9919006479481641 0.9902597402597403 0.016198704103671708 0.016233766233766232
4 0.9038876889848813 0.5746753246753247 0.02159827213822894 0.022727272727272728
4 0.9028077753779697 0.5454545454545454 0.02267818574514039 0.01948051948051948
4 0.9136069114470843 0.4659090909090909 0.02159827213822894 0.01948051948051948
4 0.9136069114470843 0.4366883116883117 0.023758099352051837 0.01948051948051948
4 0.9697624190064795 0.4902597402597403 0.023758099352051837 0.01948051948051948
4 0.9697624190064795 0.5211038961038961 0.023758099352051837 0.01948051948051948