1 0.8343253968253969 0.37910447761194027 0.01984126984126984 0.014925373134328358
1 0.35615079365079366 0.6522388059701493 0.018849206349206348 0.014925373134328358
1 0.6488095238095238 0.7895522388059701 0.017857142857142856 0.016417910447761194
1 0.38095238095238093 0.8134328358208955 0.018849206349206348 0.014925373134328358
1 0.6041666666666666 0.7238805970149254 0.017857142857142856 0.016417910447761194
1 0.38293650793650796 0.735820895522388 0.018849206349206348 0.014925373134328358
1 0.6001984126984127 0.8164179104477612 0.017857142857142856 0.016417910447761194
1 0.6051587301587301 0.8791044776119403 0.018849206349206348 0.01791044776119403
1 0.3898809523809524 0.9134328358208955 0.017857142857142856 0.014925373134328358
1 0.3323412698412698 0.935820895522388 0.018849206349206348 0.014925373134328358
1 0.3323412698412698 0.9626865671641791 0.018849206349206348 0.014925373134328358
1 0.43353174603174605 0.6537313432835821 0.017857142857142856 0.016417910447761194
1 0.558531746031746 0.6537313432835821 0.018849206349206348 0.014925373134328358
1 0.5119047619047619 0.6537313432835821 0.017857142857142856 0.016417910447761194
1 0.4722222222222222 0.6537313432835821 0.018849206349206348 0.014925373134328358
1 0.6051587301587301 0.6537313432835821 0.017857142857142856 0.016417910447761194
1 0.39384920634920634 0.6522388059701493 0.018849206349206348 0.014925373134328358
1 0.6051587301587301 0.9462686567164179 0.018849206349206348 0.016417910447761194
1 0.9553571428571429 0.7029850746268657 0.018849206349206348 0.014925373134328358
1 0.8898809523809523 0.764179104477612 0.017857142857142856 0.014925373134328358
1 0.9513888888888888 0.9029850746268657 0.018849206349206348 0.014925373134328358
1 0.9523809523809523 0.8746268656716418 0.018849206349206348 0.014925373134328358
1 0.996031746031746 0.7708955223880597 0.005952380952380952 0.019402985074626865
1 0.996031746031746 0.7455223880597015 0.005952380952380952 0.019402985074626865
1 0.996031746031746 0.8246268656716418 0.005952380952380952 0.019402985074626865
1 0.996031746031746 0.7977611940298508 0.005952380952380952 0.019402985074626865
1 0.996031746031746 0.8783582089552239 0.005952380952380952 0.019402985074626865
1 0.996031746031746 0.8514925373134329 0.005952380952380952 0.019402985074626865
1 0.9955357142857143 0.9380597014925374 0.006944444444444444 0.019402985074626865
1 0.996031746031746 0.905223880597015 0.005952380952380952 0.019402985074626865
1 0.8948412698412699 0.991044776119403 0.018849206349206348 0.014925373134328358
1 0.10863095238095238 0.9932835820895523 0.018849206349206348 0.010447761194029851
1 0.06944444444444445 0.9917910447761195 0.01984126984126984 0.013432835820895522
1 0.017857142857142856 0.8865671641791045 0.018849206349206348 0.016417910447761194
1 0.17559523809523808 0.5940298507462687 0.017857142857142856 0.014925373134328358
1 0.06349206349206349 0.4373134328358209 0.01984126984126984 0.014925373134328358
1 0.19146825396825398 0.2462686567164179 0.017857142857142856 0.014925373134328358
4 0.8948412698412699 0.9641791044776119 0.01984126984126984 0.01791044776119403
4 0.8343253968253969 0.35074626865671643 0.018849206349206348 0.01791044776119403
4 0.8343253968253969 0.40746268656716417 0.018849206349206348 0.01791044776119403
4 0.7331349206349206 0.3761194029850746 0.01984126984126984 0.01791044776119403
4 0.873015873015873 0.5582089552238806 0.01984126984126984 0.01791044776119403
4 0.9970238095238095 0.6037313432835821 0.003968253968253968 0.022388059701492536
4 0.7807539682539683 0.40746268656716417 0.021825396825396824 0.01791044776119403
4 0.8333333333333334 0.5582089552238806 0.018849206349206348 0.019402985074626865
4 0.8125 0.6283582089552239 0.022817460317460316 0.022388059701492536
4 0.5099206349206349 0.3044776119402985 0.022817460317460316 0.022388059701492536
4 0.8134920634920635 0.591044776119403 0.022817460317460316 0.022388059701492536
4 0.5109126984126984 0.2671641791044776 0.022817460317460316 0.022388059701492536
4 0.6220238095238095 0.517910447761194 0.01984126984126984 0.019402985074626865
4 0.9970238095238095 0.6305970149253731 0.003968253968253968 0.022388059701492536
4 0.8908730158730159 0.8507462686567164 0.01984126984126984 0.01791044776119403
4 0.8928571428571429 0.9104477611940298 0.017857142857142856 0.016417910447761194
4 0.8948412698412699 0.9373134328358209 0.01984126984126984 0.019402985074626865
4 0.3333333333333333 0.908955223880597 0.01984126984126984 0.019402985074626865
4 0.7638888888888888 0.9850746268656716 0.01984126984126984 0.019402985074626865
4 0.04265873015873016 0.46417910447761196 0.021825396825396824 0.01791044776119403
4 0.13095238095238096 0.8552238805970149 0.0248015873015873 0.025373134328358207
4 0.7321428571428571 0.4059701492537313 0.01984126984126984 0.014925373134328358
4 0.9965277777777778 0.7111940298507463 0.00496031746031746 0.022388059701492536