1 0.41964285714285715 0.005970149253731343 0.01984126984126984 0.011940298507462687
1 0.5758928571428571 0.0029850746268656717 0.020833333333333332 0.005970149253731343
1 0.5297619047619048 0.0037313432835820895 0.01984126984126984 0.007462686567164179
1 0.47470238095238093 0.0052238805970149255 0.020833333333333332 0.010447761194029851
1 0.6140873015873016 0.0014925373134328358 0.01984126984126984 0.0029850746268656717
1 0.3774801587301587 0.005970149253731343 0.020833333333333332 0.011940298507462687
1 0.6567460317460317 0.04029850746268657 0.018849206349206348 0.014925373134328358
1 0.6180555555555556 0.07313432835820896 0.017857142857142856 0.014925373134328358
1 0.5267857142857143 0.12835820895522387 0.023809523809523808 0.023880597014925373
1 0.6279761904761905 0.1328358208955224 0.018849206349206348 0.01791044776119403
1 0.30456349206349204 0.10298507462686567 0.01984126984126984 0.019402985074626865
1 0.808531746031746 0.16716417910447762 0.018849206349206348 0.01791044776119403
1 0.808531746031746 0.25671641791044775 0.018849206349206348 0.01791044776119403
1 0.808531746031746 0.23134328358208955 0.018849206349206348 0.01791044776119403
1 0.808531746031746 0.191044776119403 0.018849206349206348 0.01791044776119403
1 0.7628968253968254 0.008955223880597015 0.01984126984126984 0.01791044776119403
1 0.7628968253968254 0.06567164179104477 0.017857142857142856 0.01791044776119403
1 0.8878968253968254 0.09850746268656717 0.01984126984126984 0.01791044776119403
1 0.9662698412698413 0.09850746268656717 0.017857142857142856 0.016417910447761194
1 0.9811507936507936 0.5656716417910448 0.018849206349206348 0.016417910447761194
1 0.6904761904761905 0.6805970149253732 0.018849206349206348 0.01791044776119403
1 0.1865079365079365 0.5447761194029851 0.018849206349206348 0.014925373134328358
1 0.05654761904761905 0.36716417910447763 0.017857142857142856 0.01791044776119403
1 0.10912698412698413 0.025373134328358207 0.018849206349206348 0.014925373134328358
1 0.04563492063492063 0.026865671641791045 0.01984126984126984 0.01791044776119403
1 0.04563492063492063 0.05373134328358209 0.017857142857142856 0.014925373134328358
4 0.33283730158730157 0.0052238805970149255 0.022817460317460316 0.010447761194029851
4 0.9265873015873016 0.09701492537313433 0.020833333333333332 0.01791044776119403
4 0.7628968253968254 0.03582089552238806 0.020833333333333332 0.01791044776119403
4 0.6557539682539683 0.07164179104477612 0.020833333333333332 0.01791044776119403
4 0.40575396825396826 0.12985074626865672 0.023809523809523808 0.025373134328358207
4 0.5267857142857143 0.0880597014925373 0.023809523809523808 0.025373134328358207
4 0.4642857142857143 0.12985074626865672 0.023809523809523808 0.025373134328358207
4 0.3055555555555556 0.07462686567164178 0.020833333333333332 0.019402985074626865
4 0.3055555555555556 0.18059701492537314 0.01984126984126984 0.01791044776119403
4 0.04662698412698413 0.08059701492537313 0.020833333333333332 0.019402985074626865
4 0.10912698412698413 0.05223880597014925 0.020833333333333332 0.019402985074626865
4 0.13095238095238096 0.46567164179104475 0.01984126984126984 0.020895522388059702
4 0.13194444444444445 0.4925373134328358 0.020833333333333332 0.01791044776119403
4 0.12202380952380952 0.5656716417910448 0.01984126984126984 0.01791044776119403
4 0.12202380952380952 0.5925373134328358 0.021825396825396824 0.01791044776119403
4 0.07043650793650794 0.5432835820895522 0.021825396825396824 0.01791044776119403
4 0.07043650793650794 0.5149253731343284 0.021825396825396824 0.01791044776119403