1 0.8559322033898306 0.5079113924050633 0.015889830508474576 0.03481012658227848
1 0.878177966101695 0.5079113924050633 0.015889830508474576 0.03481012658227848
1 0.9332627118644068 0.49683544303797467 0.018008474576271187 0.015822784810126583
1 0.9841101694915254 0.33069620253164556 0.019067796610169493 0.014240506329113924
1 0.7319915254237288 0.20411392405063292 0.019067796610169493 0.01740506329113924
2 0.7404661016949152 0.1060126582278481 0.023305084745762712 0.023734177215189875
2 0.6726694915254238 0.17721518987341772 0.023305084745762712 0.023734177215189875
2 0.7404661016949152 0.14873417721518986 0.023305084745762712 0.023734177215189875
0 0.961864406779661 0.2800632911392405 0.04978813559322034 0.05221518987341772
0 0.5296610169491526 0.13449367088607594 0.15466101694915255 0.22943037974683544
0 0.8919491525423728 0.00949367088607595 0.05296610169491525 0.015822784810126583
0 0.1159957627118644 0.15585443037974683 0.2319915254237288 0.30854430379746833
3 0.823093220338983 0.5079113924050633 0.03177966101694915 0.05379746835443038
4 0.057203389830508475 0.4161392405063291 0.024364406779661018 0.02689873417721519
4 0.15360169491525424 0.4161392405063291 0.025423728813559324 0.02531645569620253
4 0.004766949152542373 0.4161392405063291 0.009533898305084746 0.028481012658227847
4 0.02754237288135593 0.4177215189873418 0.025423728813559324 0.02531645569620253
4 0.08792372881355932 0.4161392405063291 0.025423728813559324 0.02531645569620253
4 0.6726694915254238 0.11234177215189874 0.019067796610169493 0.03481012658227848
4 0.6726694915254238 0.060126582278481014 0.019067796610169493 0.03639240506329114
4 0.3336864406779661 0.3528481012658228 0.019067796610169493 0.03481012658227848
4 0.3336864406779661 0.3069620253164557 0.019067796610169493 0.03639240506329114
4 0.3336864406779661 0.22151898734177214 0.019067796610169493 0.03481012658227848
4 0.6716101694915254 0.31329113924050633 0.019067796610169493 0.03639240506329114
4 0.6716101694915254 0.24208860759493672 0.019067796610169493 0.03481012658227848
4 0.3336864406779661 0.08386075949367089 0.019067796610169493 0.03639240506329114
4 0.3336864406779661 0.0379746835443038 0.019067796610169493 0.03481012658227848
4 0.3331567796610169 0.007120253164556962 0.020127118644067795 0.011075949367088608
4 0.3336864406779661 0.17563291139240506 0.019067796610169493 0.03639240506329114
4 0.3336864406779661 0.12974683544303797 0.019067796610169493 0.03481012658227848
4 0.7065677966101694 0.31170886075949367 0.019067796610169493 0.03639240506329114
4 0.7733050847457628 0.20569620253164558 0.0211864406779661 0.01740506329113924
4 0.6716101694915254 0.20411392405063292 0.0211864406779661 0.0189873417721519
4 0.7129237288135594 0.25316455696202533 0.013771186440677966 0.030063291139240507
4 0.9427966101694916 0.33069620253164556 0.020127118644067795 0.015822784810126583
4 0.8983050847457628 0.2848101265822785 0.0211864406779661 0.0189873417721519
4 0.9322033898305084 0.5237341772151899 0.0211864406779661 0.0189873417721519
4 0.3326271186440678 0.2626582278481013 0.022245762711864406 0.020569620253164556
4 0.8983050847457628 0.310126582278481 0.020127118644067795 0.0189873417721519
5 0.3877118644067797 0.6186708860759493 0.05190677966101695 0.05063291139240506
5 0.336864406779661 0.615506329113924 0.026483050847457626 0.02689873417721519