1 0.16142557651991615 0.9229559748427673 0.011530398322851153 0.02830188679245283
1 0.20125786163522014 0.5031446540880503 0.02620545073375262 0.02358490566037736
1 0.20125786163522014 0.46855345911949686 0.025157232704402517 0.02358490566037736
1 0.20125786163522014 0.43238993710691825 0.025157232704402517 0.025157232704402517
1 0.20125786163522014 0.3915094339622642 0.025157232704402517 0.02358490566037736
4 0.7117400419287212 0.9811320754716981 0.018867924528301886 0.03459119496855346
4 0.7117400419287212 0.9371069182389937 0.01781970649895178 0.03459119496855346
4 0.7127882599580713 0.8930817610062893 0.018867924528301886 0.036163522012578615
4 0.7117400419287212 0.8459119496855346 0.018867924528301886 0.036163522012578615
4 0.7127882599580713 0.8018867924528302 0.018867924528301886 0.03930817610062893
4 0.7127882599580713 0.7562893081761006 0.019916142557651992 0.036163522012578615
4 0.7127882599580713 0.7138364779874213 0.023060796645702306 0.020440251572327043
4 0.7127882599580713 0.6698113207547169 0.018867924528301886 0.03773584905660377
4 0.7138364779874213 0.6257861635220126 0.019916142557651992 0.03773584905660377
0 0.9035639412997903 0.8411949685534591 0.15828092243186584 0.23427672955974843
5 0.7662473794549266 0.36163522012578614 0.05241090146750524 0.05188679245283019
5 0.7180293501048218 0.3632075471698113 0.027253668763102725 0.031446540880503145
4 0.5345911949685535 0.5613207547169812 0.025157232704402517 0.026729559748427674
4 0.47064989517819705 0.559748427672956 0.025157232704402517 0.02830188679245283
4 0.44025157232704404 0.5613207547169812 0.023060796645702306 0.025157232704402517
4 0.4088050314465409 0.559748427672956 0.025157232704402517 0.026729559748427674
4 0.37945492662473795 0.5581761006289309 0.025157232704402517 0.026729559748427674
4 0.350104821802935 0.5581761006289309 0.025157232704402517 0.02830188679245283
4 0.31865828092243187 0.5581761006289309 0.02410901467505241 0.02830188679245283
5 0.2631027253668763 0.419811320754717 0.025157232704402517 0.026729559748427674
5 0.2631027253668763 0.4889937106918239 0.025157232704402517 0.026729559748427674
5 0.3050314465408805 0.4166666666666667 0.025157232704402517 0.026729559748427674
5 0.3039832285115304 0.4779874213836478 0.025157232704402517 0.026729559748427674
4 0.1540880503144654 0.44654088050314467 0.02410901467505241 0.05660377358490566
4 0.1530398322851153 0.550314465408805 0.012578616352201259 0.031446540880503145
4 0.2526205450733753 0.5880503144654088 0.020964360587002098 0.018867924528301886
0 0.06079664570230608 0.4559748427672956 0.11215932914046121 0.08962264150943396
5 0.06184486373165619 0.6132075471698113 0.018867924528301886 0.03773584905660377
0 0.13417190775681342 0.6745283018867925 0.05660377358490566 0.07547169811320754
5 0.06184486373165619 0.7075471698113207 0.016771488469601678 0.03930817610062893
5 0.07127882599580712 0.9056603773584906 0.02620545073375262 0.02830188679245283
5 0.06813417190775681 0.8411949685534591 0.015723270440251572 0.03930817610062893
4 0.23270440251572327 0.7044025157232704 0.01781970649895178 0.03930817610062893
4 0.1918238993710692 0.699685534591195 0.015723270440251572 0.036163522012578615
4 0.23270440251572327 0.6588050314465409 0.016771488469601678 0.03773584905660377
4 0.23270440251572327 0.800314465408805 0.01781970649895178 0.036163522012578615
4 0.23270440251572327 0.8443396226415094 0.01781970649895178 0.036163522012578615
4 0.24109014675052412 0.7468553459119497 0.020964360587002098 0.0220125786163522
0 0.45964360587002095 0.8270440251572327 0.31341719077568136 0.34276729559748426
4 0.23165618448637318 0.9276729559748428 0.018867924528301886 0.03773584905660377
4 0.23270440251572327 0.9779874213836478 0.018867924528301886 0.03773584905660377
4 0.1949685534591195 0.9229559748427673 0.012578616352201259 0.031446540880503145
4 0.17819706498951782 0.9229559748427673 0.012578616352201259 0.029874213836477988
4 0.12054507337526206 0.949685534591195 0.019916142557651992 0.018867924528301886