1 0.015889830508474576 0.8718354430379747 0.01059322033898305 0.028481012658227847
1 0.6917372881355932 0.9731012658227848 0.020127118644067795 0.015822784810126583
1 0.8665254237288136 0.9920886075949367 0.0211864406779661 0.012658227848101266
1 0.5328389830508474 0.9367088607594937 0.11758474576271187 0.08069620253164557
0 0.04978813559322034 0.8591772151898734 0.019067796610169493 0.0490506329113924
0 0.3172669491525424 0.9216772151898734 0.04978813559322034 0.15348101265822786
0 0.2245762711864407 0.8291139240506329 0.034957627118644065 0.03164556962025317
0 0.4120762711864407 0.7579113924050633 0.07309322033898305 0.15348101265822786
0 0.7436440677966102 0.5458860759493671 0.05826271186440678 0.0680379746835443
0 0.11652542372881355 0.9683544303797469 0.2330508474576271 0.060126582278481014
4 0.17372881355932204 0.8180379746835443 0.025423728813559324 0.02531645569620253
4 0.3252118644067797 0.7341772151898734 0.019067796610169493 0.0379746835443038
4 0.4205508474576271 0.9319620253164557 0.015889830508474576 0.03639240506329114
4 0.4703389830508475 0.3829113924050633 0.020127118644067795 0.01740506329113924
4 0.4703389830508475 0.4462025316455696 0.020127118644067795 0.01740506329113924
4 0.4703389830508475 0.4873417721518987 0.0211864406779661 0.01740506329113924
4 0.9565677966101694 0.4050632911392405 0.024364406779661018 0.023734177215189875
4 0.9565677966101694 0.4651898734177215 0.023305084745762712 0.02689873417721519
4 0.9163135593220338 0.5680379746835443 0.024364406779661018 0.02531645569620253
4 0.5836864406779662 0.3670886075949367 0.01694915254237288 0.03639240506329114
4 0.9205508474576272 0.40664556962025317 0.013771186440677966 0.030063291139240507
4 0.8622881355932204 0.8496835443037974 0.023305084745762712 0.015822784810126583
4 0.9353813559322034 0.9272151898734177 0.023305084745762712 0.015822784810126583
4 0.7658898305084746 0.43670886075949367 0.0211864406779661 0.05221518987341772
4 0.7404661016949152 0.43829113924050633 0.020127118644067795 0.05221518987341772
5 0.6228813559322034 0.43829113924050633 0.015889830508474576 0.0379746835443038
5 0.6228813559322034 0.495253164556962 0.015889830508474576 0.0379746835443038
5 0.2838983050847458 0.5205696202531646 0.015889830508474576 0.0379746835443038
5 0.2849576271186441 0.5775316455696202 0.015889830508474576 0.0379746835443038
5 0.7002118644067796 0.4462025316455696 0.015889830508474576 0.0379746835443038
5 0.2849576271186441 0.46360759493670883 0.015889830508474576 0.0379746835443038
5 0.2849576271186441 0.28639240506329117 0.015889830508474576 0.0379746835443038
5 0.2849576271186441 0.34177215189873417 0.015889830508474576 0.0379746835443038
5 0.2849576271186441 0.3987341772151899 0.015889830508474576 0.0379746835443038
5 0.6228813559322034 0.5522151898734177 0.015889830508474576 0.0379746835443038
5 0.8866525423728814 0.41455696202531644 0.026483050847457626 0.02531645569620253