1 0.21274298056155508 0.1737012987012987 0.019438444924406047 0.016233766233766232
1 0.30561555075593955 0.36038961038961037 0.019438444924406047 0.01948051948051948
1 0.2732181425485961 0.43344155844155846 0.020518358531317494 0.016233766233766232
1 0.3488120950323974 0.36038961038961037 0.019438444924406047 0.016233766233766232
1 0.3488120950323974 0.32792207792207795 0.0183585313174946 0.016233766233766232
1 0.26457883369330454 0.008928571428571428 0.02159827213822894 0.01461038961038961
4 0.41576673866090713 0.6623376623376623 0.02159827213822894 0.01948051948051948
4 0.41576673866090713 0.7564935064935064 0.02159827213822894 0.01948051948051948
4 0.5053995680345572 0.6314935064935064 0.02159827213822894 0.01948051948051948
4 0.27429805615550756 0.49188311688311687 0.02159827213822894 0.021103896103896104
4 0.39200863930885527 0.32954545454545453 0.020518358531317494 0.021103896103896104
4 0.2159827213822894 0.21266233766233766 0.026997840172786176 0.024350649350649352
4 0.3174946004319654 0.07792207792207792 0.020518358531317494 0.021103896103896104
1 0.9892008639308856 0.09983766233766234 0.019438444924406047 0.017857142857142856
1 0.9892008639308856 0.12905844155844157 0.019438444924406047 0.017857142857142856