1 0.7658730158730159 0.8343283582089552 0.017857142857142856 0.014925373134328358
1 0.6805555555555556 0.6626865671641791 0.017857142857142856 0.01791044776119403
1 0.7103174603174603 0.5955223880597015 0.018849206349206348 0.014925373134328358
1 0.6408730158730159 0.6626865671641791 0.017857142857142856 0.014925373134328358
1 0.6408730158730159 0.6925373134328359 0.016865079365079364 0.014925373134328358
1 0.7182539682539683 0.9865671641791045 0.018849206349206348 0.014925373134328358
4 0.5793650793650794 0.3850746268656716 0.01984126984126984 0.01791044776119403
4 0.5793650793650794 0.29850746268656714 0.01984126984126984 0.01791044776119403
4 0.49702380952380953 0.4134328358208955 0.01984126984126984 0.01791044776119403
4 0.7093253968253969 0.5417910447761194 0.01984126984126984 0.019402985074626865
4 0.6011904761904762 0.691044776119403 0.018849206349206348 0.019402985074626865
4 0.7628968253968254 0.7985074626865671 0.0248015873015873 0.022388059701492536
4 0.6696428571428571 0.9223880597014925 0.018849206349206348 0.019402985074626865
1 0.051587301587301584 0.9014925373134328 0.018849206349206348 0.014925373134328358
1 0.051587301587301584 0.8746268656716418 0.018849206349206348 0.014925373134328358
4 0.001984126984126984 0.7104477611940299 0.001984126984126984 0.020895522388059702