1 0.44549266247379454 0.6792452830188679 0.019916142557651992 0.015723270440251572
1 0.40146750524109015 0.7138364779874213 0.019916142557651992 0.015723270440251572
1 0.33752620545073375 0.6713836477987422 0.011530398322851153 0.02830188679245283
1 0.2851153039832285 0.6525157232704403 0.019916142557651992 0.01729559748427673
1 0.2348008385744235 0.48742138364779874 0.019916142557651992 0.018867924528301886
1 0.18134171907756813 0.47641509433962265 0.015723270440251572 0.036163522012578615
1 0.4769392033542977 0.2578616352201258 0.019916142557651992 0.01729559748427673
1 0.6310272536687631 0.6509433962264151 0.04612159329140461 0.10377358490566038
1 0.5618448637316562 0.610062893081761 0.03773584905660377 0.10534591194968554
1 0.03459119496855346 0.7751572327044025 0.020964360587002098 0.01729559748427673
1 0.15828092243186584 0.47641509433962265 0.015723270440251572 0.0330188679245283
4 0.48532494758909855 0.960691823899371 0.020964360587002098 0.01729559748427673
4 0.3658280922431866 0.9135220125786163 0.023060796645702306 0.018867924528301886
0 0.1928721174004193 0.9779874213836478 0.05660377358490566 0.040880503144654086
2 0.0429769392033543 0.8710691823899371 0.027253668763102725 0.02830188679245283
2 0.040880503144654086 0.8286163522012578 0.027253668763102725 0.02830188679245283
0 0.2631027253668763 0.7012578616352201 0.05555555555555555 0.055031446540880505
3 0.33752620545073375 0.7421383647798742 0.04507337526205451 0.04559748427672956
5 0.6802935010482181 0.7468553459119497 0.020964360587002098 0.036163522012578615
5 0.4444444444444444 0.7154088050314465 0.020964360587002098 0.036163522012578615
5 0.539832285115304 0.7264150943396226 0.020964360587002098 0.036163522012578615
4 0.6519916142557652 0.7468553459119497 0.012578616352201259 0.031446540880503145
4 0.6352201257861635 0.7452830188679245 0.013626834381551363 0.0330188679245283
4 0.5020964360587002 0.7248427672955975 0.0220125786163522 0.020440251572327043
4 0.5010482180293501 0.699685534591195 0.020964360587002098 0.018867924528301886
4 0.44549266247379454 0.6509433962264151 0.023060796645702306 0.018867924528301886
4 0.40146750524109015 0.6525157232704403 0.023060796645702306 0.020440251572327043
4 0.37840670859538783 0.6792452830188679 0.013626834381551363 0.03459119496855346
2 0.35744234800838576 0.6776729559748428 0.019916142557651992 0.036163522012578615
4 0.32075471698113206 0.6698113207547169 0.012578616352201259 0.031446540880503145
4 0.24423480083857443 0.6525157232704403 0.02410901467505241 0.018867924528301886
4 0.20125786163522014 0.6965408805031447 0.023060796645702306 0.0220125786163522
4 0.20020964360587 0.6713836477987422 0.020964360587002098 0.018867924528301886
4 0.07547169811320754 0.7751572327044025 0.020964360587002098 0.018867924528301886
4 0.015723270440251572 0.7264150943396226 0.013626834381551363 0.03459119496855346
4 0.009958071278825996 0.6698113207547169 0.01781970649895178 0.040880503144654086
4 0.23375262054507337 0.4606918238993711 0.020964360587002098 0.018867924528301886
3 0.12368972746331237 0.4748427672955975 0.03039832285115304 0.06446540880503145
3 0.35953878406708595 0.2641509433962264 0.05660377358490566 0.055031446540880505
4 0.6740041928721174 0.2389937106918239 0.02410901467505241 0.026729559748427674
4 0.6740041928721174 0.2751572327044025 0.02410901467505241 0.026729559748427674
2 0.5943396226415094 0.29874213836477986 0.018867924528301886 0.036163522012578615
5 0.5461215932914046 0.29874213836477986 0.025157232704402517 0.05345911949685535
5 0.5450733752620545 0.38836477987421386 0.025157232704402517 0.05345911949685535