4 0.22344689378757515 0.516566265060241 0.025050100200400802 0.022590361445783132
3 0.005511022044088177 0.0286144578313253 0.009018036072144289 0.03614457831325301
1 0.028056112224448898 0.03162650602409638 0.013026052104208416 0.03614457831325301
5 0.3517034068136273 0.3960843373493976 0.04008016032064128 0.03463855421686747
0 0.15531062124248496 0.35843373493975905 0.30861723446893785 0.29518072289156627
1 0.17935871743486975 0.11144578313253012 0.12024048096192384 0.1716867469879518
1 0.052104208416833664 0.03162650602409638 0.013026052104208416 0.03614457831325301
3 0.07615230460921844 0.02710843373493976 0.014028056112224449 0.03463855421686747
4 0.405811623246493 0.28313253012048195 0.014028056112224449 0.03765060240963856
2 0.3847695390781563 0.28012048192771083 0.012024048096192385 0.03463855421686747
1 0.3216432865731463 0.3629518072289157 0.013026052104208416 0.03614457831325301
3 0.35470941883767537 0.3509036144578313 0.02404809619238477 0.02108433734939759