4 0.21958762886597938 0.521671826625387 0.02577319587628866 0.02321981424148607
1 0.018556701030927835 0.02321981424148607 0.013402061855670102 0.03715170278637771
5 0.3515463917525773 0.3978328173374613 0.041237113402061855 0.03560371517027864
0 0.15463917525773196 0.3591331269349845 0.30721649484536084 0.30340557275541796
1 0.17422680412371133 0.10526315789473684 0.12371134020618557 0.17647058823529413
1 0.04329896907216495 0.02321981424148607 0.013402061855670102 0.03715170278637771
3 0.06804123711340206 0.018575851393188854 0.01443298969072165 0.03560371517027864
4 0.4072164948453608 0.28173374613003094 0.01443298969072165 0.03869969040247678
2 0.38556701030927837 0.2786377708978328 0.012371134020618556 0.03560371517027864
1 0.32061855670103095 0.3637770897832817 0.013402061855670102 0.03715170278637771
3 0.354639175257732 0.35139318885448917 0.024742268041237112 0.021671826625386997