4 0.5393145161290323 0.4348484848484849 0.023185483870967742 0.019696969696969695
1 0.8215725806451613 0.024242424242424242 0.01310483870967742 0.03333333333333333
0 0.6265120967741935 0.025757575757575757 0.19254032258064516 0.051515151515151514
4 0.6280241935483871 0.22272727272727272 0.023185483870967742 0.019696969696969695
4 0.7419354838709677 0.2909090909090909 0.023185483870967742 0.019696969696969695
4 0.6018145161290323 0.43636363636363634 0.023185483870967742 0.019696969696969695
4 0.5735887096774194 0.22272727272727272 0.02217741935483871 0.019696969696969695
4 0.6098790322580645 0.35454545454545455 0.02217741935483871 0.019696969696969695
4 0.5211693548387096 0.2787878787878788 0.023185483870967742 0.021212121212121213
1 0.5393145161290323 0.35454545454545455 0.02217741935483871 0.019696969696969695
4 0.8215725806451613 0.14545454545454545 0.01310483870967742 0.03333333333333333
4 0.4425403225806452 0.1318181818181818 0.01310483870967742 0.03333333333333333
4 0.4405241935483871 0.03939393939393939 0.01310483870967742 0.03333333333333333
0 0.38810483870967744 0.006060606060606061 0.02620967741935484 0.012121212121212121
1 0.5221774193548387 0.22272727272727272 0.024193548387096774 0.022727272727272728