0 0.9586693548387096 0.8371212121212122 0.08064516129032258 0.29848484848484846
0 0.9102822580645161 0.396969696969697 0.1774193548387097 0.21818181818181817
4 0.7580645161290323 0.556060606060606 0.024193548387096774 0.019696969696969695
4 0.3961693548387097 0.7136363636363636 0.01310483870967742 0.03333333333333333
4 0.7590725806451613 0.6227272727272727 0.023185483870967742 0.019696969696969695
4 0.7590725806451613 0.6742424242424242 0.023185483870967742 0.019696969696969695
4 0.5987903225806451 0.36666666666666664 0.023185483870967742 0.019696969696969695
4 0.8215725806451613 0.7681818181818182 0.01310483870967742 0.03484848484848485
4 0.8215725806451613 0.6212121212121212 0.01310483870967742 0.03484848484848485
1 0.8215725806451613 0.9272727272727272 0.014112903225806451 0.03636363636363636
4 0.8215725806451613 0.8484848484848485 0.01310483870967742 0.03333333333333333
0 0.6265120967741935 0.896969696969697 0.19254032258064516 0.20303030303030303
4 0.7056451612903226 0.6106060606060606 0.023185483870967742 0.019696969696969695
4 0.4405241935483871 0.7136363636363636 0.01310483870967742 0.03333333333333333
1 0.4415322580645161 0.9393939393939394 0.01310483870967742 0.03333333333333333
1 0.3961693548387097 0.9257575757575758 0.01310483870967742 0.03484848484848485
0 0.38810483870967744 0.9886363636363636 0.02620967741935484 0.019696969696969695
0 0.3911290322580645 0.6075757575757575 0.04233870967741935 0.03636363636363636
4 0.655241935483871 0.6742424242424242 0.023185483870967742 0.019696969696969695
4 0.5987903225806451 0.4106060606060606 0.023185483870967742 0.019696969696969695
4 0.6713709677419355 0.4893939393939394 0.025201612903225805 0.022727272727272728
4 0.5987903225806451 0.4893939393939394 0.023185483870967742 0.019696969696969695
4 0.5997983870967742 0.44696969696969696 0.023185483870967742 0.019696969696969695
1 0.5473790322580645 0.6196969696969697 0.02217741935483871 0.019696969696969695