1 0.5252016129032258 0.42272727272727273 0.04334677419354839 0.09393939393939393
2 0.3487903225806452 0.4348484848484849 0.057459677419354836 0.09848484848484848
2 0.35786290322580644 0.7984848484848485 0.05040322580645161 0.08636363636363636
4 0.6330645161290323 0.8909090909090909 0.01310483870967742 0.03333333333333333
4 0.10786290322580645 0.43787878787878787 0.014112903225806451 0.03333333333333333
4 0.13407258064516128 0.43787878787878787 0.014112903225806451 0.03333333333333333
4 0.1622983870967742 0.6242424242424243 0.024193548387096774 0.022727272727272728
4 0.16129032258064516 0.5818181818181818 0.02217741935483871 0.019696969696969695
1 0.16129032258064516 0.6651515151515152 0.024193548387096774 0.019696969696969695
4 0.16129032258064516 0.7196969696969697 0.02217741935483871 0.01818181818181818
0 0.04233870967741935 0.8363636363636363 0.08266129032258064 0.296969696969697
0 0.025705645161290324 0.39621212121212124 0.04939516129032258 0.21666666666666667