1 0.44863731656184486 0.5440251572327044 0.04507337526205451 0.09748427672955975
2 0.6320754716981132 0.5314465408805031 0.059748427672955975 0.10220125786163523
2 0.6226415094339622 0.1540880503144654 0.05241090146750524 0.08962264150943396
4 0.33647798742138363 0.05817610062893082 0.013626834381551363 0.03459119496855346
4 0.8825995807127882 0.5283018867924528 0.014675052410901468 0.03459119496855346
4 0.8553459119496856 0.5283018867924528 0.014675052410901468 0.03459119496855346
4 0.8259958071278826 0.33490566037735847 0.025157232704402517 0.02358490566037736
4 0.8270440251572327 0.3789308176100629 0.023060796645702306 0.020440251572327043
1 0.8270440251572327 0.29245283018867924 0.025157232704402517 0.020440251572327043
4 0.8270440251572327 0.2358490566037736 0.023060796645702306 0.018867924528301886
0 0.9533542976939203 0.13522012578616352 0.09119496855345911 0.2672955974842767
0 0.9706498951781971 0.5715408805031447 0.05660377358490566 0.2248427672955975