1 0.4816414686825054 0.5681818181818182 0.08099352051835854 0.07142857142857142
0 0.6393088552915767 0.512987012987013 0.05183585313174946 0.1038961038961039
0 0.7840172786177105 0.4805194805194805 0.056155507559395246 0.19642857142857142
4 0.8812095032397408 0.4253246753246753 0.02267818574514039 0.01948051948051948
2 0.9751619870410367 0.4496753246753247 0.023758099352051837 0.06168831168831169
2 0.9751619870410367 0.349025974025974 0.023758099352051837 0.06168831168831169
4 0.8790496760259179 0.512987012987013 0.02267818574514039 0.01948051948051948
4 0.8801295896328294 0.4675324675324675 0.02267818574514039 0.01948051948051948
1 0.9913606911447084 0.9188311688311688 0.014038876889848811 0.03896103896103896
4 0.9919006479481641 0.8319805194805194 0.014038876889848811 0.037337662337662336
4 0.9913606911447084 0.9910714285714286 0.01511879049676026 0.01461038961038961
0 0.6857451403887689 0.859577922077922 0.408207343412527 0.2775974025974026