4 0.9973516949152542 0.7356687898089171 0.0031779661016949155 0.022292993630573247
2 0.899364406779661 0.35987261146496813 0.019067796610169493 0.06210191082802548
2 0.961864406779661 0.46337579617834396 0.019067796610169493 0.06210191082802548
2 0.961864406779661 0.3519108280254777 0.019067796610169493 0.06210191082802548
4 0.8983050847457628 0.4394904458598726 0.03072033898305085 0.030254777070063694
4 0.8972457627118644 0.49203821656050956 0.029661016949152543 0.030254777070063694
4 0.9576271186440678 0.7340764331210191 0.023305084745762712 0.020700636942675158
4 0.909957627118644 0.8694267515923567 0.013771186440677966 0.03503184713375796
4 0.8739406779661016 0.9522292993630573 0.012711864406779662 0.03503184713375796
1 0.9110169491525424 0.9522292993630573 0.012711864406779662 0.03662420382165605
0 0.9883474576271186 0.9116242038216561 0.0211864406779661 0.15127388535031847
0 0.6430084745762712 0.7085987261146497 0.09639830508474577 0.2786624203821656
0 0.8305084745762712 0.6894904458598726 0.09639830508474577 0.2786624203821656
4 0.461864406779661 0.4426751592356688 0.029661016949152543 0.028662420382165606