4 0.4684317718940937 0.7706422018348624 0.015274949083503055 0.013761467889908258
4 0.5488798370672098 0.9755351681957186 0.009164969450101833 0.021406727828746176
1 0.3879837067209776 0.9694189602446484 0.008146639511201629 0.021406727828746176
0 0.5040733197556008 0.9701834862385321 0.06720977596741344 0.05657492354740061
0 0.3121181262729124 0.9678899082568807 0.10081466395112017 0.06116207951070336
1 0.2820773930753564 0.8409785932721713 0.016293279022403257 0.013761467889908258
1 0.0835030549898167 0.7737003058103975 0.016293279022403257 0.013761467889908258
1 0.18839103869653767 0.9128440366972477 0.009164969450101833 0.021406727828746176
1 0.23421588594704684 0.981651376146789 0.009164969450101833 0.021406727828746176
1 0.23523421588594703 0.9174311926605505 0.009164969450101833 0.021406727828746176
4 0.09572301425661914 0.7400611620795107 0.009164969450101833 0.021406727828746176
1 0.2790224032586558 0.9113149847094801 0.016293279022403257 0.013761467889908258
1 0.34012219959266804 0.9128440366972477 0.016293279022403257 0.013761467889908258
1 0.3594704684317719 0.8608562691131498 0.016293279022403257 0.013761467889908258
1 0.1924643584521385 0.845565749235474 0.016293279022403257 0.013761467889908258
1 0.17922606924643583 0.8241590214067278 0.016293279022403257 0.013761467889908258
1 0.164969450101833 0.845565749235474 0.016293279022403257 0.013761467889908258
1 0.1079429735234216 0.8394495412844036 0.016293279022403257 0.013761467889908258
1 0.0824847250509165 0.8180428134556575 0.016293279022403257 0.013761467889908258
1 0.0824847250509165 0.7951070336391437 0.016293279022403257 0.013761467889908258
1 0.10081466395112017 0.6957186544342507 0.0274949083503055 0.03058103975535168
1 0.018329938900203666 0.7981651376146789 0.016293279022403257 0.013761467889908258
1 0.018329938900203666 0.7752293577981652 0.016293279022403257 0.013761467889908258
1 0.12219959266802444 0.7737003058103975 0.016293279022403257 0.013761467889908258
1 0.12118126272912423 0.8180428134556575 0.016293279022403257 0.013761467889908258
1 0.12118126272912423 0.7966360856269113 0.016293279022403257 0.013761467889908258
1 0.019348268839103868 0.753822629969419 0.016293279022403257 0.013761467889908258
1 0.14969450101832993 0.6941896024464832 0.0274949083503055 0.03058103975535168
1 0.5325865580448065 0.7492354740061162 0.04175152749490835 0.035168195718654434
1 0.3655804480651731 0.7568807339449541 0.04175152749490835 0.035168195718654434
1 0.5325865580448065 0.7920489296636085 0.04175152749490835 0.035168195718654434
1 0.3940936863543788 0.6620795107033639 0.019348268839103868 0.039755351681957186
1 0.024439918533604887 0.6620795107033639 0.019348268839103868 0.039755351681957186
1 0.4287169042769857 0.7033639143730887 0.009164969450101833 0.022935779816513763
1 0.43686354378818737 0.6253822629969419 0.02240325865580448 0.06269113149847094
1 0.3054989816700611 0.5886850152905199 0.015274949083503055 0.013761467889908258
4 0.4088594704684318 0.9931192660550459 0.017311608961303463 0.010703363914373088
4 0.4175152749490835 0.691131498470948 0.009164969450101833 0.021406727828746176
0 0.4684317718940937 0.7247706422018348 0.03971486761710794 0.0581039755351682
0 0.3380855397148676 0.6437308868501529 0.03971486761710794 0.0581039755351682
4 0.37678207739307534 0.6620795107033639 0.009164969450101833 0.021406727828746176
1 0.06619144602851323 0.6085626911314985 0.009164969450101833 0.021406727828746176
1 0.09979633401221996 0.5978593272171254 0.009164969450101833 0.021406727828746176
1 0.13441955193482688 0.599388379204893 0.009164969450101833 0.021406727828746176
1 0.14663951120162932 0.5978593272171254 0.009164969450101833 0.021406727828746176
1 0.08757637474541752 0.599388379204893 0.009164969450101833 0.021406727828746176
4 0.012219959266802444 0.7201834862385321 0.009164969450101833 0.021406727828746176
4 0.1334012219959267 0.7385321100917431 0.009164969450101833 0.021406727828746176
3 0.11608961303462322 0.7385321100917431 0.012219959266802444 0.03058103975535168
3 0.08044806517311609 0.7400611620795107 0.012219959266802444 0.03058103975535168
4 0.00560081466395112 0.8333333333333334 0.009164969450101833 0.01529051987767584
4 0.00560081466395112 0.8165137614678899 0.009164969450101833 0.01529051987767584
3 0.026476578411405296 0.7201834862385321 0.012219959266802444 0.03058103975535168