4 0.32077393075356414 0.26299694189602446 0.009164969450101833 0.021406727828746176
4 0.4378818737270876 0.38837920489296635 0.009164969450101833 0.021406727828746176
4 0.4429735234215886 0.3440366972477064 0.009164969450101833 0.021406727828746176
4 0.32179226069246436 0.3516819571865443 0.009164969450101833 0.021406727828746176
4 0.32179226069246436 0.308868501529052 0.009164969450101833 0.021406727828746176
1 0.3075356415478615 0.26299694189602446 0.008146639511201629 0.019877675840978593
1 0.4287169042769857 0.2981651376146789 0.008146639511201629 0.019877675840978593
4 0.2484725050916497 0.3577981651376147 0.015274949083503055 0.013761467889908258
4 0.47352342158859473 0.2492354740061162 0.015274949083503055 0.013761467889908258
4 0.3513238289205703 0.3562691131498471 0.015274949083503055 0.013761467889908258
1 0.5173116089613035 0.05198776758409786 0.008146639511201629 0.021406727828746176
1 0.40529531568228105 0.24311926605504589 0.008146639511201629 0.019877675840978593
1 0.2861507128309572 0.3012232415902141 0.012219959266802444 0.03363914373088685
1 0.3034623217922607 0.35932721712538224 0.012219959266802444 0.03363914373088685
1 0.21079429735234215 0.28440366972477066 0.04276985743380855 0.03669724770642202
1 0.48879837067209775 0.21712538226299694 0.02240325865580448 0.019877675840978593
1 0.4989816700610998 0.07951070336391437 0.019348268839103868 0.04128440366972477
1 0.5010183299389002 0.1559633027522936 0.019348268839103868 0.04128440366972477
1 0.4287169042769857 0.24311926605504589 0.008146639511201629 0.021406727828746176
4 0.4429735234215886 0.29204892966360857 0.009164969450101833 0.021406727828746176
4 0.45723014256619143 0.06116207951070336 0.009164969450101833 0.021406727828746176
1 0.3869653767820774 0.0856269113149847 0.008146639511201629 0.021406727828746176
1 0.3879837067209776 0.035168195718654434 0.008146639511201629 0.021406727828746176
0 0.3788187372708758 0.3073394495412844 0.038696537678207736 0.0581039755351682
0 0.31160896130346233 0.06804281345565749 0.09979633401221996 0.13302752293577982
1 0.17006109979633402 0.2018348623853211 0.016293279022403257 0.013761467889908258
1 0.35234215885947046 0.1620795107033639 0.016293279022403257 0.013761467889908258
1 0.3034623217922607 0.1620795107033639 0.016293279022403257 0.013761467889908258
1 0.2668024439918534 0.1636085626911315 0.016293279022403257 0.013761467889908258
1 0.20366598778004075 0.03058103975535168 0.016293279022403257 0.013761467889908258
1 0.1975560081466395 0.12691131498470948 0.016293279022403257 0.013761467889908258
1 0.08961303462321792 0.25535168195718655 0.0274949083503055 0.03058103975535168
1 0.23421588594704684 0.1162079510703364 0.009164969450101833 0.021406727828746176
1 0.04276985743380855 0.17889908256880735 0.009164969450101833 0.021406727828746176
1 0.12932790224032586 0.17737003058103976 0.009164969450101833 0.021406727828746176
1 0.1446028513238289 0.17737003058103976 0.009164969450101833 0.021406727828746176
1 0.09979633401221996 0.17737003058103976 0.009164969450101833 0.021406727828746176
1 0.11405295315682282 0.17737003058103976 0.009164969450101833 0.021406727828746176
1 0.0025458248472505093 0.1720183486238532 0.003054989816700611 0.022935779816513763
1 0.07535641547861507 0.1926605504587156 0.009164969450101833 0.021406727828746176
1 0.08859470468431772 0.191131498470948 0.009164969450101833 0.021406727828746176
1 0.1975560081466395 0.09327217125382263 0.016293279022403257 0.013761467889908258
4 0.4480651731160896 0.25076452599388377 0.015274949083503055 0.013761467889908258
4 0.17006109979633402 0.1620795107033639 0.015274949083503055 0.013761467889908258
4 0.20366598778004075 0.012232415902140673 0.015274949083503055 0.013761467889908258
4 0.17006109979633402 0.1834862385321101 0.015274949083503055 0.013761467889908258
1 0.015274949083503055 0.44648318042813456 0.018329938900203666 0.04434250764525994
1 0.006109979633401222 0.23853211009174313 0.010183299389002037 0.01529051987767584
3 0.024439918533604887 0.34785932721712537 0.04684317718940937 0.0963302752293578