4 0.534375 0.19435736677115986 0.015625 0.014106583072100314
0 0.4984375 0.009404388714733543 0.06770833333333333 0.018808777429467086
0 0.6947916666666667 0.011755485893416929 0.10208333333333333 0.023510971786833857
1 0.725 0.12225705329153605 0.016666666666666666 0.014106583072100314
1 0.928125 0.19122257053291536 0.016666666666666666 0.014106583072100314
1 0.8208333333333333 0.048589341692789965 0.009375 0.0219435736677116
1 0.7729166666666667 0.0438871473354232 0.009375 0.0219435736677116
4 0.915625 0.22570532915360503 0.009375 0.0219435736677116
1 0.728125 0.050156739811912224 0.016666666666666666 0.014106583072100314
1 0.665625 0.048589341692789965 0.016666666666666666 0.014106583072100314
1 0.6458333333333334 0.10188087774294671 0.016666666666666666 0.014106583072100314
1 0.8166666666666667 0.11755485893416928 0.016666666666666666 0.014106583072100314
1 0.8302083333333333 0.13949843260188088 0.016666666666666666 0.014106583072100314
1 0.8447916666666667 0.11755485893416928 0.016666666666666666 0.014106583072100314
1 0.903125 0.1238244514106583 0.016666666666666666 0.014106583072100314
1 0.9291666666666667 0.14576802507836992 0.016666666666666666 0.014106583072100314
1 0.9291666666666667 0.16927899686520376 0.016666666666666666 0.014106583072100314
1 0.9104166666666667 0.2711598746081505 0.028125 0.03134796238244514
1 0.9927083333333333 0.16614420062695925 0.0125 0.01567398119122257
1 0.9927083333333333 0.1896551724137931 0.0125 0.01567398119122257
1 0.8885416666666667 0.19122257053291536 0.016666666666666666 0.014106583072100314
1 0.8895833333333333 0.14576802507836992 0.016666666666666666 0.014106583072100314
1 0.8895833333333333 0.1677115987460815 0.016666666666666666 0.014106583072100314
1 0.9921875 0.2115987460815047 0.013541666666666667 0.01567398119122257
1 0.8604166666666667 0.2727272727272727 0.028125 0.03134796238244514
1 0.46875 0.21630094043887146 0.042708333333333334 0.03605015673981191
1 0.6395833333333333 0.2084639498432602 0.042708333333333334 0.03605015673981191
1 0.46875 0.1724137931034483 0.042708333333333334 0.03605015673981191
1 0.6104166666666667 0.3056426332288401 0.019791666666666666 0.04075235109717868
1 0.9885416666666667 0.3056426332288401 0.019791666666666666 0.04075235109717868
1 0.575 0.26332288401253917 0.009375 0.023510971786833857
1 0.5666666666666667 0.3432601880877743 0.022916666666666665 0.06426332288401254
1 0.7010416666666667 0.38087774294670845 0.015625 0.014106583072100314
4 0.5864583333333333 0.27586206896551724 0.009375 0.0219435736677116
0 0.534375 0.2413793103448276 0.040625 0.05956112852664577
0 0.6677083333333333 0.32445141065830724 0.040625 0.05956112852664577
4 0.628125 0.3056426332288401 0.009375 0.0219435736677116
1 0.9458333333333333 0.3605015673981191 0.009375 0.0219435736677116
1 0.9114583333333334 0.3714733542319749 0.009375 0.0219435736677116
1 0.8760416666666667 0.36990595611285265 0.009375 0.0219435736677116
1 0.8635416666666667 0.3714733542319749 0.009375 0.0219435736677116
1 0.9239583333333333 0.36990595611285265 0.009375 0.0219435736677116
4 0.9973958333333334 0.2468652037617555 0.003125 0.023510971786833857
4 0.8770833333333333 0.22727272727272727 0.009375 0.0219435736677116
3 0.8947916666666667 0.22727272727272727 0.0125 0.03134796238244514
3 0.93125 0.22570532915360503 0.0125 0.03134796238244514
3 0.9864583333333333 0.24608150470219436 0.0125 0.03134796238244514