4 0.8228105906313645 0.3363914373088685 0.009164969450101833 0.021406727828746176
1 0.8655804480651731 0.3256880733944954 0.016293279022403257 0.013761467889908258
1 0.9501018329938901 0.37003058103975534 0.016293279022403257 0.013761467889908258
1 0.9236252545824847 0.26605504587155965 0.016293279022403257 0.013761467889908258
1 0.9877800407331976 0.13761467889908258 0.016293279022403257 0.013761467889908258
1 0.9887983706720977 0.10397553516819572 0.016293279022403257 0.013761467889908258
1 0.9714867617107943 0.021406727828746176 0.016293279022403257 0.013761467889908258
4 0.9714867617107943 0.006880733944954129 0.016293279022403257 0.010703363914373088
4 0.9765784114052953 0.06574923547400612 0.015274949083503055 0.013761467889908258
4 0.9735234215885947 0.48623853211009177 0.015274949083503055 0.013761467889908258
4 0.8167006109979633 0.011467889908256881 0.010183299389002037 0.019877675840978593
4 0.9256619144602851 0.41743119266055045 0.009164969450101833 0.021406727828746176
4 0.9042769857433809 0.2782874617737003 0.009164969450101833 0.021406727828746176
4 0.6028513238289206 0.3149847094801223 0.015274949083503055 0.013761467889908258
4 0.994908350305499 0.4877675840978593 0.008146639511201629 0.01834862385321101
4 0.945010183299389 0.27675840978593275 0.009164969450101833 0.021406727828746176
1 0.929735234215886 0.4740061162079511 0.013238289205702648 0.03363914373088685
1 0.9521384928716904 0.3409785932721712 0.04175152749490835 0.035168195718654434
1 0.769857433808554 0.3547400611620795 0.019348268839103868 0.039755351681957186
1 0.8869653767820774 0.2706422018348624 0.019348268839103868 0.039755351681957186
1 0.8024439918533605 0.3486238532110092 0.012219959266802444 0.03211009174311927
1 0.7881873727087576 0.3470948012232416 0.008146639511201629 0.022935779816513763
1 0.9114052953156823 0.05504587155963303 0.029531568228105907 0.03058103975535168
1 0.9114052953156823 0.019877675840978593 0.0274949083503055 0.02599388379204893
1 0.8503054989816701 0.039755351681957186 0.018329938900203666 0.04128440366972477
1 0.8686354378818737 0.045871559633027525 0.008146639511201629 0.021406727828746176
1 0.5590631364562119 0.04281345565749235 0.019348268839103868 0.06116207951070336
1 0.6069246435845214 0.0382262996941896 0.019348268839103868 0.06116207951070336
1 0.6272912423625254 0.13608562691131498 0.019348268839103868 0.06116207951070336
1 0.8309572301425662 0.010703363914373088 0.009164969450101833 0.019877675840978593
1 0.560081466395112 0.21100917431192662 0.04276985743380855 0.03363914373088685
1 0.560081466395112 0.12844036697247707 0.04276985743380855 0.03363914373088685
1 0.560081466395112 0.16819571865443425 0.04276985743380855 0.03363914373088685
1 0.6008146639511202 0.24464831804281345 0.023421588594704685 0.01834862385321101
1 0.6028513238289206 0.2691131498470948 0.015274949083503055 0.013761467889908258
1 0.6374745417515275 0.21559633027522937 0.009164969450101833 0.022935779816513763
1 0.6089613034623218 0.20489296636085627 0.012219959266802444 0.03363914373088685
1 0.7988798370672098 0.0045871559633027525 0.019348268839103868 0.0061162079510703364
1 0.6313645621181263 0.027522935779816515 0.017311608961303463 0.039755351681957186
4 0.6425661914460286 0.3470948012232416 0.009164969450101833 0.022935779816513763
4 0.6242362525458248 0.20489296636085627 0.009164969450101833 0.022935779816513763
1 0.7484725050916496 0.3532110091743119 0.012219959266802444 0.03211009174311927
1 0.7668024439918534 0.43730886850152906 0.04276985743380855 0.035168195718654434
1 0.7342158859470469 0.3532110091743119 0.009164969450101833 0.021406727828746176
1 0.7209775967413442 0.3532110091743119 0.009164969450101833 0.022935779816513763
1 0.6629327902240326 0.3470948012232416 0.012219959266802444 0.03363914373088685
1 0.6802443991853361 0.3486238532110092 0.012219959266802444 0.03363914373088685
1 0.6293279022403259 0.3486238532110092 0.009164969450101833 0.019877675840978593
1 0.6456211812627292 0.28440366972477066 0.009164969450101833 0.019877675840978593
4 0.6965376782077393 0.35015290519877673 0.009164969450101833 0.022935779816513763
4 0.924643584521385 0.2492354740061162 0.015274949083503055 0.013761467889908258
4 0.6313645621181263 0.3149847094801223 0.015274949083503055 0.013761467889908258
4 0.8533604887983707 0.2492354740061162 0.009164969450101833 0.021406727828746176
0 0.7494908350305499 0.1620795107033639 0.12423625254582485 0.1834862385321101
3 0.8757637474541752 0.42813455657492355 0.05702647657841141 0.09174311926605505
3 0.9256619144602851 0.1712538226299694 0.059063136456211814 0.09480122324159021
0 0.9725050916496945 0.42201834862385323 0.038696537678207736 0.07186544342507645