1 0.9806517311608961 0.9388379204892966 0.016293279022403257 0.013761467889908258
1 0.980142566191446 0.9938837920489296 0.019348268839103868 0.009174311926605505
1 0.9806517311608961 0.9770642201834863 0.016293279022403257 0.013761467889908258
4 0.9124236252545825 0.9908256880733946 0.015274949083503055 0.013761467889908258
1 0.9490835030549898 0.8363914373088684 0.016293279022403257 0.013761467889908258
1 0.9480651731160896 0.8547400611620795 0.016293279022403257 0.013761467889908258
1 0.9816700610997964 0.8623853211009175 0.016293279022403257 0.013761467889908258
1 0.9816700610997964 0.8302752293577982 0.016293279022403257 0.013761467889908258
1 0.9531568228105907 0.7339449541284404 0.019348268839103868 0.039755351681957186
4 0.9429735234215886 0.8042813455657493 0.009164969450101833 0.021406727828746176
3 0.9582484725050916 0.8027522935779816 0.012219959266802444 0.03058103975535168
1 0.9908350305498982 0.7553516819571865 0.014256619144602852 0.012232415902140673
3 0.7484725050916496 0.72782874617737 0.016293279022403257 0.03669724770642202
4 0.7219959266802444 0.5749235474006116 0.009164969450101833 0.021406727828746176
4 0.554989816700611 0.9831804281345565 0.015274949083503055 0.013761467889908258
4 0.9582484725050916 0.6483180428134556 0.009164969450101833 0.021406727828746176
4 0.7830957230142567 0.5397553516819572 0.009164969450101833 0.021406727828746176
4 0.5896130346232179 0.7614678899082569 0.009164969450101833 0.021406727828746176
4 0.7331975560081466 0.5749235474006116 0.009164969450101833 0.021406727828746176
4 0.6221995926680245 0.8134556574923547 0.009164969450101833 0.021406727828746176
4 0.5957230142566191 0.6636085626911316 0.009164969450101833 0.021406727828746176
4 0.6109979633401222 0.6636085626911316 0.009164969450101833 0.021406727828746176
4 0.6038696537678208 0.7614678899082569 0.009164969450101833 0.021406727828746176
4 0.5733197556008147 0.7828746177370031 0.009164969450101833 0.021406727828746176
4 0.7841140529531568 0.6284403669724771 0.015274949083503055 0.013761467889908258
4 0.5875763747454175 0.9617737003058104 0.015274949083503055 0.013761467889908258
1 0.7627291242362525 0.5886850152905199 0.009164969450101833 0.022935779816513763
1 0.7963340122199593 0.5382262996941896 0.009164969450101833 0.022935779816513763
1 0.544806517311609 0.8562691131498471 0.009164969450101833 0.022935779816513763
1 0.7790224032586558 0.5886850152905199 0.009164969450101833 0.022935779816513763
1 0.5254582484725051 0.8547400611620795 0.014256619144602852 0.013761467889908258
1 0.7342158859470469 0.8409785932721713 0.026476578411405296 0.02599388379204893
1 0.7362525458248472 0.6605504587155964 0.028513238289205704 0.02599388379204893
1 0.7372708757637475 0.7935779816513762 0.026476578411405296 0.02599388379204893
1 0.6782077393075356 0.8058103975535168 0.04175152749490835 0.03363914373088685
4 0.7678207739307535 0.9220183486238532 0.04073319755600815 0.03363914373088685
4 0.6659877800407332 0.8944954128440367 0.04073319755600815 0.03363914373088685
1 0.7230142566191446 0.72782874617737 0.02240325865580448 0.06116207951070336
0 0.6670061099796334 0.7048929663608563 0.06313645621181263 0.07339449541284404
0 0.5865580448065173 0.8792048929663608 0.03971486761710794 0.05657492354740061
1 0.5957230142566191 0.7920489296636085 0.015274949083503055 0.013761467889908258
1 0.7270875763747454 0.8837920489296636 0.015274949083503055 0.013761467889908258
1 0.7270875763747454 0.900611620795107 0.015274949083503055 0.013761467889908258
1 0.6965376782077393 0.9824159021406728 0.02240325865580448 0.03211009174311927
1 0.6680244399185336 0.9824159021406728 0.02240325865580448 0.03211009174311927
1 0.7443991853360489 0.9847094801223242 0.02240325865580448 0.027522935779816515
1 0.554989816700611 0.9617737003058104 0.015274949083503055 0.013761467889908258
4 0.829938900203666 0.9969418960244648 0.012219959266802444 0.0030581039755351682
4 0.7184317718940937 0.9892966360856269 0.01120162932790224 0.01834862385321101
4 0.7830957230142567 0.9831804281345565 0.009164969450101833 0.022935779816513763
4 0.8182281059063137 0.9915902140672783 0.01120162932790224 0.013761467889908258
0 0.9862525458248472 0.7064220183486238 0.025458248472505093 0.06116207951070336
3 0.6670061099796334 0.5672782874617737 0.059063136456211814 0.09480122324159021