4 0.17578125 0.3460410557184751 0.0087890625 0.020527859237536656
1 0.134765625 0.3357771260997067 0.015625 0.013196480938416423
1 0.0537109375 0.3782991202346041 0.015625 0.013196480938416423
1 0.0791015625 0.2785923753665689 0.015625 0.013196480938416423
1 0.017578125 0.15542521994134897 0.015625 0.013196480938416423
1 0.0166015625 0.12316715542521994 0.015625 0.013196480938416423
1 0.033203125 0.04398826979472141 0.015625 0.013196480938416423
1 0.0263671875 0.011730205278592375 0.015625 0.013196480938416423
4 0.033203125 0.02785923753665689 0.0146484375 0.013196480938416423
4 0.0283203125 0.08651026392961877 0.0146484375 0.013196480938416423
4 0.03125 0.4897360703812317 0.0146484375 0.013196480938416423
4 0.1171875 0.011730205278592375 0.0146484375 0.013196480938416423
4 0.181640625 0.03372434017595308 0.0087890625 0.020527859237536656
4 0.0771484375 0.4237536656891496 0.0087890625 0.020527859237536656
4 0.0009765625 0.17228739002932553 0.001953125 0.021994134897360705
4 0.09765625 0.2903225806451613 0.0087890625 0.020527859237536656
4 0.38671875 0.3255131964809384 0.0146484375 0.013196480938416423
4 0.0068359375 0.4912023460410557 0.013671875 0.01466275659824047
4 0.05859375 0.28885630498533726 0.0087890625 0.020527859237536656
1 0.0732421875 0.4780058651026393 0.0126953125 0.03225806451612903
1 0.0517578125 0.35043988269794724 0.0400390625 0.03372434017595308
1 0.2265625 0.36363636363636365 0.0185546875 0.03812316715542522
1 0.1142578125 0.2829912023460411 0.0185546875 0.03812316715542522
1 0.1953125 0.35777126099706746 0.01171875 0.030791788856304986
1 0.208984375 0.3563049853372434 0.0078125 0.021994134897360705
1 0.0908203125 0.07624633431085044 0.0283203125 0.02932551319648094
1 0.0908203125 0.04252199413489736 0.0263671875 0.024926686217008796
1 0.1494140625 0.06158357771260997 0.017578125 0.039589442815249266
1 0.1318359375 0.06744868035190615 0.0078125 0.020527859237536656
1 0.4287109375 0.06451612903225806 0.0185546875 0.05865102639296188
1 0.296875 0.006598240469208211 0.01953125 0.010263929618768328
1 0.32421875 0.006598240469208211 0.01953125 0.010263929618768328
1 0.2509765625 0.008797653958944282 0.01953125 0.01466275659824047
1 0.3828125 0.060117302052785926 0.0185546875 0.05865102639296188
1 0.36328125 0.15395894428152493 0.0185546875 0.05865102639296188
1 0.22900390625 0.015395894428152493 0.0126953125 0.02785923753665689
1 0.16796875 0.03372434017595308 0.0087890625 0.01906158357771261
1 0.427734375 0.22580645161290322 0.041015625 0.03225806451612903
1 0.427734375 0.1466275659824047 0.041015625 0.03225806451612903
1 0.427734375 0.18475073313782991 0.041015625 0.03225806451612903
1 0.388671875 0.25806451612903225 0.0224609375 0.017595307917888565
1 0.38671875 0.28152492668621704 0.0146484375 0.013196480938416423
1 0.353515625 0.23020527859237536 0.0087890625 0.021994134897360705
1 0.380859375 0.21994134897360704 0.01171875 0.03225806451612903
1 0.1982421875 0.016129032258064516 0.017578125 0.02932551319648094
1 0.359375 0.04985337243401759 0.0166015625 0.03812316715542522
4 0.1689453125 0.0021994134897360706 0.009765625 0.001466275659824047
4 0.3486328125 0.3563049853372434 0.0087890625 0.021994134897360705
4 0.3662109375 0.21994134897360704 0.0087890625 0.021994134897360705
1 0.2470703125 0.3621700879765396 0.01171875 0.030791788856304986
1 0.2294921875 0.44281524926686217 0.041015625 0.03372434017595308
1 0.2607421875 0.3621700879765396 0.0087890625 0.020527859237536656
1 0.2734375 0.3621700879765396 0.0087890625 0.021994134897360705
1 0.3291015625 0.3563049853372434 0.01171875 0.03225806451612903
1 0.3125 0.35777126099706746 0.01171875 0.03225806451612903
1 0.361328125 0.35777126099706746 0.0087890625 0.01906158357771261
1 0.345703125 0.2961876832844575 0.0087890625 0.01906158357771261
4 0.296875 0.3592375366568915 0.0087890625 0.021994134897360705
4 0.078125 0.2624633431085044 0.0146484375 0.013196480938416423
4 0.359375 0.3255131964809384 0.0146484375 0.013196480938416423
4 0.146484375 0.2624633431085044 0.0087890625 0.020527859237536656
0 0.24609375 0.17888563049853373 0.119140625 0.17595307917888564
3 0.125 0.4340175953079179 0.0546875 0.08797653958944282
3 0.0771484375 0.187683284457478 0.056640625 0.09090909090909091
0 0.0322265625 0.4281524926686217 0.037109375 0.0689149560117302