1 0.0244140625 0.9237536656891495 0.015625 0.013196480938416423
1 0.025390625 0.9794721407624634 0.0166015625 0.013196480938416423
1 0.0244140625 0.9604105571847508 0.015625 0.013196480938416423
4 0.08984375 0.9736070381231672 0.0146484375 0.013196480938416423
4 0.11767578125 0.9926686217008798 0.0166015625 0.011730205278592375
1 0.0546875 0.8255131964809385 0.015625 0.013196480938416423
1 0.0556640625 0.843108504398827 0.015625 0.013196480938416423
1 0.0234375 0.8504398826979472 0.015625 0.013196480938416423
1 0.0234375 0.8196480938416423 0.015625 0.013196480938416423
1 0.05078125 0.7272727272727273 0.0185546875 0.03812316715542522
4 0.060546875 0.7947214076246334 0.0087890625 0.020527859237536656
3 0.0458984375 0.7932551319648093 0.01171875 0.02932551319648094
1 0.0146484375 0.7478005865102639 0.013671875 0.011730205278592375
3 0.2470703125 0.7214076246334311 0.015625 0.03519061583577713
4 0.2724609375 0.5747800586510264 0.0087890625 0.020527859237536656
4 0.4326171875 0.966275659824047 0.0146484375 0.013196480938416423
4 0.0458984375 0.6451612903225806 0.0087890625 0.020527859237536656
4 0.2138671875 0.5410557184750733 0.0087890625 0.020527859237536656
4 0.3994140625 0.7536656891495601 0.0087890625 0.020527859237536656
4 0.26171875 0.5747800586510264 0.0087890625 0.020527859237536656
4 0.3681640625 0.8035190615835777 0.0087890625 0.020527859237536656
4 0.3935546875 0.6598240469208211 0.0087890625 0.020527859237536656
4 0.37890625 0.6598240469208211 0.0087890625 0.020527859237536656
4 0.3857421875 0.7536656891495601 0.0087890625 0.020527859237536656
4 0.4150390625 0.7741935483870968 0.0087890625 0.020527859237536656
4 0.212890625 0.626099706744868 0.0146484375 0.013196480938416423
4 0.4013671875 0.9457478005865103 0.0146484375 0.013196480938416423
1 0.2333984375 0.5879765395894428 0.0087890625 0.021994134897360705
1 0.201171875 0.5395894428152492 0.0087890625 0.021994134897360705
1 0.4423828125 0.844574780058651 0.0087890625 0.021994134897360705
1 0.2177734375 0.5879765395894428 0.0087890625 0.021994134897360705
1 0.4609375 0.843108504398827 0.013671875 0.013196480938416423
1 0.2607421875 0.8299120234604106 0.025390625 0.024926686217008796
1 0.2587890625 0.656891495601173 0.02734375 0.024926686217008796
1 0.2578125 0.7844574780058651 0.025390625 0.024926686217008796
1 0.314453125 0.7961876832844574 0.0400390625 0.03225806451612903
4 0.228515625 0.907624633431085 0.0390625 0.03225806451612903
4 0.326171875 0.8812316715542522 0.0390625 0.03225806451612903
1 0.271484375 0.7214076246334311 0.021484375 0.05865102639296188
0 0.3251953125 0.6994134897360704 0.060546875 0.07038123167155426
0 0.40234375 0.8665689149560117 0.0380859375 0.054252199413489736
1 0.3935546875 0.782991202346041 0.0146484375 0.013196480938416423
1 0.267578125 0.8709677419354839 0.0146484375 0.013196480938416423
1 0.267578125 0.8870967741935484 0.0146484375 0.013196480938416423
1 0.29736328125 0.9750733137829912 0.0205078125 0.0469208211143695
1 0.32470703125 0.9750733137829912 0.0205078125 0.0469208211143695
1 0.25146484375 0.9772727272727273 0.0205078125 0.04252199413489736
1 0.4326171875 0.9457478005865103 0.0146484375 0.013196480938416423
1 0.2294921875 0.9978005865102639 0.013671875 0.001466275659824047
1 0.19873046875 0.9948680351906158 0.0185546875 0.007331378299120235
4 0.16943359375 0.9890029325513197 0.0107421875 0.01906158357771261
4 0.2763671875 0.9750733137829912 0.0087890625 0.021994134897360705
4 0.2138671875 0.966275659824047 0.0087890625 0.021994134897360705
4 0.1806640625 0.9794721407624634 0.0087890625 0.021994134897360705
0 0.01513671875 0.7008797653958945 0.0302734375 0.05571847507331378
3 0.3251953125 0.5674486803519062 0.056640625 0.09090909090909091