1 0.4109014675052411 0.5880503144654088 0.025157232704402517 0.020440251572327043
1 0.2882599580712788 0.5849056603773585 0.025157232704402517 0.020440251572327043
0 0.10639412997903563 0.13364779874213836 0.21278825995807127 0.2641509433962264
4 0.2777777777777778 0.16981132075471697 0.02620545073375262 0.0220125786163522
4 0.2358490566037736 0.35377358490566035 0.02620545073375262 0.02358490566037736
4 0.006289308176100629 0.4559748427672956 0.012578616352201259 0.040880503144654086
4 0.03249475890985325 0.45754716981132076 0.015723270440251572 0.03930817610062893
4 0.06289308176100629 0.45754716981132076 0.014675052410901468 0.03773584905660377
4 0.09119496855345911 0.45754716981132076 0.014675052410901468 0.03930817610062893
4 0.40985324947589097 0.5424528301886793 0.027253668763102725 0.020440251572327043
4 0.2882599580712788 0.5424528301886793 0.027253668763102725 0.020440251572327043
2 0.29245283018867924 0.35377358490566035 0.03459119496855346 0.031446540880503145