2 0.3448616600790514 0.5875370919881305 0.021739130434782608 0.05489614243323442
2 0.40711462450592883 0.586053412462908 0.021739130434782608 0.05489614243323442
2 0.7203557312252964 0.5845697329376854 0.021739130434782608 0.05489614243323442
2 0.7865612648221344 0.5830860534124629 0.021739130434782608 0.05489614243323442
2 0.5948616600790514 0.5830860534124629 0.021739130434782608 0.05489614243323442
2 0.658102766798419 0.5830860534124629 0.021739130434782608 0.05489614243323442
2 0.47035573122529645 0.5845697329376854 0.021739130434782608 0.05489614243323442
2 0.532608695652174 0.5845697329376854 0.021739130434782608 0.05489614243323442
0 0.8735177865612648 0.9176557863501483 0.2509881422924901 0.16172106824925817
4 0.49407114624505927 0.7047477744807121 0.04743083003952569 0.03412462908011869
4 0.5810276679841897 0.7032640949554896 0.04743083003952569 0.03412462908011869