1 0.5612648221343873 0.5489614243323442 0.023715415019762844 0.019287833827893175
1 0.6768774703557312 0.5459940652818991 0.023715415019762844 0.019287833827893175
0 0.8735177865612648 0.12388724035608309 0.2509881422924901 0.24480712166172106
4 0.6867588932806324 0.1543026706231454 0.024703557312252964 0.020771513353115726
4 0.7262845849802372 0.327893175074184 0.024703557312252964 0.02225519287833828
4 0.9446640316205533 0.42433234421364985 0.014822134387351778 0.037091988130563795
4 0.9179841897233202 0.4258160237388724 0.014822134387351778 0.037091988130563795
4 0.8893280632411067 0.4258160237388724 0.01383399209486166 0.03560830860534125
4 0.9955533596837944 0.4258160237388724 0.00691699604743083 0.04154302670623145
4 0.9733201581027668 0.42433234421364985 0.01383399209486166 0.03560830860534125
4 0.8626482213438735 0.4258160237388724 0.01383399209486166 0.037091988130563795
4 0.5622529644268774 0.5059347181008902 0.025691699604743084 0.019287833827893175
4 0.6768774703557312 0.5059347181008902 0.025691699604743084 0.019287833827893175
2 0.6729249011857708 0.327893175074184 0.03260869565217391 0.02967359050445104