1 0.5899209486166008 0.8738872403560831 0.023715415019762844 0.019287833827893175
1 0.5385375494071146 0.8753709198813057 0.024703557312252964 0.02225519287833828
0 0.009387351778656126 0.9176557863501483 0.016798418972332016 0.16172106824925817
4 0.3784584980237154 0.9391691394658753 0.01383399209486166 0.03560830860534125
4 0.18181818181818182 0.9124629080118695 0.04743083003952569 0.037091988130563795
4 0.24110671936758893 0.9124629080118695 0.04743083003952569 0.037091988130563795
4 0.4426877470355731 0.516320474777448 0.024703557312252964 0.02225519287833828
4 0.036561264822134384 0.7729970326409495 0.023715415019762844 0.020771513353115726
5 0.5652173913043478 0.9510385756676558 0.1482213438735178 0.09495548961424333
5 0.22924901185770752 0.5 0.041501976284584984 0.02967359050445104
5 0.4980237154150198 0.49851632047477745 0.041501976284584984 0.02967359050445104
5 0.36264822134387353 0.4970326409495549 0.041501976284584984 0.02967359050445104