1 0.5912698412698413 0.8865671641791045 0.023809523809523808 0.019402985074626865
1 0.5396825396825397 0.8880597014925373 0.0248015873015873 0.022388059701492536
0 0.008928571428571428 0.9238805970149254 0.015873015873015872 0.14925373134328357
4 0.37896825396825395 0.9522388059701492 0.013888888888888888 0.03582089552238806
4 0.18154761904761904 0.9253731343283582 0.047619047619047616 0.03731343283582089
4 0.24107142857142858 0.9253731343283582 0.047619047619047616 0.03731343283582089
4 0.44345238095238093 0.5268656716417911 0.0248015873015873 0.022388059701492536
4 0.03571428571428571 0.7850746268656716 0.023809523809523808 0.020895522388059702
5 0.566468253968254 0.9567164179104478 0.15079365079365079 0.08358208955223881
5 0.22916666666666666 0.5104477611940299 0.041666666666666664 0.029850746268656716
5 0.4990079365079365 0.508955223880597 0.041666666666666664 0.029850746268656716
5 0.3630952380952381 0.5074626865671642 0.041666666666666664 0.029850746268656716