1 0.3805031446540881 0.9323899371069182 0.025157232704402517 0.020440251572327043
1 0.4350104821802935 0.9339622641509434 0.02620545073375262 0.02358490566037736
0 0.9942348008385744 0.9457547169811321 0.011530398322851153 0.10534591194968554
4 0.6058700209643606 0.9897798742138365 0.016771488469601678 0.01729559748427673
4 0.8134171907756813 0.9732704402515723 0.050314465408805034 0.03930817610062893
4 0.750524109014675 0.9732704402515723 0.050314465408805034 0.03930817610062893
4 0.5366876310272537 0.5534591194968553 0.02620545073375262 0.02358490566037736
4 0.9675052410901468 0.8254716981132075 0.025157232704402517 0.0220125786163522
5 0.4077568134171908 0.9803459119496856 0.15932914046121593 0.036163522012578615
5 0.7631027253668763 0.5361635220125787 0.0440251572327044 0.031446540880503145
5 0.4779874213836478 0.5345911949685535 0.0440251572327044 0.031446540880503145
5 0.6215932914046122 0.5330188679245284 0.0440251572327044 0.031446540880503145