4 0.4228515625 0.5190615835777126 0.0234375 0.0718475073313783
0 0.1298828125 0.5190615835777126 0.0546875 0.18035190615835778
1 0.5029296875 0.4032258064516129 0.0205078125 0.045454545454545456
1 0.2353515625 0.01466275659824047 0.021484375 0.02932551319648094
1 0.173828125 0.13636363636363635 0.0205078125 0.045454545454545456
1 0.05859375 0.20821114369501467 0.0205078125 0.045454545454545456
1 0.3017578125 0.5630498533724341 0.0283203125 0.02932551319648094
1 0.384765625 0.06304985337243402 0.0283203125 0.02932551319648094
1 0.49609375 0.1348973607038123 0.0283203125 0.02932551319648094
1 0.064453125 0.016129032258064516 0.0283203125 0.02932551319648094
1 0.083984375 0.40175953079178883 0.0283203125 0.02932551319648094
1 0.1513671875 0.39882697947214074 0.0283203125 0.02932551319648094
4 0.236328125 0.5689149560117303 0.03125 0.02932551319648094
4 0.3203125 0.013929618768328446 0.048828125 0.02785923753665689
4 0.451171875 0.39882697947214074 0.03125 0.02932551319648094
0 0.00732421875 0.10263929618768329 0.0146484375 0.18181818181818182
0 0.4716796875 0.2565982404692082 0.0546875 0.18035190615835778
0 0.48095703125 0.050586510263929615 0.0556640625 0.10117302052785923
0 0.00390625 0.5212609970674487 0.0078125 0.18035190615835778
0 0.00537109375 0.3093841642228739 0.0107421875 0.18181818181818182
0 0.1337890625 0.27712609970674484 0.0546875 0.18035190615835778
0 0.3056640625 0.31085043988269795 0.1357421875 0.42961876832844575