4 0.1669921875 0.436950146627566 0.0478515625 0.036656891495601175
4 0.2314453125 0.4398826979472141 0.0478515625 0.036656891495601175
0 0.0615234375 0.501466275659824 0.095703125 0.1436950146627566
1 0.521484375 0.6217008797653959 0.0205078125 0.045454545454545456
1 0.2353515625 0.9904692082111437 0.021484375 0.016129032258064516
1 0.40625 0.8856304985337243 0.0205078125 0.045454545454545456
1 0.1220703125 0.7741935483870968 0.0205078125 0.045454545454545456
1 0.4140625 0.4809384164222874 0.0205078125 0.045454545454545456
1 0.265625 0.5557184750733137 0.0283203125 0.02932551319648094
1 0.4990234375 0.8885630498533724 0.0283203125 0.02932551319648094
4 0.3671875 0.967741935483871 0.01953125 0.04398826979472141
4 0.3203125 0.9941348973607038 0.048828125 0.008797653958944282
4 0.408203125 0.5806451612903226 0.01953125 0.04398826979472141
4 0.40625 0.6774193548387096 0.01953125 0.04398826979472141
4 0.2958984375 0.4442815249266862 0.0478515625 0.036656891495601175
4 0.359375 0.5557184750733137 0.03125 0.03225806451612903
0 0.0458984375 0.7961876832844574 0.0546875 0.18035190615835778
0 0.48095703125 0.9589442815249267 0.0556640625 0.07917888563049853
4 0.4580078125 0.626099706744868 0.0234375 0.0718475073313783
0 0.2646484375 0.7653958944281525 0.1875 0.28885630498533726