4 0.5590717299578059 0.4873417721518987 0.02531645569620253 0.07753164556962025
0 0.8755274261603375 0.4873417721518987 0.05907172995780591 0.19462025316455697
1 0.47257383966244726 0.3623417721518987 0.022151898734177215 0.0490506329113924
1 0.8280590717299579 0.07436708860759493 0.022151898734177215 0.0490506329113924
1 0.9525316455696202 0.1518987341772152 0.022151898734177215 0.0490506329113924
1 0.689873417721519 0.5348101265822784 0.03059071729957806 0.03164556962025317
1 0.6002109704641351 0.006329113924050633 0.03164556962025317 0.012658227848101266
1 0.479957805907173 0.07278481012658228 0.03059071729957806 0.03164556962025317
1 0.9251054852320675 0.36075949367088606 0.03059071729957806 0.03164556962025317
1 0.8523206751054853 0.3575949367088608 0.03059071729957806 0.03164556962025317
4 0.760548523206751 0.5411392405063291 0.03375527426160337 0.03164556962025317
4 0.5284810126582279 0.3575949367088608 0.03375527426160337 0.03164556962025317
0 0.5063291139240507 0.20411392405063292 0.05907172995780591 0.19462025316455697
0 0.4957805907172996 0.0189873417721519 0.06118143459915612 0.0379746835443038
0 0.8713080168776371 0.22626582278481014 0.05907172995780591 0.19462025316455697
0 0.6856540084388185 0.2626582278481013 0.14662447257383968 0.46360759493670883