1 0.675 0.5031347962382445 0.021875 0.045454545454545456
1 0.48854166666666665 0.30877742946708464 0.020833333333333332 0.047021943573667714
1 0.9020833333333333 0.1677115987460815 0.021875 0.045454545454545456
1 0.9010416666666666 0.28213166144200624 0.021875 0.045454545454545456
1 0.9729166666666667 0.22727272727272727 0.021875 0.045454545454545456
1 0.9880208333333333 0.5603448275862069 0.021875 0.032915360501567396
4 0.896875 0.4263322884012539 0.04791666666666667 0.03605015673981191
4 0.9697916666666667 0.3542319749216301 0.026041666666666668 0.07366771159874608
4 0.7104166666666667 0.5031347962382445 0.020833333333333332 0.047021943573667714
4 0.9010416666666666 0.5266457680250783 0.020833333333333332 0.047021943573667714
0 0.9625 0.07445141065830721 0.07291666666666667 0.14890282131661442
0 0.9848958333333333 0.47100313479623823 0.028125 0.11128526645768025
4 0.8697916666666666 0.5282131661442007 0.020833333333333332 0.047021943573667714
1 0.4864583333333333 0.12852664576802508 0.019791666666666666 0.0438871473354232
0 0.6932291666666667 0.2029780564263323 0.34270833333333334 0.4059561128526646
0 0.784375 0.512539184952978 0.10104166666666667 0.109717868338558