2 0.4583333333333333 0.5658307210031348 0.08229166666666667 0.10815047021943573
0 0.671875 0.5971786833855799 0.18125 0.18808777429467086
1 0.828125 0.44670846394984326 0.021875 0.045454545454545456
1 0.9552083333333333 0.6849529780564263 0.021875 0.045454545454545456
1 0.9447916666666667 0.5454545454545454 0.030208333333333334 0.029780564263322883
1 0.9489583333333333 0.6144200626959248 0.030208333333333334 0.029780564263322883
4 0.8270833333333333 0.5470219435736677 0.026041666666666668 0.07366771159874608
4 0.89375 0.8181818181818182 0.03854166666666667 0.06583072100313479
4 0.953125 0.7899686520376176 0.019791666666666666 0.045454545454545456
4 0.8291666666666667 0.8197492163009404 0.03854166666666667 0.06583072100313479
4 0.828125 0.6880877742946708 0.03958333333333333 0.06896551724137931
1 0.9713541666666666 0.8996865203761756 0.05520833333333333 0.10344827586206896