2 0.5375 0.5282131661442007 0.08229166666666667 0.10815047021943573
0 0.32395833333333335 0.5595611285266457 0.18125 0.18808777429467086
1 0.16770833333333332 0.4090909090909091 0.021875 0.045454545454545456
1 0.040625 0.6473354231974922 0.021875 0.045454545454545456
1 0.051041666666666666 0.5078369905956113 0.030208333333333334 0.029780564263322883
1 0.046875 0.5768025078369906 0.030208333333333334 0.029780564263322883
4 0.16875 0.5094043887147336 0.026041666666666668 0.07366771159874608
4 0.10208333333333333 0.780564263322884 0.03854166666666667 0.06583072100313479
4 0.042708333333333334 0.7523510971786834 0.019791666666666666 0.045454545454545456
4 0.16666666666666666 0.7821316614420063 0.03854166666666667 0.06583072100313479
4 0.16770833333333332 0.6504702194357367 0.03958333333333333 0.06896551724137931
0 0.0109375 0.9858934169278997 0.019791666666666666 0.025078369905956112
1 0.0265625 0.8620689655172413 0.051041666666666666 0.10344827586206896