2 0.5150214592274678 0.45483870967741935 0.08476394849785408 0.11129032258064517
0 0.29506437768240346 0.42258064516129035 0.18669527896995708 0.1935483870967742
1 0.13412017167381973 0.5774193548387097 0.022532188841201718 0.0467741935483871
1 0.008047210300429184 0.33225806451612905 0.013948497854077254 0.04838709677419355
1 0.01555793991416309 0.47580645161290325 0.028969957081545063 0.03225806451612903
1 0.013412017167381975 0.40483870967741936 0.02467811158798283 0.03225806451612903
4 0.1351931330472103 0.47419354838709676 0.02682403433476395 0.07580645161290323
4 0.06652360515021459 0.19516129032258064 0.03969957081545064 0.06774193548387097
4 0.008583690987124463 0.22419354838709676 0.015021459227467811 0.04838709677419355
4 0.13304721030042918 0.1935483870967742 0.03969957081545064 0.06774193548387097
4 0.13412017167381973 0.32903225806451614 0.0407725321888412 0.07096774193548387
1 0.008047210300429184 0.11129032258064517 0.013948497854077254 0.1064516129032258