4 0.14782608695652175 0.1895424836601307 0.02608695652173913 0.021241830065359478
4 0.04673913043478261 0.010620915032679739 0.02391304347826087 0.021241830065359478
4 0.45652173913043476 0.0457516339869281 0.02282608695652174 0.021241830065359478
4 0.042391304347826085 0.32189542483660133 0.013043478260869565 0.03594771241830065
4 0.08260869565217391 0.19607843137254902 0.013043478260869565 0.03594771241830065
1 0.013043478260869565 0.1919934640522876 0.02608695652173913 0.10620915032679738
5 0.09021739130434783 0.35784313725490197 0.06086956521739131 0.04084967320261438
1 0.33695652173913043 0.04084967320261438 0.011956521739130435 0.03431372549019608
1 0.3576086956521739 0.042483660130718956 0.013043478260869565 0.03431372549019608
1 0.2967391304347826 0.042483660130718956 0.011956521739130435 0.03431372549019608
1 0.3173913043478261 0.042483660130718956 0.014130434782608696 0.03431372549019608
1 0.1815217391304348 0.04411764705882353 0.011956521739130435 0.03431372549019608
1 0.2391304347826087 0.042483660130718956 0.013043478260869565 0.03431372549019608
1 0.2 0.042483660130718956 0.014130434782608696 0.03431372549019608
1 0.15978260869565217 0.042483660130718956 0.013043478260869565 0.03431372549019608
1 0.21956521739130436 0.042483660130718956 0.013043478260869565 0.03431372549019608
1 0.5293478260869565 0.07679738562091504 0.04456521739130435 0.04411764705882353
1 0.010869565217391304 0.08169934640522876 0.021739130434782608 0.042483660130718956
2 0.6413043478260869 0.17647058823529413 0.02826086956521739 0.08823529411764706
4 0.26521739130434785 0.20915032679738563 0.014130434782608696 0.03594771241830065
4 0.5076086956521739 0.0196078431372549 0.02282608695652174 0.021241830065359478
4 0.5391304347826087 0.015522875816993464 0.015217391304347827 0.03104575163398693
4 0.4217391304347826 0.16176470588235295 0.014130434782608696 0.03594771241830065
4 0.2847826086956522 0.20588235294117646 0.014130434782608696 0.03594771241830065