4 0.011956521739130435 0.9656862745098039 0.02282608695652174 0.021241830065359478
4 0.011956521739130435 0.9362745098039216 0.02282608695652174 0.021241830065359478
4 0.04891304347826087 0.9362745098039216 0.02282608695652174 0.021241830065359478
4 0.0891304347826087 0.9215686274509803 0.02282608695652174 0.021241830065359478
4 0.1108695652173913 0.9820261437908496 0.02282608695652174 0.021241830065359478
4 0.01141304347826087 0.8218954248366013 0.02282608695652174 0.02287581699346405
4 0.0766304347826087 0.9828431372549019 0.014130434782608696 0.03104575163398693
1 0.29782608695652174 0.803921568627451 0.011956521739130435 0.03431372549019608
1 0.043478260869565216 0.7728758169934641 0.011956521739130435 0.03431372549019608
1 0.10108695652173913 0.7745098039215687 0.011956521739130435 0.03431372549019608
1 0.043478260869565216 0.8921568627450981 0.011956521739130435 0.03431372549019608
1 0.30978260869565216 0.5898692810457516 0.011956521739130435 0.03431372549019608
1 0.18043478260869567 0.5849673202614379 0.011956521739130435 0.03431372549019608
1 0.2619565217391304 0.6781045751633987 0.013043478260869565 0.03431372549019608
1 0.2391304347826087 0.7156862745098039 0.011956521739130435 0.03431372549019608
1 0.33695652173913043 0.8022875816993464 0.013043478260869565 0.03431372549019608
1 0.3173913043478261 0.8022875816993464 0.014130434782608696 0.03431372549019608
1 0.2 0.7745098039215687 0.011956521739130435 0.03431372549019608
1 0.2391304347826087 0.7745098039215687 0.013043478260869565 0.03431372549019608
1 0.21956521739130436 0.7728758169934641 0.014130434782608696 0.03431372549019608
1 0.14130434782608695 0.9199346405228758 0.011956521739130435 0.03431372549019608
1 0.18043478260869567 0.9215686274509803 0.013043478260869565 0.03431372549019608
1 0.16195652173913044 0.9215686274509803 0.014130434782608696 0.03431372549019608
1 0.2 0.9215686274509803 0.011956521739130435 0.03431372549019608
1 0.2391304347826087 0.9199346405228758 0.013043478260869565 0.03431372549019608
1 0.21956521739130436 0.9215686274509803 0.014130434782608696 0.03431372549019608
1 0.2 0.8316993464052288 0.011956521739130435 0.03431372549019608
1 0.23804347826086958 0.8316993464052288 0.013043478260869565 0.03431372549019608
1 0.21956521739130436 0.8333333333333334 0.014130434782608696 0.03431372549019608
1 0.14130434782608695 0.8333333333333334 0.011956521739130435 0.03431372549019608
1 0.18043478260869567 0.8333333333333334 0.013043478260869565 0.03431372549019608
1 0.1608695652173913 0.8333333333333334 0.014130434782608696 0.03431372549019608
1 0.35543478260869565 0.8611111111111112 0.011956521739130435 0.03431372549019608
1 0.39565217391304347 0.8611111111111112 0.013043478260869565 0.03431372549019608
1 0.375 0.8611111111111112 0.014130434782608696 0.03431372549019608
1 0.29782608695652174 0.8611111111111112 0.011956521739130435 0.03431372549019608
1 0.3358695652173913 0.8611111111111112 0.013043478260869565 0.03431372549019608
1 0.3184782608695652 0.8611111111111112 0.014130434782608696 0.03431372549019608
1 0.3565217391304348 0.9199346405228758 0.011956521739130435 0.03431372549019608
1 0.41630434782608694 0.9215686274509803 0.013043478260869565 0.03431372549019608
1 0.3760869565217391 0.9199346405228758 0.014130434782608696 0.03431372549019608
1 0.29782608695652174 0.9199346405228758 0.011956521739130435 0.03431372549019608
1 0.33695652173913043 0.9199346405228758 0.013043478260869565 0.03431372549019608
1 0.3173913043478261 0.9199346405228758 0.014130434782608696 0.03431372549019608
1 0.39456521739130435 0.9199346405228758 0.013043478260869565 0.03431372549019608
1 0.29239130434782606 0.9803921568627451 0.03695652173913044 0.032679738562091505
1 0.16195652173913044 0.9787581699346405 0.03695652173913044 0.032679738562091505
1 0.21739130434782608 0.9803921568627451 0.03695652173913044 0.032679738562091505
1 0.2673913043478261 0.9166666666666666 0.020652173913043477 0.05392156862745098
1 0.19130434782608696 0.8774509803921569 0.02282608695652174 0.017973856209150325
1 0.4923913043478261 0.8627450980392157 0.013043478260869565 0.03758169934640523
1 0.29782608695652174 0.7450980392156863 0.013043478260869565 0.03758169934640523
1 0.4152173913043478 0.7745098039215687 0.013043478260869565 0.03758169934640523
1 0.1608695652173913 0.5833333333333334 0.011956521739130435 0.03431372549019608
1 0.40217391304347827 0.9787581699346405 0.035869565217391305 0.032679738562091505
1 0.3467391304347826 0.9787581699346405 0.035869565217391305 0.032679738562091505
1 0.325 0.5326797385620915 0.02282608695652174 0.021241830065359478
1 0.325 0.5016339869281046 0.02282608695652174 0.021241830065359478
1 0.03152173913043478 0.6339869281045751 0.02282608695652174 0.021241830065359478
1 0.03152173913043478 0.6045751633986928 0.02282608695652174 0.021241830065359478
4 0.07065217391304347 0.8398692810457516 0.02282608695652174 0.021241830065359478
4 0.39021739130434785 0.6911764705882353 0.02282608695652174 0.021241830065359478
4 0.4423913043478261 0.8333333333333334 0.02282608695652174 0.021241830065359478
4 0.44456521739130433 0.9836601307189542 0.02282608695652174 0.021241830065359478
4 0.2891304347826087 0.6830065359477124 0.02282608695652174 0.021241830065359478
4 0.5043478260869565 0.9330065359477124 0.02282608695652174 0.021241830065359478
4 0.5467391304347826 0.9820261437908496 0.02282608695652174 0.021241830065359478
4 0.6402173913043478 0.5866013071895425 0.014130434782608696 0.03594771241830065
4 0.3293478260869565 0.5915032679738562 0.014130434782608696 0.03594771241830065
4 0.5423913043478261 0.5898692810457516 0.014130434782608696 0.03594771241830065
4 0.5608695652173913 0.5882352941176471 0.014130434782608696 0.03594771241830065
4 0.5826086956521739 0.5882352941176471 0.014130434782608696 0.03594771241830065
4 0.6 0.5882352941176471 0.014130434782608696 0.03594771241830065
4 0.6206521739130435 0.5882352941176471 0.014130434782608696 0.03594771241830065
0 0.2597826086956522 0.6013071895424836 0.06739130434782609 0.07679738562091504