4 0.9449152542372882 0.014331210191082803 0.022245762711864406 0.020700636942675158
4 0.9449152542372882 0.042993630573248405 0.022245762711864406 0.020700636942675158
4 0.9088983050847458 0.042993630573248405 0.022245762711864406 0.020700636942675158
4 0.8697033898305084 0.05732484076433121 0.022245762711864406 0.020700636942675158
4 0.8485169491525424 0.005573248407643312 0.023305084745762712 0.007961783439490446
4 0.9459745762711864 0.15445859872611464 0.022245762711864406 0.020700636942675158
4 0.881885593220339 0.007165605095541401 0.013771186440677966 0.011146496815286623
1 0.6663135593220338 0.17197452229299362 0.011652542372881356 0.03343949044585987
1 0.9141949152542372 0.20222929936305734 0.011652542372881356 0.03343949044585987
1 0.8580508474576272 0.20063694267515925 0.011652542372881356 0.03343949044585987
1 0.9141949152542372 0.08598726114649681 0.011652542372881356 0.03343949044585987
1 0.6546610169491526 0.38057324840764334 0.011652542372881356 0.03343949044585987
1 0.7807203389830508 0.3853503184713376 0.011652542372881356 0.03343949044585987
1 0.701271186440678 0.2945859872611465 0.012711864406779662 0.03343949044585987
1 0.7235169491525424 0.25796178343949044 0.011652542372881356 0.03343949044585987
1 0.628177966101695 0.1735668789808917 0.012711864406779662 0.03343949044585987
1 0.6472457627118644 0.1735668789808917 0.013771186440677966 0.03343949044585987
1 0.7616525423728814 0.20063694267515925 0.011652542372881356 0.03343949044585987
1 0.7235169491525424 0.20063694267515925 0.012711864406779662 0.03343949044585987
1 0.7425847457627118 0.20222929936305734 0.013771186440677966 0.03343949044585987
1 0.8188559322033898 0.0589171974522293 0.011652542372881356 0.03343949044585987
1 0.7807203389830508 0.05732484076433121 0.012711864406779662 0.03343949044585987
1 0.798728813559322 0.05732484076433121 0.013771186440677966 0.03343949044585987
1 0.7616525423728814 0.05732484076433121 0.011652542372881356 0.03343949044585987
1 0.7235169491525424 0.0589171974522293 0.012711864406779662 0.03343949044585987
1 0.7425847457627118 0.05732484076433121 0.013771186440677966 0.03343949044585987
1 0.7616525423728814 0.1449044585987261 0.011652542372881356 0.03343949044585987
1 0.7245762711864406 0.1449044585987261 0.012711864406779662 0.03343949044585987
1 0.7425847457627118 0.14331210191082802 0.013771186440677966 0.03343949044585987
1 0.8188559322033898 0.14331210191082802 0.011652542372881356 0.03343949044585987
1 0.7807203389830508 0.14331210191082802 0.012711864406779662 0.03343949044585987
1 0.7997881355932204 0.14331210191082802 0.013771186440677966 0.03343949044585987
1 0.6101694915254238 0.11624203821656051 0.011652542372881356 0.03343949044585987
1 0.5709745762711864 0.11624203821656051 0.012711864406779662 0.03343949044585987
1 0.5911016949152542 0.11624203821656051 0.013771186440677966 0.03343949044585987
1 0.6663135593220338 0.11624203821656051 0.011652542372881356 0.03343949044585987
1 0.6292372881355932 0.11624203821656051 0.012711864406779662 0.03343949044585987
1 0.6461864406779662 0.11624203821656051 0.013771186440677966 0.03343949044585987
1 0.6091101694915254 0.0589171974522293 0.011652542372881356 0.03343949044585987
1 0.5508474576271186 0.05732484076433121 0.012711864406779662 0.03343949044585987
1 0.590042372881356 0.0589171974522293 0.013771186440677966 0.03343949044585987
1 0.6663135593220338 0.0589171974522293 0.011652542372881356 0.03343949044585987
1 0.628177966101695 0.0589171974522293 0.012711864406779662 0.03343949044585987
1 0.6472457627118644 0.0589171974522293 0.013771186440677966 0.03343949044585987
1 0.5720338983050848 0.0589171974522293 0.012711864406779662 0.03343949044585987
1 0.6710805084745762 0.00875796178343949 0.037076271186440676 0.014331210191082803
1 0.7981991525423728 0.009554140127388535 0.037076271186440676 0.01592356687898089
1 0.7441737288135594 0.00875796178343949 0.037076271186440676 0.014331210191082803
1 0.6959745762711864 0.06210191082802548 0.020127118644067795 0.052547770700636945
1 0.7701271186440678 0.10031847133757962 0.022245762711864406 0.01751592356687898
1 0.4766949152542373 0.11464968152866242 0.012711864406779662 0.03662420382165605
1 0.6663135593220338 0.22929936305732485 0.012711864406779662 0.03662420382165605
1 0.551906779661017 0.20063694267515925 0.012711864406779662 0.03662420382165605
1 0.7997881355932204 0.3869426751592357 0.011652542372881356 0.03343949044585987
1 0.5646186440677966 0.009554140127388535 0.036016949152542374 0.01592356687898089
1 0.6186440677966102 0.009554140127388535 0.036016949152542374 0.01592356687898089
1 0.6398305084745762 0.43630573248407645 0.022245762711864406 0.020700636942675158
1 0.6398305084745762 0.46656050955414013 0.022245762711864406 0.020700636942675158
1 0.965042372881356 0.2818471337579618 0.022245762711864406 0.020700636942675158
1 0.965042372881356 0.31210191082802546 0.022245762711864406 0.020700636942675158
1 0.9258474576271186 0.3375796178343949 0.022245762711864406 0.020700636942675158
1 0.9258474576271186 0.3662420382165605 0.022245762711864406 0.020700636942675158
4 0.8877118644067796 0.13694267515923567 0.022245762711864406 0.020700636942675158
4 0.576271186440678 0.2818471337579618 0.022245762711864406 0.020700636942675158
4 0.5254237288135594 0.14331210191082802 0.022245762711864406 0.020700636942675158
4 0.5233050847457628 0.004777070063694267 0.023305084745762712 0.006369426751592357
4 0.6747881355932204 0.2898089171974522 0.022245762711864406 0.020700636942675158
4 0.4650423728813559 0.04617834394904458 0.022245762711864406 0.020700636942675158
4 0.423728813559322 0.005573248407643312 0.023305084745762712 0.007961783439490446
4 0.3326271186440678 0.3837579617834395 0.013771186440677966 0.03503184713375796
4 0.635593220338983 0.37898089171974525 0.013771186440677966 0.03503184713375796
4 0.4279661016949153 0.38057324840764334 0.013771186440677966 0.03503184713375796
4 0.4099576271186441 0.3821656050955414 0.013771186440677966 0.03503184713375796
4 0.388771186440678 0.3821656050955414 0.013771186440677966 0.03503184713375796
4 0.3718220338983051 0.3821656050955414 0.013771186440677966 0.03503184713375796
4 0.3516949152542373 0.3821656050955414 0.013771186440677966 0.03503184713375796
0 0.7033898305084746 0.36942675159235666 0.06567796610169492 0.07484076433121019