3 0.5598377281947262 0.20121951219512196 0.07910750507099391 0.11890243902439024
2 0.577079107505071 0.33689024390243905 0.02535496957403651 0.08231707317073171
1 0.6217038539553753 0.022865853658536585 0.018255578093306288 0.042682926829268296
1 0.5943204868154158 0.022865853658536585 0.018255578093306288 0.042682926829268296
1 0.5669371196754563 0.022865853658536585 0.018255578093306288 0.042682926829268296
1 0.5415821501014199 0.022865853658536585 0.018255578093306288 0.042682926829268296
1 0.6217038539553753 0.0975609756097561 0.017241379310344827 0.04725609756097561
1 0.5943204868154158 0.0975609756097561 0.017241379310344827 0.04725609756097561
1 0.5669371196754563 0.0975609756097561 0.017241379310344827 0.04725609756097561
1 0.5415821501014199 0.0975609756097561 0.017241379310344827 0.04725609756097561
1 0.5172413793103449 0.027439024390243903 0.011156186612576065 0.03201219512195122
4 0.5233265720081136 0.43597560975609756 0.012170385395537525 0.03353658536585366
4 0.5060851926977687 0.4375 0.012170385395537525 0.03353658536585366
4 0.5233265720081136 0.3201219512195122 0.02028397565922921 0.021341463414634148
4 0.5243407707910751 0.34603658536585363 0.02028397565922921 0.021341463414634148