3 0.5317622950819673 0.18769230769230769 0.07991803278688525 0.12
2 0.5491803278688525 0.32461538461538464 0.025614754098360656 0.08307692307692308
1 0.5942622950819673 0.015384615384615385 0.018442622950819672 0.027692307692307693
1 0.5665983606557377 0.015384615384615385 0.018442622950819672 0.027692307692307693
1 0.5389344262295082 0.015384615384615385 0.018442622950819672 0.027692307692307693
1 0.5133196721311475 0.015384615384615385 0.018442622950819672 0.027692307692307693
1 0.5942622950819673 0.08307692307692308 0.017418032786885244 0.047692307692307694
1 0.5665983606557377 0.08307692307692308 0.017418032786885244 0.047692307692307694
1 0.5389344262295082 0.08307692307692308 0.017418032786885244 0.047692307692307694
1 0.5133196721311475 0.08307692307692308 0.017418032786885244 0.047692307692307694
1 0.4887295081967213 0.015384615384615385 0.012295081967213115 0.027692307692307693
4 0.4948770491803279 0.4246153846153846 0.012295081967213115 0.033846153846153845
4 0.4774590163934426 0.42615384615384616 0.012295081967213115 0.033846153846153845
4 0.4948770491803279 0.3076923076923077 0.020491803278688523 0.021538461538461538
4 0.4959016393442623 0.33384615384615385 0.020491803278688523 0.021538461538461538