0 0.4500998003992016 0.10179640718562874 0.07584830339321358 0.1092814371257485
3 0.09580838323353294 0.04640718562874251 0.12375249500998003 0.08982035928143713
0 0.10878243512974052 0.20359281437125748 0.11277445109780439 0.13922155688622753
3 0.06087824351297405 0.3712574850299401 0.05588822355289421 0.1062874251497006
1 0.0658682634730539 0.4655688622754491 0.031936127744510975 0.029940119760479042
0 0.37025948103792417 0.33682634730538924 0.07984031936127745 0.13622754491017963
5 0.19461077844311378 0.35778443113772457 0.03992015968063872 0.03592814371257485
5 0.3722554890219561 0.44610778443113774 0.023952095808383235 0.05688622754491018
5 0.25449101796407186 0.44610778443113774 0.023952095808383235 0.05688622754491018
5 0.24451097804391217 0.35778443113772457 0.03992015968063872 0.03592814371257485
1 0.15568862275449102 0.4535928143712575 0.038922155688622756 0.0374251497005988
1 0.42015968063872255 0.24850299401197604 0.01996007984031936 0.017964071856287425
1 0.31636726546906185 0.4236526946107784 0.01996007984031936 0.017964071856287425
4 0.31736526946107785 0.46407185628742514 0.01996007984031936 0.020958083832335328
4 0.11477045908183632 0.3772455089820359 0.012974051896207584 0.03293413173652695
1 0.41916167664670656 0.22305389221556887 0.01996007984031936 0.017964071856287425
4 0.42015968063872255 0.44011976047904194 0.012974051896207584 0.03293413173652695
4 0.20059880239520958 0.44461077844311375 0.012974051896207584 0.03293413173652695
4 0.27844311377245506 0.38622754491017963 0.012974051896207584 0.03293413173652695
4 0.2774451097804391 0.3398203592814371 0.012974051896207584 0.03293413173652695
4 0.11477045908183632 0.42065868263473055 0.012974051896207584 0.03293413173652695
4 0.15169660678642716 0.3473053892215569 0.020958083832335328 0.019461077844311378
4 0.15169660678642716 0.37425149700598803 0.020958083832335328 0.019461077844311378
1 0.1157684630738523 0.3338323353293413 0.011976047904191617 0.03143712574850299
1 0.03493013972055888 0.2245508982035928 0.010978043912175649 0.02844311377245509
4 0.03493013972055888 0.16167664670658682 0.016966067864271458 0.04640718562874251