3 0.4471057884231537 0.21407185628742514 0.07784431137724551 0.11676646706586827
2 0.4301397205588822 0.3473053892215569 0.0249500998003992 0.08083832335329341
1 0.38622754491017963 0.03592814371257485 0.016966067864271458 0.04640718562874251
1 0.41317365269461076 0.03592814371257485 0.016966067864271458 0.04640718562874251
1 0.44011976047904194 0.03592814371257485 0.016966067864271458 0.04640718562874251
1 0.46506986027944114 0.03592814371257485 0.016966067864271458 0.04640718562874251
1 0.38622754491017963 0.1122754491017964 0.016966067864271458 0.04640718562874251
1 0.41317365269461076 0.1122754491017964 0.016966067864271458 0.04640718562874251
1 0.44011976047904194 0.1122754491017964 0.016966067864271458 0.04640718562874251
1 0.46506986027944114 0.1122754491017964 0.016966067864271458 0.04640718562874251
1 0.48902195608782434 0.04341317365269461 0.010978043912175649 0.03143712574850299
4 0.48303393213572854 0.44461077844311375 0.011976047904191617 0.03293413173652695
4 0.5 0.44610778443113774 0.011976047904191617 0.03293413173652695
4 0.48303393213572854 0.33083832335329344 0.01996007984031936 0.020958083832335328
4 0.4820359281437126 0.3562874251497006 0.01996007984031936 0.020958083832335328