0 0.0638412017167382 0.9637096774193549 0.05472103004291846 0.06935483870967742
0 0.2145922746781116 0.8467741935483871 0.05257510729613734 0.17903225806451614
0 0.5547210300429185 0.8661290322580645 0.05257510729613734 0.17903225806451614
0 0.06223175965665236 0.8112903225806452 0.05257510729613734 0.17903225806451614
0 0.21030042918454936 0.6 0.05257510729613734 0.17903225806451614
0 0.3878755364806867 0.7967741935483871 0.13626609442060086 0.4032258064516129
0 0.06223175965665236 0.6016129032258064 0.05257510729613734 0.17903225806451614
4 0.5053648068669528 0.603225806451613 0.02467811158798283 0.06935483870967742
4 0.3186695278969957 0.5516129032258065 0.028969957081545063 0.02903225806451613
4 0.5311158798283262 0.7241935483870968 0.028969957081545063 0.02903225806451613
1 0.3830472103004292 0.5596774193548387 0.028969957081545063 0.02903225806451613
1 0.23390557939914164 0.717741935483871 0.028969957081545063 0.02903225806451613
1 0.16738197424892703 0.7193548387096774 0.028969957081545063 0.02903225806451613
1 0.5761802575107297 0.9854838709677419 0.030042918454935622 0.025806451612903226
1 0.5815450643776824 0.7161290322580646 0.019313304721030045 0.041935483870967745
1 0.25375536480686695 0.9798387096774194 0.0203862660944206 0.037096774193548385
1 0.14163090128755365 0.9096774193548387 0.019313304721030045 0.041935483870967745