0 0.5600858369098712 0.25483870967741934 0.05257510729613734 0.17903225806451614
0 0.12875536480686695 0.22258064516129034 0.05257510729613734 0.17903225806451614
0 0.552038626609442 0.05241935483870968 0.05472103004291846 0.10483870967741936
0 0.34227467811158796 0.25161290322580643 0.18669527896995708 0.2806451612903226
0 0.1405579399141631 0.5129032258064516 0.09120171673819742 0.1403225806451613
4 0.5332618025751072 0.39838709677419354 0.023605150214592276 0.06774193548387097
4 0.39914163090128757 0.016129032258064516 0.04721030042918455 0.03225806451612903
4 0.37339055793991416 0.5725806451612904 0.046137339055793994 0.035483870967741936
4 0.3090128755364807 0.5790322580645161 0.046137339055793994 0.035483870967741936
4 0.24678111587982832 0.5806451612903226 0.046137339055793994 0.035483870967741936
4 0.03862660944206009 0.4032258064516129 0.022532188841201718 0.06451612903225806
4 0.44742489270386265 0.054838709677419356 0.019313304721030045 0.043548387096774194
4 0.48497854077253216 0.44193548387096776 0.019313304721030045 0.043548387096774194
4 0.4334763948497854 0.4629032258064516 0.028969957081545063 0.02903225806451613
4 0.0407725321888412 0.567741935483871 0.022532188841201718 0.06451612903225806
1 0.34334763948497854 0.4629032258064516 0.028969957081545063 0.02903225806451613
1 0.5761802575107297 0.1338709677419355 0.028969957081545063 0.02903225806451613
1 0.14377682403433475 0.00967741935483871 0.030042918454935622 0.01935483870967742
1 0.490343347639485 0.5387096774193548 0.019313304721030045 0.041935483870967745
1 0.5965665236051502 0.40161290322580645 0.019313304721030045 0.041935483870967745
1 0.48497854077253216 0.1338709677419355 0.019313304721030045 0.041935483870967745
1 0.20278969957081544 0.24516129032258063 0.019313304721030045 0.041935483870967745
1 0.03648068669527897 0.06612903225806452 0.019313304721030045 0.041935483870967745
1 0.3159871244635193 0.017741935483870968 0.0203862660944206 0.035483870967741936