0 0.8244234800838575 0.046383647798742135 0.05345911949685535 0.08962264150943396
0 0.6823899371069182 0.17295597484276728 0.051362683438155136 0.17452830188679244
0 0.3490566037735849 0.15566037735849056 0.051362683438155136 0.17452830188679244
0 0.8270440251572327 0.41352201257861637 0.051362683438155136 0.17452830188679244
0 0.6844863731656184 0.4166666666666667 0.051362683438155136 0.17452830188679244
0 0.8291404612159329 0.20754716981132076 0.051362683438155136 0.17452830188679244
1 0.9853249475890985 0.2688679245283019 0.027253668763102725 0.031446540880503145
1 0.7285115303983228 0.29874213836477986 0.02830188679245283 0.029874213836477988
1 0.6624737945492662 0.300314465408805 0.02830188679245283 0.029874213836477988
1 0.5167714884696016 0.4559748427672956 0.02830188679245283 0.029874213836477988
1 0.3280922431865828 0.04245283018867924 0.02830188679245283 0.029874213836477988
1 0.3218029350104822 0.3050314465408805 0.019916142557651992 0.040880503144654086
1 0.640461215932914 0.04245283018867924 0.019916142557651992 0.040880503144654086
1 0.7515723270440252 0.11006289308176101 0.019916142557651992 0.040880503144654086
4 0.5807127882599581 0.4638364779874214 0.029350104821802937 0.02830188679245283
4 0.3710691823899371 0.29559748427672955 0.029350104821802937 0.02830188679245283
4 0.3972746331236897 0.41509433962264153 0.02410901467505241 0.06918238993710692
0 0.510482180293501 0.21226415094339623 0.1320754716981132 0.419811320754717