4 0.12103174603174603 0.3 0.03373015873015873 0.05970149253731343
4 0.12003968253968254 0.1865671641791045 0.03373015873015873 0.05970149253731343
4 0.06646825396825397 0.18507462686567164 0.03373015873015873 0.05970149253731343
1 0.12301587301587301 0.5074626865671642 0.018849206349206348 0.03880597014925373
1 0.012896825396825396 0.30597014925373134 0.018849206349206348 0.03880597014925373
1 0.021825396825396824 0.42388059701492536 0.025793650793650792 0.026865671641791045
1 0.020833333333333332 0.3656716417910448 0.025793650793650792 0.026865671641791045
4 0.013888888888888888 0.21343283582089553 0.01984126984126984 0.04029850746268657
4 0.12202380952380952 0.4208955223880597 0.023809523809523808 0.0626865671641791
0 0.25496031746031744 0.3761194029850746 0.15674603174603174 0.1701492537313433
1 0.011408730158730158 0.12238805970149254 0.020833333333333332 0.08656716417910448