1 0.002587991718426501 0.5 0.005175983436853002 0.03115264797507788
1 0.08592132505175984 0.46261682242990654 0.026915113871635612 0.028037383177570093
1 0.002070393374741201 0.5482866043613707 0.004140786749482402 0.03115264797507788
1 0.5383022774327122 0.8598130841121495 0.018633540372670808 0.040498442367601244
1 0.09937888198757763 0.7663551401869159 0.018633540372670808 0.040498442367601244
1 0.16356107660455488 0.8193146417445483 0.018633540372670808 0.040498442367601244
4 0.17080745341614906 0.5841121495327103 0.043478260869565216 0.03582554517133956
4 0.033126293995859216 0.7601246105919003 0.024844720496894408 0.06542056074766354
4 0.037267080745341616 0.6464174454828661 0.024844720496894408 0.06542056074766354
4 0.10351966873706005 0.6479750778816199 0.023809523809523808 0.06542056074766354
4 0.002587991718426501 0.5989096573208723 0.005175983436853002 0.029595015576323987
4 0.002070393374741201 0.45560747663551404 0.004140786749482402 0.029595015576323987
4 0.16873706004140787 0.49221183800623053 0.016563146997929608 0.040498442367601244
0 0.07039337474120083 0.9205607476635514 0.14078674948240166 0.1557632398753894
4 0.19772256728778467 0.4937694704049844 0.017598343685300208 0.040498442367601244
4 0.3416149068322981 0.5186915887850467 0.019668737060041408 0.04205607476635514
1 0.16666666666666666 0.7165109034267912 0.018633540372670808 0.040498442367601244
1 0.3747412008281574 0.5171339563862928 0.018633540372670808 0.040498442367601244
1 0.5403726708074534 0.6947040498442367 0.018633540372670808 0.040498442367601244
0 0.2712215320910973 0.5077881619937694 0.09006211180124224 0.09657320872274143
0 0.35455486542443065 0.8045171339563862 0.31780538302277433 0.3878504672897196
0 0.08281573498964803 0.543613707165109 0.051759834368530024 0.09813084112149532