1 0.9206349206349206 0.47313432835820896 0.025793650793650792 0.026865671641791045
1 0.4871031746031746 0.8537313432835821 0.017857142857142856 0.03880597014925373
1 0.9077380952380952 0.764179104477612 0.017857142857142856 0.03880597014925373
1 0.8462301587301587 0.8149253731343283 0.017857142857142856 0.03880597014925373
4 0.8392857142857143 0.5895522388059702 0.041666666666666664 0.034328358208955224
4 0.9712301587301587 0.7582089552238805 0.023809523809523808 0.0626865671641791
4 0.9672619047619048 0.6492537313432836 0.023809523809523808 0.0626865671641791
4 0.9037698412698413 0.6507462686567164 0.022817460317460316 0.0626865671641791
4 0.8412698412698413 0.5014925373134328 0.015873015873015872 0.03880597014925373
0 0.9340277777777778 0.917910447761194 0.12996031746031747 0.16119402985074627
4 0.8134920634920635 0.5029850746268657 0.016865079365079364 0.03880597014925373
4 0.6755952380952381 0.5268656716417911 0.018849206349206348 0.04029850746268657
1 0.8432539682539683 0.7164179104477612 0.017857142857142856 0.03880597014925373
1 0.6438492063492064 0.5253731343283582 0.017857142857142856 0.03880597014925373
1 0.4851190476190476 0.6955223880597015 0.017857142857142856 0.03880597014925373
0 0.7430555555555556 0.5164179104477612 0.08630952380952381 0.09253731343283582
0 0.6641865079365079 0.8067164179104478 0.30456349206349204 0.3835820895522388
0 0.9236111111111112 0.5507462686567164 0.0496031746031746 0.09402985074626866