1 0.6428571428571429 0.13134328358208955 0.018849206349206348 0.03880597014925373
1 0.9087301587301587 0.09850746268656717 0.018849206349206348 0.03880597014925373
1 0.9533730158730159 0.0626865671641791 0.025793650793650792 0.026865671641791045
4 0.6736111111111112 0.13432835820895522 0.016865079365079364 0.03880597014925373
0 0.9340277777777778 0.011940298507462687 0.12996031746031747 0.020895522388059702
1 0.6408730158730159 0.2746268656716418 0.05555555555555555 0.1373134328358209
1 0.9717261904761905 0.12313432835820895 0.054563492063492064 0.0880597014925373
1 0.7787698412698413 0.12388059701492538 0.018849206349206348 0.03880597014925373
1 0.7043650793650794 0.13134328358208955 0.018849206349206348 0.03880597014925373
4 0.49007936507936506 0.4059701492537313 0.018849206349206348 0.04029850746268657
4 0.49007936507936506 0.16417910447761194 0.018849206349206348 0.04029850746268657
0 0.5426587301587301 0.2880597014925373 0.10912698412698413 0.07313432835820896
3 0.5942460317460317 0.40746268656716417 0.10714285714285714 0.05522388059701493
0 0.8283730158730159 0.3522388059701492 0.24603174603174602 0.25223880597014925
0 0.6636904761904762 0.022388059701492536 0.30357142857142855 0.041791044776119404
0 0.5525793650793651 0.14029850746268657 0.08630952380952381 0.09253731343283582