0 0.11608961303462322 0.7752293577981652 0.04989816700610998 0.16972477064220184
0 0.43890020366598775 0.790519877675841 0.04989816700610998 0.16972477064220184
0 0.11303462321792261 0.5397553516819572 0.04989816700610998 0.16972477064220184
1 0.1364562118126273 0.6559633027522935 0.0274949083503055 0.0290519877675841
1 0.2780040733197556 0.5061162079510704 0.0274949083503055 0.0290519877675841
1 0.46741344195519346 0.6559633027522935 0.019348268839103868 0.039755351681957186
1 0.048879837067209775 0.8409785932721713 0.019348268839103868 0.039755351681957186
4 0.2158859470468432 0.4984709480122324 0.028513238289205704 0.027522935779816515
4 0.4195519348268839 0.6620795107033639 0.028513238289205704 0.027522935779816515
4 0.395112016293279 0.5474006116207951 0.023421588594704685 0.0672782874617737
0 0.28105906313645623 0.7400611620795107 0.12830957230142567 0.40825688073394495
0 0.4409368635437882 0.9701834862385321 0.05295315682281059 0.05657492354740061
1 0.15580448065173116 0.9097859327217125 0.019348268839103868 0.039755351681957186
1 0.07230142566191446 0.6574923547400612 0.0274949083503055 0.0290519877675841
1 0.3543788187372709 0.9831804281345565 0.0274949083503055 0.0290519877675841
1 0.4623217922606925 0.9113149847094801 0.0274949083503055 0.0290519877675841