0 0.9935129740518962 0.7260479041916168 0.010978043912175649 0.17065868263473055
0 0.8702594810379242 0.7589820359281437 0.04890219560878244 0.1661676646706587
0 0.9925149700598802 0.531437125748503 0.012974051896207584 0.17065868263473055
0 0.5538922155688623 0.7739520958083832 0.04890219560878244 0.1661676646706587
0 0.873253493013972 0.5284431137724551 0.04890219560878244 0.1661676646706587
0 0.9910179640718563 0.9161676646706587 0.015968063872255488 0.16467065868263472
1 0.8502994011976048 0.6422155688622755 0.02694610778443114 0.02844311377245509
1 0.7115768463073853 0.49550898203592814 0.02694610778443114 0.02844311377245509
1 0.5259481037924152 0.6422155688622755 0.018962075848303395 0.038922155688622756
1 0.936127744510978 0.8233532934131736 0.018962075848303395 0.038922155688622756
4 0.7724550898203593 0.4880239520958084 0.027944111776447105 0.02694610778443114
4 0.5728542914171657 0.6482035928143712 0.027944111776447105 0.02694610778443114
4 0.5968063872255489 0.5359281437125748 0.022954091816367265 0.0658682634730539
0 0.7085828343313373 0.7245508982035929 0.12574850299401197 0.3997005988023952
0 0.5528942115768463 0.9603293413173652 0.05189620758483034 0.07634730538922156
4 0.6941117764471058 0.9940119760479041 0.046906187624750496 0.008982035928143712
1 0.8313373253493014 0.8907185628742516 0.018962075848303395 0.038922155688622756
1 0.7724550898203593 0.9947604790419161 0.021956087824351298 0.0074850299401197605
1 0.9131736526946108 0.6437125748502994 0.02694610778443114 0.02844311377245509
1 0.9331337325349301 0.9925149700598802 0.029940119760479042 0.011976047904191617
1 0.6367265469061876 0.9625748502994012 0.02694610778443114 0.02844311377245509
1 0.530938123752495 0.8922155688622755 0.02694610778443114 0.02844311377245509