1 0.7475049900199601 0.4086826347305389 0.02694610778443114 0.02844311377245509
1 0.8792415169660679 0.20658682634730538 0.018962075848303395 0.038922155688622756
0 0.5523952095808383 0.03592814371257485 0.05089820359281437 0.0688622754491018
0 0.5479041916167665 0.21107784431137724 0.04890219560878244 0.1661676646706587
0 0.9510978043912176 0.18263473053892215 0.04890219560878244 0.1661676646706587
1 0.5109780439121756 0.34880239520958084 0.018962075848303395 0.038922155688622756
4 0.6177644710578842 0.2964071856287425 0.018962075848303395 0.040419161676646706
4 0.6636726546906188 0.40718562874251496 0.027944111776447105 0.02694610778443114
4 0.6506986027944112 0.02694610778443114 0.017964071856287425 0.040419161676646706
4 0.6157684630738522 0.38622754491017963 0.017964071856287425 0.040419161676646706
4 0.5708582834331337 0.3458083832335329 0.022954091816367265 0.06287425149700598
4 0.6936127744510978 0.0037425149700598802 0.04590818363273453 0.004491017964071856
4 0.719560878243513 0.5089820359281437 0.043912175648702596 0.0344311377245509
0 0.937125748502994 0.4550898203592814 0.08882235528942116 0.1317365269461078
0 0.7504990019960079 0.21107784431137724 0.17265469061876249 0.26497005988023953
4 0.8373253493013972 0.5164670658682635 0.043912175648702596 0.0344311377245509
4 0.780439121756487 0.5149700598802395 0.043912175648702596 0.0344311377245509
1 0.7719560878243513 0.006736526946107785 0.020958083832335328 0.010479041916167664
1 0.6157684630738522 0.10179640718562874 0.018962075848303395 0.038922155688622756
1 0.6107784431137725 0.47904191616766467 0.018962075848303395 0.038922155688622756
1 0.5319361277445109 0.09880239520958084 0.02694610778443114 0.02844311377245509