1 0.24134419551934827 0.41743119266055045 0.0274949083503055 0.0290519877675841
1 0.10692464358452139 0.21100917431192662 0.019348268839103868 0.039755351681957186
0 0.4404276985743381 0.03669724770642202 0.051934826883910386 0.07033639143730887
0 0.445010183299389 0.21559633027522937 0.04989816700610998 0.16972477064220184
0 0.03360488798370672 0.18654434250764526 0.04989816700610998 0.16972477064220184
1 0.48268839103869654 0.3562691131498471 0.019348268839103868 0.039755351681957186
4 0.37372708757637474 0.30275229357798167 0.019348268839103868 0.04128440366972477
4 0.3268839103869654 0.41590214067278286 0.028513238289205704 0.027522935779816515
4 0.34012219959266804 0.027522935779816515 0.018329938900203666 0.04128440366972477
4 0.3757637474541752 0.3944954128440367 0.018329938900203666 0.04128440366972477
4 0.4215885947046843 0.3532110091743119 0.023421588594704685 0.06422018348623854
4 0.29633401221995925 0.00382262996941896 0.04684317718940937 0.0045871559633027525
4 0.269857433808554 0.5198776758409785 0.04480651731160896 0.035168195718654434
0 0.04786150712830957 0.4648318042813456 0.09063136456211812 0.1345565749235474
0 0.23828920570264767 0.21559633027522937 0.17617107942973523 0.2706422018348624
4 0.14969450101832993 0.5275229357798165 0.04480651731160896 0.035168195718654434
4 0.20773930753564154 0.5259938837920489 0.04480651731160896 0.035168195718654434
1 0.21639511201629327 0.006880733944954129 0.021384928716904276 0.010703363914373088
1 0.3757637474541752 0.10397553516819572 0.019348268839103868 0.039755351681957186
1 0.38085539714867617 0.4892966360856269 0.019348268839103868 0.039755351681957186
1 0.46130346232179226 0.10091743119266056 0.0274949083503055 0.0290519877675841