1 0.28936531007751937 0.7823401162790697 0.023982558139534885 0.024709302325581394
1 0.2554505813953488 0.7816133720930233 0.023982558139534885 0.024709302325581394
1 0.02071220930232558 0.7837936046511628 0.023982558139534885 0.024709302325581394
1 0.05438468992248062 0.7837936046511628 0.023982558139534885 0.024709302325581394
1 0.15467538759689922 0.7830668604651163 0.023982558139534885 0.024709302325581394
1 0.18786337209302326 0.7823401162790697 0.023982558139534885 0.024709302325581394
1 0.2217781007751938 0.7823401162790697 0.023982558139534885 0.024709302325581394
1 0.282703488372093 0.09393168604651163 0.016472868217054265 0.03670058139534884
1 0.28282461240310075 0.001816860465116279 0.016715116279069766 0.003633720930232558
1 0.28318798449612403 0.038699127906976744 0.016472868217054265 0.03670058139534884
1 0.1189437984496124 0.09393168604651163 0.016472868217054265 0.03670058139534884
1 0.11906492248062016 0.002543604651162791 0.016715116279069766 0.005087209302325582
1 0.1189437984496124 0.04087936046511628 0.016472868217054265 0.03670058139534884
1 0.24636627906976744 0.09393168604651163 0.016472868217054265 0.03670058139534884
1 0.2464874031007752 0.001816860465116279 0.016715116279069766 0.003633720930232558
1 0.24636627906976744 0.039425872093023256 0.016472868217054265 0.03670058139534884
1 0.155765503875969 0.09465843023255814 0.016472868217054265 0.03670058139534884
1 0.15588662790697674 0.001816860465116279 0.016715116279069766 0.003633720930232558
1 0.155765503875969 0.04015261627906977 0.016472868217054265 0.03670058139534884
1 0.13687015503875968 0.09393168604651163 0.016472868217054265 0.03670058139534884
1 0.13747577519379844 0.002180232558139535 0.016715116279069766 0.00436046511627907
1 0.13687015503875968 0.04087936046511628 0.016472868217054265 0.03670058139534884
1 0.19210271317829458 0.09393168604651163 0.016472868217054265 0.03670058139534884
1 0.19222383720930233 0.002180232558139535 0.016715116279069766 0.00436046511627907
1 0.19210271317829458 0.04015261627906977 0.016472868217054265 0.03670058139534884
1 0.17369186046511628 0.09393168604651163 0.016472868217054265 0.03670058139534884
1 0.17381298449612403 0.001816860465116279 0.016715116279069766 0.003633720930232558
1 0.17369186046511628 0.039425872093023256 0.016472868217054265 0.03670058139534884
1 0.22795542635658914 0.09465843023255814 0.016472868217054265 0.03670058139534884
1 0.2280765503875969 0.001816860465116279 0.016715116279069766 0.003633720930232558
1 0.22843992248062014 0.04015261627906977 0.016472868217054265 0.03670058139534884
1 0.21002906976744187 0.09393168604651163 0.016472868217054265 0.03670058139534884
1 0.21063468992248063 0.002180232558139535 0.016715116279069766 0.00436046511627907
1 0.21002906976744187 0.04087936046511628 0.016472868217054265 0.03670058139534884
1 0.26429263565891475 0.09320494186046512 0.016472868217054265 0.03670058139534884
1 0.2648982558139535 0.0014534883720930232 0.016715116279069766 0.0029069767441860465
1 0.26477713178294576 0.04015261627906977 0.016472868217054265 0.03670058139534884
1 0.0869670542635659 0.7830668604651163 0.01986434108527132 0.01744186046511628
1 0.9187257751937985 0.5557776162790697 0.014777131782945737 0.03379360465116279
1 0.8988614341085271 0.556140988372093 0.014777131782945737 0.03306686046511628
1 0.8645833333333334 0.5879360465116279 0.017926356589147287 0.016715116279069766
1 0.8407218992248062 0.5886627906976745 0.012354651162790697 0.010901162790697675
1 0.9622093023255814 0.5704941860465116 0.01065891472868217 0.02688953488372093
1 0.9319282945736435 0.6280886627906976 0.007267441860465116 0.017805232558139535
1 0.815406976744186 0.0012718023255813954 0.012596899224806201 0.002543604651162791
1 0.843265503875969 0.015079941860465117 0.01937984496124031 0.018531976744186048
1 0.8620397286821705 0.008175872093023256 0.007994186046511628 0.016351744186046513
1 0.8726986434108527 0.008175872093023256 0.0075096899224806205 0.016351744186046513
1 0.9263565891472868 0.04941860465116279 0.011627906976744186 0.010901162790697675
1 0.9264777131782945 0.06540697674418605 0.012839147286821706 0.011627906976744186
1 0.8425387596899225 0.05232558139534884 0.011627906976744186 0.011627906976744186
1 0.8419331395348837 0.06795058139534883 0.012354651162790697 0.010901162790697675
1 0.8429021317829457 0.08393895348837209 0.012354651162790697 0.012354651162790697
1 0.8426598837209303 0.09883720930232558 0.01187015503875969 0.010901162790697675
1 0.8968023255813954 0.13826308139534885 0.007751937984496124 0.019258720930232558
1 0.9074612403100775 0.13717296511627908 0.007751937984496124 0.018531976744186048
1 0.703609496124031 0.026526162790697673 0.01187015503875969 0.012354651162790697
1 0.7592054263565892 0.16388081395348839 0.036337209302325583 0.029069767441860465
1 0.7589631782945736 0.20348837209302326 0.03682170542635659 0.030523255813953487
1 0.7575096899224806 0.23655523255813954 0.01937984496124031 0.016715116279069766
1 0.7132994186046512 0.28415697674418605 0.012839147286821706 0.012354651162790697
1 0.7132994186046512 0.318859011627907 0.01187015503875969 0.009811046511627907
1 0.7869428294573644 0.32594476744186046 0.012839147286821706 0.011627906976744186
1 0.8494428294573644 0.4133357558139535 0.02252906976744186 0.022165697674418606
1 0.8496850775193798 0.44712936046511625 0.022044573643410854 0.022165697674418606
1 0.9102470930232558 0.43059593023255816 0.012354651162790697 0.012354651162790697
1 0.9344718992248062 0.47492732558139533 0.012354651162790697 0.011627906976744186
1 0.9528827519379846 0.4742005813953488 0.012354651162790697 0.011627906976744186
4 0.6765988372093024 0.005450581395348837 0.01308139534883721 0.010901162790697675
4 0.6767199612403101 0.02616279069767442 0.013323643410852713 0.01308139534883721
4 0.6511627906976745 0.005813953488372093 0.013565891472868217 0.011627906976744186
4 0.6505571705426356 0.026526162790697673 0.012354651162790697 0.012354651162790697
4 0.7037306201550387 0.001998546511627907 0.01308139534883721 0.003997093023255814
4 0.9131540697674418 0.008175872093023256 0.008478682170542635 0.016351744186046513
4 0.8859011627906976 0.13753633720930233 0.008236434108527133 0.021438953488372093
4 0.6510416666666666 0.0592296511627907 0.013323643410852713 0.01308139534883721
4 0.6512839147286822 0.09447674418604651 0.012839147286821706 0.014534883720930232
4 0.703609496124031 0.0592296511627907 0.012839147286821706 0.01308139534883721
1 0.6764777131782945 0.059593023255813955 0.012839147286821706 0.012354651162790697
4 0.8831153100775194 0.008539244186046511 0.007994186046511628 0.017078488372093022
4 0.8923207364341085 0.008175872093023256 0.007994186046511628 0.016351744186046513
4 0.8757267441860465 0.13753633720930233 0.007751937984496124 0.01998546511627907
4 0.8553779069767442 0.1386264534883721 0.00872093023255814 0.02071220930232558
4 0.9920058139534884 0.11282703488372094 0.008236434108527133 0.019258720930232558
4 0.9796511627906976 0.11319040697674419 0.00872093023255814 0.01998546511627907
4 0.967296511627907 0.11319040697674419 0.007751937984496124 0.01998546511627907
4 0.9571220930232558 0.15316133720930233 0.00872093023255814 0.01998546511627907
4 0.969234496124031 0.15207122093023256 0.00872093023255814 0.02071220930232558
4 0.9803779069767442 0.15243459302325582 0.008236434108527133 0.02071220930232558
4 0.9920058139534884 0.15243459302325582 0.008236434108527133 0.018531976744186048
4 0.8975290697674418 0.19422238372093023 0.008236434108527133 0.02071220930232558
4 0.8515019379844961 0.2207485465116279 0.008236434108527133 0.01998546511627907
4 0.8403585271317829 0.22256540697674418 0.00872093023255814 0.021438953488372093
4 0.6918604651162791 0.20621366279069767 0.00872093023255814 0.02071220930232558
4 0.6790213178294574 0.2058502906976744 0.00872093023255814 0.01998546511627907
4 0.6503149224806202 0.23909883720930233 0.012839147286821706 0.010901162790697675
4 0.6510416666666666 0.25690406976744184 0.013323643410852713 0.01308139534883721
4 0.7130571705426356 0.24781976744186046 0.013323643410852713 0.01308139534883721
4 0.7128149224806202 0.26526162790697677 0.012839147286821706 0.011627906976744186
4 0.7846414728682171 0.28143168604651164 0.008236434108527133 0.019258720930232558
4 0.9195736434108527 0.33230377906976744 0.009205426356589148 0.01998546511627907
4 0.9324127906976745 0.33230377906976744 0.00872093023255814 0.019258720930232558
4 0.9435562015503876 0.3315770348837209 0.008236434108527133 0.02071220930232558
4 0.9546996124031008 0.33230377906976744 0.008236434108527133 0.01998546511627907
4 0.9734738372093024 0.3332122093023256 0.013808139534883721 0.013808139534883721
4 0.9871608527131783 0.3315770348837209 0.00872093023255814 0.01998546511627907
4 0.9095203488372093 0.3539244186046512 0.013808139534883721 0.012354651162790697
4 0.9095203488372093 0.37209302325581395 0.013808139534883721 0.01308139534883721
4 0.9097625968992248 0.39098837209302323 0.014292635658914728 0.01308139534883721
4 0.8478682170542635 0.38390261627906974 0.01937984496124031 0.018531976744186048
4 0.8835998062015504 0.4106104651162791 0.014292635658914728 0.013808139534883721
4 0.9102470930232558 0.4487645348837209 0.013323643410852713 0.011627906976744186
4 0.9090358527131783 0.46838662790697677 0.013808139534883721 0.013808139534883721
4 0.8835998062015504 0.46875 0.014292635658914728 0.01308139534883721
4 0.8840843023255814 0.4498546511627907 0.014292635658914728 0.012354651162790697
4 0.8835998062015504 0.43059593023255816 0.014292635658914728 0.010901162790697675
4 0.966812015503876 0.47946947674418605 0.00872093023255814 0.019258720930232558
4 0.9784399224806202 0.47946947674418605 0.008236434108527133 0.02071220930232558
4 0.9748062015503876 0.5743095930232558 0.008236434108527133 0.02071220930232558
4 0.8475048449612403 0.7779796511627907 0.013323643410852713 0.012354651162790697
4 0.7820978682170543 0.7754360465116279 0.014777131782945737 0.01308139534883721
4 0.7135416666666666 0.3008720930232558 0.012354651162790697 0.012354651162790697
3 0.8981346899224806 0.8066860465116279 0.0806686046511628 0.1504360465116279
0 0.8926841085271318 0.6566133720930233 0.06589147286821706 0.08357558139534883
1 0.7929990310077519 0.5859375 0.07873062015503876 0.10356104651162791
1 0.859859496124031 0.5274345930232558 0.07921511627906977 0.10356104651162791
0 0.8832364341085271 0.07340116279069768 0.046027131782945735 0.06831395348837209
3 0.7589631782945736 0.12209302325581395 0.03682170542635659 0.029796511627906978
5 0.6935562015503876 0.14861918604651161 0.02567829457364341 0.024709302325581394
0 0.7539970930232558 0.2883357558139535 0.04239341085271318 0.062136627906976744
3 0.7933624031007752 0.4004360465116279 0.07412790697674419 0.10973837209302326
0 0.9605135658914729 0.40588662790697677 0.05571705426356589 0.08212209302325581