4 0.006056201550387597 0.6571584302325582 0.012112403100775194 0.012718023255813954
4 0.04251453488372093 0.625 0.013323643410852713 0.012354651162790697
4 0.04299903100775194 0.6071947674418605 0.013323643410852713 0.012354651162790697
4 0.08296996124031007 0.6326308139534884 0.013323643410852713 0.012354651162790697
4 0.141109496124031 0.6304505813953488 0.013323643410852713 0.012354651162790697
4 0.19900678294573643 0.41896802325581395 0.013323643410852713 0.012354651162790697
4 0.19852228682170542 0.4007994186046512 0.013323643410852713 0.012354651162790697
4 0.0844234496124031 0.29324127906976744 0.013323643410852713 0.012354651162790697
4 0.19900678294573643 0.38299418604651164 0.013323643410852713 0.012354651162790697
4 0.23607073643410853 0.28306686046511625 0.013323643410852713 0.011627906976744186
4 0.12633236434108527 0.29324127906976744 0.013323643410852713 0.012354651162790697
4 0.0844234496124031 0.2765261627906977 0.013323643410852713 0.012354651162790697
4 0.16739341085271317 0.287609011627907 0.009205426356589148 0.02071220930232558
4 0.3282461240310077 0.28688226744186046 0.00872093023255814 0.02071220930232558
4 0.33987403100775193 0.28688226744186046 0.00872093023255814 0.02071220930232558
4 0.25205910852713176 0.24600290697674418 0.013808139534883721 0.01308139534883721
4 0.218265503875969 0.3991642441860465 0.007751937984496124 0.01998546511627907
4 0.32558139534883723 0.3991642441860465 0.008236434108527133 0.01998546511627907
4 0.30474806201550386 0.3984375 0.00872093023255814 0.01998546511627907
4 0.32727713178294576 0.4387718023255814 0.007751937984496124 0.022165697674418606
4 0.057412790697674417 0.6277252906976745 0.009205426356589148 0.01998546511627907
4 0.07679263565891473 0.6644258720930233 0.00872093023255814 0.01998546511627907
4 0.12936046511627908 0.6775072674418605 0.007751937984496124 0.018531976744186048
4 0.14195736434108527 0.6778706395348837 0.008236434108527133 0.019258720930232558
4 0.15503875968992248 0.6789607558139535 0.007751937984496124 0.01998546511627907
4 0.17126937984496124 0.6764171511627907 0.00872093023255814 0.02071220930232558
4 0.2063953488372093 0.6785973837209303 0.007267441860465116 0.019258720930232558
4 0.21681201550387597 0.6800508720930233 0.00872093023255814 0.02071220930232558
4 0.23558624031007752 0.6769622093023255 0.013323643410852713 0.012354651162790697
4 0.28948643410852715 0.6520712209302325 0.00872093023255814 0.01998546511627907
4 0.001816860465116279 0.5643168604651163 0.003633720930232558 0.020348837209302327
4 0.010416666666666666 0.5652252906976745 0.008236434108527133 0.019258720930232558
4 0.034156976744186045 0.5652252906976745 0.008236434108527133 0.017805232558139535
4 0.0030281007751937986 0.40879360465116277 0.006056201550387597 0.021075581395348836
4 0.3651889534883721 0.826671511627907 0.013323643410852713 0.01308139534883721
4 0.3647044573643411 0.8448401162790697 0.012354651162790697 0.013808139534883721
4 0.3642199612403101 0.862281976744186 0.013323643410852713 0.012354651162790697
4 0.3642199612403101 0.8793604651162791 0.012354651162790697 0.015261627906976744
4 0.3639777131782946 0.8978924418604651 0.012839147286821706 0.01308139534883721
4 0.3634932170542636 0.9146075581395349 0.013808139534883721 0.012354651162790697
4 0.3637354651162791 0.9327761627906976 0.013323643410852713 0.013808139534883721
4 0.36325096899224807 0.9509447674418605 0.013323643410852713 0.011627906976744186
4 0.36300872093023256 0.9676598837209303 0.013808139534883721 0.01308139534883721
4 0.3637354651162791 0.982921511627907 0.013323643410852713 0.012354651162790697
4 0.3628875968992248 0.998546511627907 0.014534883720930232 0.002180232558139535
4 0.38796027131782945 0.967296511627907 0.012839147286821706 0.011627906976744186
1 0.022286821705426358 0.5644985465116279 0.007267441860465116 0.017805232558139535
1 0.10440891472868218 0.6173691860465116 0.01065891472868217 0.02688953488372093
1 0.10489341085271318 0.6686046511627907 0.01065891472868217 0.02688953488372093
1 0.12693798449612403 0.6082848837209303 0.017926356589147287 0.015988372093023256
1 0.1555232558139535 0.607921511627907 0.017926356589147287 0.015261627906976744
1 0.22662306201550386 0.5076308139534884 0.01187015503875969 0.011627906976744186
1 0.011627906976744186 0.4107921511627907 0.007267441860465116 0.018531976744186048
1 0.022044573643410854 0.4296875 0.007751937984496124 0.01998546511627907
1 0.02131782945736434 0.4652979651162791 0.008236434108527133 0.01998546511627907
1 0.22747093023255813 0.47747093023255816 0.011627906976744186 0.030523255813953487
1 0.22698643410852712 0.4344113372093023 0.00872093023255814 0.01998546511627907
1 0.22940891472868216 0.3991642441860465 0.008236434108527133 0.018531976744186048
1 0.1982800387596899 0.436046511627907 0.012354651162790697 0.012354651162790697
1 0.1741763565891473 0.3940770348837209 0.007267441860465116 0.019258720930232558
1 0.16121608527131784 0.3851744186046512 0.01187015503875969 0.028343023255813952
1 0.1373546511627907 0.3859011627906977 0.018410852713178296 0.016715116279069766
1 0.09956395348837209 0.37481831395348836 0.008236434108527133 0.018531976744186048
1 0.0874515503875969 0.37518168604651164 0.007751937984496124 0.017805232558139535
1 0.07727713178294573 0.33230377906976744 0.007751937984496124 0.01998546511627907
1 0.09084302325581395 0.34011627906976744 0.010174418604651164 0.02616279069767442
1 0.15479651162790697 0.287609011627907 0.008236434108527133 0.02071220930232558
1 0.1819282945736434 0.2819767441860465 0.011627906976744186 0.010901162790697675
1 0.21451065891472867 0.31940406976744184 0.012354651162790697 0.030523255813953487
1 0.22819767441860464 0.3195857558139535 0.008236434108527133 0.01998546511627907
1 0.11906492248062016 0.16460755813953487 0.012839147286821706 0.012354651162790697
1 0.11954941860465117 0.18095930232558138 0.012839147286821706 0.011627906976744186
0 0.03064437984496124 0.32140261627906974 0.06128875968992248 0.09774709302325581
1 0.16690891472868216 0.2401889534883721 0.05426356589147287 0.057412790697674417
0 0.006056201550387597 0.4732921511627907 0.012112403100775194 0.08539244186046512
3 0.07437015503875968 0.45203488372093026 0.07170542635658915 0.10755813953488372
0 0.28306686046511625 0.4574854651162791 0.042877906976744186 0.08139534883720931
0 0.28403585271317827 0.33648255813953487 0.042877906976744186 0.08139534883720931
1 0.1590358527131783 0.45875726744186046 0.07000968992248062 0.10574127906976744
2 0.007267441860465116 0.6039244186046512 0.014534883720930232 0.038517441860465115
2 0.264171511627907 0.6713299418604651 0.032703488372093026 0.02434593023255814
1 0.35295542635658916 0.5835755813953488 0.04699612403100775 0.12354651162790697
0 0.39425872093023256 0.25290697674418605 0.03221899224806202 0.029796511627906978
0 0.4332606589147287 0.9676598837209303 0.033672480620155036 0.028343023255813952
2 0.49236918604651164 0.9941860465116279 0.025920542635658916 0.010901162790697675
1 0.4675387596899225 0.9834665697674418 0.015503875968992248 0.03234011627906977
1 0.422359496124031 0.7518168604651163 0.012839147286821706 0.011627906976744186
1 0.422359496124031 0.735828488372093 0.012839147286821706 0.011627906976744186
1 0.42381298449612403 0.5912063953488372 0.012839147286821706 0.011627906976744186
1 0.42381298449612403 0.575218023255814 0.012839147286821706 0.011627906976744186
1 0.42381298449612403 0.6319040697674418 0.012839147286821706 0.011627906976744186
1 0.42381298449612403 0.6159156976744186 0.012839147286821706 0.011627906976744186
1 0.423328488372093 0.6711482558139535 0.012839147286821706 0.011627906976744186
1 0.423328488372093 0.6551598837209303 0.012839147286821706 0.011627906976744186
1 0.422843992248062 0.7125726744186046 0.012839147286821706 0.011627906976744186
1 0.422843992248062 0.6973110465116279 0.012839147286821706 0.011627906976744186
1 0.41266957364341084 0.3542877906976744 0.012354651162790697 0.011627906976744186
1 0.4121850775193798 0.3702761627906977 0.012354651162790697 0.011627906976744186
1 0.41799903100775193 0.48328488372093026 0.012354651162790697 0.011627906976744186
1 0.4175145348837209 0.4992732558139535 0.012354651162790697 0.011627906976744186
1 0.40419089147286824 0.41351744186046513 0.012354651162790697 0.011627906976744186
1 0.40419089147286824 0.42950581395348836 0.012354651162790697 0.011627906976744186
1 0.35622577519379844 0.318859011627907 0.023982558139534885 0.023619186046511628
1 0.34508236434108525 0.36537063953488375 0.015746124031007752 0.035247093023255814
1 0.343265503875969 0.42914244186046513 0.01744186046511628 0.038517441860465115
1 0.36252422480620156 0.4296875 0.014777131782945737 0.035247093023255814
1 0.36252422480620156 0.3851744186046512 0.012839147286821706 0.011627906976744186
1 0.32582364341085274 0.3717296511627907 0.007751937984496124 0.01744186046511628
1 0.28439922480620156 0.5357921511627907 0.007751937984496124 0.01998546511627907
1 0.27374031007751937 0.536155523255814 0.007267441860465116 0.019258720930232558
1 0.26223352713178294 0.5101744186046512 0.012839147286821706 0.011627906976744186
1 0.3085029069767442 0.2623546511627907 0.012354651162790697 0.011627906976744186