1 0.3171027131782946 0.16642441860465115 0.036337209302325583 0.03125
1 0.3717296511627907 0.24582122093023256 0.023013565891472867 0.02434593023255814
1 0.4063711240310077 0.24436773255813954 0.023982558139534885 0.022892441860465115
1 0.5425145348837209 0.24073401162790697 0.023982558139534885 0.023619186046511628
1 0.5899951550387597 0.24000726744186046 0.023982558139534885 0.023619186046511628
1 0.6234253875968992 0.24000726744186046 0.023498062015503876 0.023619186046511628
1 0.6580668604651163 0.24000726744186046 0.023982558139534885 0.022165697674418606
1 0.3329699612403101 0.38317587209302323 0.023982558139534885 0.023619186046511628
1 0.3329699612403101 0.35410610465116277 0.023498062015503876 0.023619186046511628
1 0.3329699612403101 0.3243095930232558 0.023013565891472867 0.023619186046511628
1 0.3329699612403101 0.29523982558139533 0.023013565891472867 0.023619186046511628
1 0.3327277131782946 0.4069767441860465 0.012354651162790697 0.010901162790697675
1 0.29844961240310075 0.4898255813953488 0.018410852713178296 0.015261627906976744
1 0.3339389534883721 0.5374273255813954 0.012839147286821706 0.012354651162790697
1 0.2585998062015504 0.553234011627907 0.012354651162790697 0.010537790697674418
1 0.2392199612403101 0.5534156976744186 0.012354651162790697 0.010901162790697675
1 0.22625968992248063 0.5768531976744186 0.007267441860465116 0.017805232558139535
1 0.250484496124031 0.5763081395348837 0.007751937984496124 0.016715116279069766
1 0.29481589147286824 0.639171511627907 0.018410852713178296 0.016715116279069766
1 0.26501937984496127 0.6753270348837209 0.007267441860465116 0.018531976744186048
1 0.26526162790697677 0.7003997093023255 0.007751937984496124 0.017805232558139535
1 0.24152131782945738 0.7327398255813954 0.007751937984496124 0.018531976744186048
1 0.17829457364341086 0.807594476744186 0.008236434108527133 0.019258720930232558
1 0.17877906976744187 0.8370276162790697 0.007267441860465116 0.01998546511627907
1 0.2553294573643411 0.8326671511627907 0.008236434108527133 0.01998546511627907
1 0.32146317829457366 0.9965479651162791 0.012596899224806201 0.0061773255813953485
1 0.438468992248062 0.8259447674418605 0.011143410852713179 0.028343023255813952
1 0.45373062015503873 0.8259447674418605 0.011143410852713179 0.028343023255813952
1 0.47105135658914726 0.8125 0.01187015503875969 0.010901162790697675
1 0.43011143410852715 0.7776162790697675 0.012839147286821706 0.011627906976744186
1 0.32085755813953487 0.9184229651162791 0.012354651162790697 0.010537790697674418
1 0.3210998062015504 0.9349563953488372 0.01187015503875969 0.011627906976744186
1 0.5726744186046512 0.6796875 0.007751937984496124 0.01998546511627907
1 0.6570978682170543 0.7214752906976745 0.015261627906976744 0.0345203488372093
1 0.47153585271317827 0.9596656976744186 0.01187015503875969 0.010901162790697675
1 0.43059593023255816 0.9240552325581395 0.012839147286821706 0.011627906976744186
1 0.45445736434108525 0.9734738372093024 0.011627906976744186 0.029069767441860465
1 0.438468992248062 0.9745639534883721 0.011627906976744186 0.028343023255813952
4 0.3029312015503876 0.47093023255813954 0.015261627906976744 0.01308139534883721
4 0.18459302325581395 0.5772165697674418 0.00872093023255814 0.01998546511627907
4 0.19694767441860464 0.5779433139534884 0.00872093023255814 0.01998546511627907
4 0.23837209302325582 0.5775799418604651 0.00872093023255814 0.02071220930232558
4 0.26283914728682173 0.5768531976744186 0.00872093023255814 0.02071220930232558
4 0.26526162790697677 0.6248183139534884 0.00872093023255814 0.01998546511627907
4 0.2980862403100775 0.6199127906976745 0.013808139534883721 0.01308139534883721
4 0.26501937984496127 0.6520712209302325 0.007751937984496124 0.021438953488372093
4 0.4273255813953488 0.5339752906976745 0.00872093023255814 0.019258720930232558
4 0.42974806201550386 0.6724200581395349 0.009205426356589148 0.021438953488372093
4 0.5843023255813954 0.6800508720930233 0.008236434108527133 0.02071220930232558
4 0.5990794573643411 0.6800508720930233 0.008236434108527133 0.02071220930232558
4 0.6148255813953488 0.5692223837209303 0.008236434108527133 0.019258720930232558
1 0.5704941860465116 0.5386991279069767 0.007751937984496124 0.01998546511627907
4 0.5816375968992248 0.537609011627907 0.008236434108527133 0.02071220930232558
4 0.5959302325581395 0.5383357558139535 0.008236434108527133 0.02071220930232558
4 0.17902131782945738 0.7683502906976745 0.008236434108527133 0.02071220930232558
4 0.26453488372093026 0.7316497093023255 0.008236434108527133 0.02071220930232558
4 0.25339147286821706 0.7331031976744186 0.008236434108527133 0.02071220930232558
4 0.24321705426356588 0.885719476744186 0.008236434108527133 0.02071220930232558
4 0.20421511627906977 0.7679869186046512 0.008236434108527133 0.018531976744186048
4 0.19040697674418605 0.7676235465116279 0.008236434108527133 0.019258720930232558
4 0.2066375968992248 0.885719476744186 0.008236434108527133 0.02071220930232558
4 0.22940891472868216 0.8849927325581395 0.008236434108527133 0.02071220930232558
4 0.21656976744186046 0.885719476744186 0.008236434108527133 0.02071220930232558
4 0.24830426356589147 0.7658066860465116 0.008236434108527133 0.018531976744186048
4 0.26405038759689925 0.7658066860465116 0.008236434108527133 0.01998546511627907
4 0.25763081395348836 0.8005087209302325 0.013808139534883721 0.01308139534883721
4 0.43011143410852715 0.7612645348837209 0.012839147286821706 0.010901162790697675
4 0.4324127906976744 0.7389171511627907 0.008236434108527133 0.01998546511627907
4 0.43059593023255816 0.909156976744186 0.012839147286821706 0.010901162790697675
4 0.4333817829457364 0.8868095930232558 0.008236434108527133 0.01998546511627907
4 0.2180232558139535 0.7331031976744186 0.008236434108527133 0.02071220930232558
4 0.17902131782945738 0.7331031976744186 0.008236434108527133 0.02071220930232558
4 0.20373062015503876 0.7323764534883721 0.008236434108527133 0.02071220930232558
4 0.19040697674418605 0.7338299418604651 0.008236434108527133 0.02071220930232558
4 0.20530523255813954 0.9138808139534884 0.013323643410852713 0.012354651162790697
4 0.20554748062015504 0.9316860465116279 0.013808139534883721 0.01308139534883721
4 0.19900678294573643 0.9818313953488372 0.012839147286821706 0.029069767441860465
1 0.21172480620155038 0.9725654069767442 0.007751937984496124 0.019258720930232558
1 0.19161821705426357 0.2936046511627907 0.0692829457364341 0.10755813953488372
1 0.34132751937984496 0.8277616279069767 0.0692829457364341 0.10755813953488372
3 0.27846414728682173 0.29324127906976744 0.049176356589147284 0.08284883720930232
0 0.35174418604651164 0.4680232558139535 0.05717054263565891 0.09956395348837209
0 0.35150193798449614 0.6061046511627907 0.05717054263565891 0.09956395348837209
0 0.4746850775193798 0.7572674418604651 0.056443798449612406 0.08575581395348837
0 0.47541182170542634 0.9055232558139535 0.056443798449612406 0.08575581395348837
0 0.2248062015503876 0.6587936046511628 0.05717054263565891 0.08284883720930232
0 0.21705426356589147 0.8246729651162791 0.03439922480620155 0.0534156976744186
4 0.18483527131782945 0.6217296511627907 0.009205426356589148 0.021075581395348836
0 0.2657461240310077 0.9607558139534884 0.06782945736434108 0.07776162790697674
3 0.4475532945736434 0.47038517441860467 0.10247093023255814 0.10864825581395349
3 0.5820009689922481 0.9996366279069767 0.1063468992248062 0
3 0.45033914728682173 0.6082848837209303 0.10610465116279069 0.10973837209302326
3 0.5835755813953488 0.7623546511627907 0.10610465116279069 0.10973837209302326
3 0.5816375968992248 0.9058866279069767 0.10610465116279069 0.10973837209302326
0 0.5891472868217055 0.604469476744186 0.03439922480620155 0.049781976744186045
1 0.8288517441860465 0.24073401162790697 0.023982558139534885 0.023619186046511628
1 0.7942102713178295 0.24000726744186046 0.023982558139534885 0.023619186046511628
1 0.7602955426356589 0.23928052325581395 0.023982558139534885 0.023619186046511628
1 0.7266230620155039 0.23928052325581395 0.023982558139534885 0.023619186046511628
1 0.9654796511627907 0.23928052325581395 0.023982558139534885 0.023619186046511628
1 0.9313226744186046 0.23928052325581395 0.023982558139534885 0.023619186046511628
1 0.8969234496124031 0.23928052325581395 0.023982558139534885 0.023619186046511628
1 0.8632509689922481 0.23928052325581395 0.023982558139534885 0.023619186046511628
1 0.6782945736434108 0.7203851744186046 0.016472868217054265 0.03597383720930233
1 0.6854408914728682 0.8722747093023255 0.015746124031007752 0.03670058139534884
1 0.7067587209302325 0.8719113372093024 0.015261627906976744 0.03597383720930233
1 0.7274709302325582 0.8715479651162791 0.01695736434108527 0.035247093023255814
1 0.6875 0.9983648255813954 0.015988372093023256 0.002543604651162791
1 0.7078488372093024 0.998546511627907 0.016472868217054265 0.002180232558139535
1 0.7290455426356589 0.9987281976744186 0.017199612403100775 0.001816860465116279
4 0.9904312015503876 0.2441860465116279 0.012839147286821706 0.012354651162790697