1 0.18689437984496124 0.2421875 0.023982558139534885 0.023619186046511628
1 0.25617732558139533 0.2421875 0.023982558139534885 0.023619186046511628
1 0.054142441860465115 0.24073401162790697 0.023982558139534885 0.023619186046511628
1 0.015625 0.2414607558139535 0.023982558139534885 0.023619186046511628
1 0.11833817829457365 0.2421875 0.023982558139534885 0.023619186046511628
1 0.15249515503875968 0.2421875 0.023982558139534885 0.023619186046511628
1 0.22710755813953487 0.3862645348837209 0.01623062015503876 0.013808139534883721
1 0.282703488372093 0.9304142441860465 0.016472868217054265 0.03670058139534884
1 0.28282461240310075 0.9831031976744186 0.016715116279069766 0.03306686046511628
1 0.1189437984496124 0.9304142441860465 0.016472868217054265 0.03670058139534884
1 0.11906492248062016 0.9838299418604651 0.016715116279069766 0.031613372093023256
1 0.24636627906976744 0.9304142441860465 0.016472868217054265 0.03670058139534884
1 0.2464874031007752 0.9831031976744186 0.016715116279069766 0.03306686046511628
1 0.15431201550387597 0.9304142441860465 0.016472868217054265 0.03670058139534884
1 0.15588662790697674 0.9831031976744186 0.016715116279069766 0.03306686046511628
1 0.13687015503875968 0.9304142441860465 0.016472868217054265 0.03670058139534884
1 0.13747577519379844 0.9834665697674418 0.016715116279069766 0.03234011627906977
1 0.19161821705426357 0.9304142441860465 0.016472868217054265 0.03670058139534884
1 0.19222383720930233 0.9834665697674418 0.016715116279069766 0.03234011627906977
1 0.17369186046511628 0.9304142441860465 0.016472868217054265 0.03670058139534884
1 0.17381298449612403 0.9831031976744186 0.016715116279069766 0.03306686046511628
1 0.22795542635658914 0.9304142441860465 0.016472868217054265 0.03670058139534884
1 0.2280765503875969 0.9831031976744186 0.016715116279069766 0.03306686046511628
1 0.20954457364341086 0.9304142441860465 0.016472868217054265 0.03670058139534884
1 0.21063468992248063 0.9834665697674418 0.016715116279069766 0.03234011627906977
1 0.26477713178294576 0.9304142441860465 0.016472868217054265 0.03670058139534884
1 0.2648982558139535 0.9827398255813954 0.016715116279069766 0.03379360465116279
1 0.2210513565891473 0.2414607558139535 0.023982558139534885 0.023619186046511628
4 0.08624031007751938 0.24255087209302326 0.01937984496124031 0.017805232558139535
1 0.7145106589147286 0.2311046511627907 0.014292635658914728 0.011627906976744186
1 0.7341327519379846 0.23074127906976744 0.012839147286821706 0.012354651162790697
1 0.8433866279069767 0.384265988372093 0.015261627906976744 0.0345203488372093
1 0.8580426356589147 0.3893531976744186 0.007751937984496124 0.018531976744186048
1 0.9498546511627907 0.3835392441860465 0.007751937984496124 0.019258720930232558
1 0.9158187984496124 0.44004360465116277 0.01187015503875969 0.02688953488372093
1 0.732437015503876 0.39026162790697677 0.012354651162790697 0.011627906976744186
1 0.7162063953488372 0.39026162790697677 0.012839147286821706 0.01308139534883721
1 0.9637839147286822 0.4576671511627907 0.015746124031007752 0.0345203488372093
1 0.9842538759689923 0.4569404069767442 0.01695736434108527 0.03379360465116279
1 0.8259447674418605 0.49037063953488375 0.015261627906976744 0.035247093023255814
1 0.9156976744186046 0.5852107558139535 0.007751937984496124 0.02071220930232558
1 0.8796027131782945 0.6197311046511628 0.007267441860465116 0.019258720930232558
1 0.8794815891472868 0.6480741279069767 0.007025193798449613 0.019258720930232558
1 0.8109253875968992 0.6984011627906976 0.012839147286821706 0.010901162790697675
1 0.8487160852713178 0.7274709302325582 0.022044573643410854 0.056686046511627904
1 0.8796027131782945 0.7418241279069767 0.008236434108527133 0.019258720930232558
1 0.9118217054263565 0.7418241279069767 0.008236434108527133 0.01998546511627907
1 0.9292635658914729 0.7510901162790697 0.011143410852713179 0.027616279069767442
1 0.9500968992248062 0.7507267441860465 0.011143410852713179 0.02688953488372093
1 0.8819040697674418 0.7707122093023255 0.012839147286821706 0.011627906976744186
1 0.8991036821705426 0.7699854651162791 0.012354651162790697 0.011627906976744186
1 0.8135901162790697 0.795421511627907 0.012354651162790697 0.011627906976744186
1 0.842781007751938 0.8234011627906976 0.011143410852713179 0.029069767441860465
1 0.8563468992248062 0.8239462209302325 0.007751937984496124 0.018531976744186048
1 0.8670058139534884 0.823219476744186 0.007751937984496124 0.018531976744186048
1 0.8412063953488372 0.9215116279069767 0.012354651162790697 0.011627906976744186
1 0.8407218992248062 0.9055232558139535 0.012354651162790697 0.011627906976744186
1 0.8412063953488372 0.8826308139534884 0.012354651162790697 0.011627906976744186
1 0.8412063953488372 0.8673691860465116 0.012354651162790697 0.011627906976744186
1 0.8126211240310077 0.8862645348837209 0.012354651162790697 0.012354651162790697
1 0.9226017441860465 0.8739098837209303 0.012354651162790697 0.012354651162790697
1 0.9221172480620154 0.889171511627907 0.012354651162790697 0.010901162790697675
1 0.9031007751937985 0.9540334302325582 0.008236434108527133 0.019258720930232558
1 0.8926841085271318 0.9540334302325582 0.007751937984496124 0.019258720930232558
1 0.815406976744186 0.9947311046511628 0.012596899224806201 0.009811046511627907
1 0.8620397286821705 0.9981831395348837 0.007994186046511628 0.0029069767441860465
1 0.8726986434108527 0.9989098837209303 0.0075096899224806205 0.0014534883720930232
1 0.7038517441860465 0.9338662790697675 0.012354651162790697 0.010901162790697675
1 0.7038517441860465 0.8462936046511628 0.012354651162790697 0.010901162790697675
4 0.8538032945736435 0.22311046511627908 0.012839147286821706 0.01308139534883721
4 0.7341327519379846 0.24963662790697674 0.013808139534883721 0.012354651162790697
4 0.6982800387596899 0.40734011627906974 0.013808139534883721 0.01308139534883721
4 0.7162063953488372 0.40806686046511625 0.013808139534883721 0.011627906976744186
4 0.7159641472868217 0.4262354651162791 0.013323643410852713 0.012354651162790697
4 0.9021317829457365 0.42278343023255816 0.009205426356589148 0.021438953488372093
4 0.9408914728682171 0.584484011627907 0.00872093023255814 0.022165697674418606
4 0.9520348837209303 0.5848473837209303 0.007751937984496124 0.021438953488372093
4 0.8907461240310077 0.5477834302325582 0.00872093023255814 0.022165697674418606
4 0.9035852713178295 0.5481468023255814 0.008236434108527133 0.021438953488372093
4 0.9156976744186046 0.5477834302325582 0.00872093023255814 0.022165697674418606
4 0.9261143410852714 0.5466933139534884 0.008236434108527133 0.021438953488372093
4 0.8921996124031008 0.5866642441860465 0.00872093023255814 0.022165697674418606
4 0.9040697674418605 0.5841206395348837 0.008236434108527133 0.021438953488372093
4 0.9622093023255814 0.5863008720930233 0.007751937984496124 0.021438953488372093
4 0.9761385658914729 0.6017441860465116 0.014292635658914728 0.010901162790697675
4 0.9761385658914729 0.6210029069767442 0.012839147286821706 0.01308139534883721
4 0.9761385658914729 0.6366279069767442 0.013808139534883721 0.011627906976744186
4 0.9756540697674418 0.6544331395348837 0.012839147286821706 0.012354651162790697
4 0.9761385658914729 0.6875 0.012839147286821706 0.012354651162790697
4 0.9758963178294574 0.7056686046511628 0.012354651162790697 0.01308139534883721
4 0.9622093023255814 0.7429142441860465 0.007751937984496124 0.01998546511627907
4 0.9004360465116279 0.7418241279069767 0.00872093023255814 0.01998546511627907
4 0.8895348837209303 0.740734011627907 0.008236434108527133 0.019258720930232558
4 0.8782703488372093 0.668968023255814 0.012354651162790697 0.011627906976744186
4 0.8782703488372093 0.6871366279069767 0.012839147286821706 0.011627906976744186
4 0.6495881782945736 0.7238372093023255 0.013323643410852713 0.01308139534883721
4 0.7028827519379846 0.6871366279069767 0.013323643410852713 0.01308139534883721
1 0.6503149224806202 0.7398255813953488 0.012839147286821706 0.012354651162790697
4 0.6505571705426356 0.8288517441860465 0.013323643410852713 0.01308139534883721
4 0.703609496124031 0.8288517441860465 0.013323643410852713 0.01308139534883721
4 0.6500726744186046 0.7576308139534884 0.013323643410852713 0.01308139534883721
4 0.6503149224806202 0.7747093023255814 0.013323643410852713 0.01308139534883721
4 0.7033672480620154 0.7928779069767442 0.013323643410852713 0.01308139534883721
4 0.703125 0.8092296511627907 0.013323643410852713 0.01308139534883721
4 0.6505571705426356 0.7936046511627907 0.013323643410852713 0.01308139534883721
4 0.6776889534883721 0.8273982558139535 0.013323643410852713 0.01308139534883721
4 0.6772044573643411 0.7943313953488372 0.013323643410852713 0.01308139534883721
4 0.7028827519379846 0.7183866279069767 0.013323643410852713 0.01308139534883721
1 0.703609496124031 0.7351017441860465 0.012839147286821706 0.012354651162790697
4 0.7033672480620154 0.75 0.013323643410852713 0.01308139534883721
4 0.703125 0.767078488372093 0.013323643410852713 0.01308139534883721
4 0.7038517441860465 0.8644622093023255 0.013323643410852713 0.011627906976744186
4 0.7033672480620154 0.8808139534883721 0.013808139534883721 0.012354651162790697
4 0.7033672480620154 0.8986191860465116 0.012354651162790697 0.01308139534883721
4 0.7028827519379846 0.9153343023255814 0.014777131782945737 0.010901162790697675
4 0.6774467054263565 0.8542877906976745 0.013808139534883721 0.011627906976744186
4 0.6715116279069767 0.8751816860465116 0.007267441860465116 0.02071220930232558
4 0.6826550387596899 0.8755450581395349 0.00872093023255814 0.021438953488372093
4 0.6764777131782945 0.8993459302325582 0.012839147286821706 0.012354651162790697
4 0.6767199612403101 0.9342296511627907 0.012354651162790697 0.011627906976744186
4 0.6503149224806202 0.934593023255814 0.012839147286821706 0.013808139534883721
4 0.6764777131782945 0.9683866279069767 0.012839147286821706 0.012354651162790697
4 0.6765988372093024 0.9989098837209303 0.01308139534883721 0.0014534883720930232
4 0.6511627906976745 0.9989098837209303 0.013565891472868217 0.0014534883720930232
4 0.7033672480620154 0.951671511627907 0.013323643410852713 0.011627906976744186
4 0.703609496124031 0.96875 0.01187015503875969 0.011627906976744186
4 0.7037306201550387 0.9947311046511628 0.01308139534883721 0.009811046511627907
4 0.8512596899224806 0.9547601744186046 0.007751937984496124 0.019258720930232558
4 0.9131540697674418 0.9981831395348837 0.008478682170542635 0.0029069767441860465
4 0.8771802325581395 0.8235828488372093 0.008236434108527133 0.02071220930232558
4 0.8863856589147286 0.823219476744186 0.007267441860465116 0.01998546511627907
4 0.9074612403100775 0.823219476744186 0.007751937984496124 0.01998546511627907
4 0.9497335271317829 0.8037790697674418 0.012354651162790697 0.028343023255813952
4 0.9286579457364341 0.8037790697674418 0.012354651162790697 0.028343023255813952
4 0.8123788759689923 0.9037063953488372 0.012839147286821706 0.012354651162790697
4 0.8831153100775194 0.998546511627907 0.007994186046511628 0.002180232558139535
4 0.8923207364341085 0.9981831395348837 0.007994186046511628 0.0029069767441860465
4 0.872093023255814 0.9540334302325582 0.008236434108527133 0.019258720930232558
4 0.8827519379844961 0.9540334302325582 0.007267441860465116 0.019258720930232558
3 0.9080668604651163 0.2129360465116279 0.0806686046511628 0.1504360465116279
0 0.8997093023255814 0.3553779069767442 0.06686046511627906 0.08284883720930232
0 0.9275678294573644 0.6622456395348837 0.055232558139534885 0.07957848837209303
3 0.8317587209302325 0.6418968023255814 0.04966085271317829 0.07739825581395349
0 0.8796027131782945 0.8902616279069767 0.046027131782945735 0.06831395348837209
1 0.8821463178294574 0.47474563953488375 0.07873062015503876 0.10356104651162791
1 0.7903343023255814 0.43332122093023256 0.07921511627906977 0.10356104651162791