1 0.32146317829457366 0.002180232558139535 0.012596899224806201 0.00436046511627907
1 0.3210998062015504 0.014534883720930232 0.01187015503875969 0.011627906976744186
1 0.4725048449612403 0.2547238372093023 0.01187015503875969 0.010901162790697675
1 0.4315649224806202 0.21911337209302326 0.012839147286821706 0.011627906976744186
1 0.45542635658914726 0.26925872093023256 0.011627906976744186 0.029069767441860465
1 0.43943798449612403 0.2688953488372093 0.011627906976744186 0.028343023255813952
1 0.4720203488372093 0.10755813953488372 0.01187015503875969 0.010901162790697675
1 0.43108042635658916 0.07122093023255814 0.012839147286821706 0.011627906976744186
1 0.45445736434108525 0.12063953488372094 0.011627906976744186 0.029069767441860465
1 0.438953488372093 0.12100290697674419 0.011627906976744186 0.028343023255813952
1 0.4064922480620155 0.3059593023255814 0.020833333333333332 0.053052325581395346
1 0.39752906976744184 0.36736918604651164 0.011143410852713179 0.028343023255813952
1 0.41351744186046513 0.36627906976744184 0.01065891472868217 0.027616279069767442
1 0.4324127906976744 0.36664244186046513 0.011627906976744186 0.011627906976744186
1 0.4773498062015504 0.40515988372093026 0.012354651162790697 0.011627906976744186
1 0.29493701550387597 0.36827761627906974 0.023013565891472867 0.022892441860465115
1 0.29372577519379844 0.390625 0.012354651162790697 0.011627906976744186
1 0.25944767441860467 0.47710755813953487 0.018410852713178296 0.015988372093023256
1 0.29469476744186046 0.5212572674418605 0.023498062015503876 0.02434593023255814
1 0.18907461240310078 0.23873546511627908 0.022044573643410854 0.056686046511627904
1 0.18531976744186046 0.1776889534883721 0.008236434108527133 0.01744186046511628
1 0.19573643410852712 0.17750726744186046 0.007267441860465116 0.017805232558139535
1 0.5036337209302325 0.44785610465116277 0.01695736434108527 0.03597383720930233
1 0.533187984496124 0.44785610465116277 0.016472868217054265 0.03597383720930233
1 0.5794573643410853 0.490734011627907 0.007751937984496124 0.017805232558139535
1 0.5915697674418605 0.49037063953488375 0.007751937984496124 0.019258720930232558
1 0.2565406976744186 0.6151889534883721 0.0188953488372093 0.015988372093023256
1 0.31165213178294576 0.671875 0.012354651162790697 0.011627906976744186
1 0.3288517441860465 0.6715116279069767 0.01187015503875969 0.010901162790697675
1 0.23062015503875968 0.678234011627907 0.007751937984496124 0.01998546511627907
1 0.24249031007751937 0.6778706395348837 0.007751937984496124 0.019258720930232558
1 0.25835755813953487 0.6880450581395349 0.01187015503875969 0.010537790697674418
1 0.23849321705426357 0.7034883720930233 0.012354651162790697 0.011627906976744186
1 0.25193798449612403 0.7267441860465116 0.01986434108527132 0.016715116279069766
1 0.44137596899224807 0.7839752906976745 0.007751937984496124 0.017805232558139535
1 0.42950581395348836 0.7847020348837209 0.00872093023255814 0.019258720930232558
1 0.5749757751937985 0.7883357558139535 0.02252906976744186 0.022165697674418606
1 0.6495881782945736 0.7872456395348837 0.023498062015503876 0.021438953488372093
4 0.4325339147286822 0.35138081395348836 0.012839147286821706 0.010901162790697675
4 0.43483527131782945 0.32903343023255816 0.008236434108527133 0.01998546511627907
4 0.43108042635658916 0.05559593023255814 0.012839147286821706 0.010901162790697675
4 0.43386627906976744 0.033975290697674417 0.008236434108527133 0.01998546511627907
4 0.4320494186046512 0.20348837209302326 0.012839147286821706 0.010901162790697675
4 0.43483527131782945 0.18114098837209303 0.008236434108527133 0.01998546511627907
4 0.3218265503875969 0.030886627906976744 0.013323643410852713 0.011627906976744186
4 0.32582364341085274 0.05396075581395349 0.007751937984496124 0.019258720930232558
4 0.31492248062015504 0.055050872093023256 0.00872093023255814 0.02071220930232558
4 0.28863856589147285 0.06286337209302326 0.012839147286821706 0.011627906976744186
1 0.28815406976744184 0.04614825581395349 0.012839147286821706 0.011627906976744186
4 0.21887112403100775 0.06286337209302326 0.012839147286821706 0.011627906976744186
1 0.21887112403100775 0.04760174418604651 0.012839147286821706 0.011627906976744186
4 0.23728197674418605 0.06286337209302326 0.012839147286821706 0.011627906976744186
1 0.23728197674418605 0.04760174418604651 0.012839147286821706 0.011627906976744186
4 0.2547238372093023 0.06286337209302326 0.012839147286821706 0.011627906976744186
1 0.2542393410852713 0.04614825581395349 0.012839147286821706 0.011627906976744186
4 0.2711967054263566 0.06286337209302326 0.012839147286821706 0.011627906976744186
1 0.2716812015503876 0.04614825581395349 0.012839147286821706 0.011627906976744186
1 0.30450581395348836 0.0546875 0.008236434108527133 0.019258720930232558
4 0.5664970930232558 0.4585755813953488 0.013808139534883721 0.011627906976744186
4 0.5844234496124031 0.45930232558139533 0.013808139534883721 0.01308139534883721
4 0.561046511627907 0.490734011627907 0.008236434108527133 0.019258720930232558
4 0.39171511627906974 0.5183502906976745 0.009689922480620155 0.019258720930232558
4 0.2590843023255814 0.45530523255813954 0.013808139534883721 0.012354651162790697
4 0.25714631782945735 0.5959302325581395 0.012839147286821706 0.011627906976744186
1 0.29469476744186046 0.5428779069767442 0.012354651162790697 0.011627906976744186
4 0.2588420542635659 0.6715116279069767 0.01187015503875969 0.010901162790697675
4 0.2588420542635659 0.7027616279069767 0.013323643410852713 0.011627906976744186
4 0.2860949612403101 0.6691497093023255 0.008236434108527133 0.01998546511627907
4 0.29748062015503873 0.6687863372093024 0.00872093023255814 0.019258720930232558
4 0.22214147286821706 0.7278343023255814 0.018410852713178296 0.01744186046511628
4 0.4181201550387597 0.7839752906976745 0.00872093023255814 0.019258720930232558
4 0.3396317829457364 0.8493822674418605 0.008236434108527133 0.01998546511627907
4 0.31589147286821706 0.8493822674418605 0.008236434108527133 0.01998546511627907
4 0.32751937984496127 0.8126816860465116 0.008236434108527133 0.01998546511627907
4 0.3386627906976744 0.8126816860465116 0.008236434108527133 0.01998546511627907
4 0.32703488372093026 0.8493822674418605 0.008236434108527133 0.01998546511627907
4 0.3008720930232558 0.850109011627907 0.008236434108527133 0.01998546511627907
4 0.2800387596899225 0.850109011627907 0.008236434108527133 0.01998546511627907
4 0.29021317829457366 0.8126816860465116 0.008236434108527133 0.01998546511627907
4 0.3008720930232558 0.8119549418604651 0.008236434108527133 0.01998546511627907
4 0.2800387596899225 0.8134084302325582 0.008236434108527133 0.01998546511627907
4 0.31589147286821706 0.8134084302325582 0.008236434108527133 0.01998546511627907
0 0.30862403100775193 0.7416424418604651 0.0562015503875969 0.08357558139534883
1 0.17102713178294573 0.4578488372093023 0.0692829457364341 0.10755813953488372
1 0.34156976744186046 0.1613372093023256 0.0692829457364341 0.10755813953488372
1 0.34156976744186046 0.3059593023255814 0.0692829457364341 0.10755813953488372
3 0.20687984496124032 0.35047238372093026 0.050872093023255814 0.08103197674418605
0 0.3082606589147287 0.7405523255813954 0.0559593023255814 0.08284883720930232
0 0.312015503875969 0.45348837209302323 0.05717054263565891 0.09956395348837209
0 0.3132267441860465 0.6046511627906976 0.05717054263565891 0.09956395348837209
0 0.47613856589147285 0.053052325581395346 0.056443798449612406 0.08575581395348837
0 0.47589631782945735 0.1998546511627907 0.056443798449612406 0.08575581395348837
0 0.47662306201550386 0.34629360465116277 0.056443798449612406 0.08575581395348837
0 0.2657461240310077 0.01217296511627907 0.06782945736434108 0.02434593023255814
3 0.5820009689922481 0.05577761627906977 0.1063468992248062 0.11155523255813954
3 0.40855135658914726 0.45494186046511625 0.10440891472868218 0.10755813953488372
3 0.4097625968992248 0.5977470930232558 0.10440891472868218 0.10755813953488372
3 0.5845445736434108 0.20457848837209303 0.10610465116279069 0.10973837209302326
3 0.5826065891472868 0.3508357558139535 0.10610465116279069 0.11155523255813954
3 0.2600532945736434 0.24055232558139536 0.07243217054263566 0.10973837209302326
1 0.6965843023255814 0.17023982558139536 0.015746124031007752 0.03670058139534884
1 0.7174176356589147 0.17060319767441862 0.015261627906976744 0.03597383720930233
1 0.6875 0.017078488372093022 0.015988372093023256 0.034156976744186045
1 0.7078488372093024 0.016896802325581394 0.016472868217054265 0.03379360465116279
1 0.7290455426356589 0.016715116279069766 0.017199612403100775 0.03343023255813953
1 0.8164970930232558 0.7863372093023255 0.023013565891472867 0.024709302325581394
1 0.7462451550387597 0.786155523255814 0.023498062015503876 0.022165697674418606
1 0.8501695736434108 0.7859738372093024 0.023982558139534885 0.024709302325581394
1 0.7811288759689923 0.7867005813953488 0.023982558139534885 0.024709302325581394
1 0.9523982558139535 0.7845203488372093 0.023982558139534885 0.024709302325581394
1 0.8843265503875969 0.7845203488372093 0.023982558139534885 0.024709302325581394
1 0.9865552325581395 0.7845203488372093 0.023982558139534885 0.024709302325581394
1 0.9184835271317829 0.7845203488372093 0.023982558139534885 0.024709302325581394
4 0.6992490310077519 0.7867005813953488 0.013323643410852713 0.01308139534883721
4 0.7176598837209303 0.7859738372093024 0.013323643410852713 0.01308139534883721