4 0.005087209302325582 0.24327761627906977 0.010174418604651164 0.013444767441860465
4 0.02749515503875969 0.24200581395348839 0.013323643410852713 0.012354651162790697
4 0.02749515503875969 0.2623546511627907 0.013808139534883721 0.011627906976744186
4 0.00436046511627907 0.2632630813953488 0.00872093023255814 0.013444767441860465
4 0.08478682170542635 0.3046875 0.008236434108527133 0.01998546511627907
4 0.09544573643410853 0.3046875 0.008236434108527133 0.019258720930232558
4 0.11627906976744186 0.3046875 0.008236434108527133 0.019258720930232558
4 0.1658187984496124 0.3640988372093023 0.013323643410852713 0.012354651162790697
4 0.1746608527131783 0.41696947674418605 0.008236434108527133 0.02071220930232558
4 0.09278100775193798 0.49909156976744184 0.008236434108527133 0.01998546511627907
4 0.053052325581395346 0.5001816860465116 0.008236434108527133 0.02071220930232558
4 0.05377906976744186 0.5430595930232558 0.00872093023255814 0.019258720930232558
4 0.06468023255813954 0.5441497093023255 0.008236434108527133 0.01998546511627907
4 0.07606589147286821 0.5441497093023255 0.008236434108527133 0.01998546511627907
4 0.08914728682170543 0.5445130813953488 0.008236434108527133 0.02071220930232558
4 0.0998062015503876 0.5441497093023255 0.007751937984496124 0.01998546511627907
4 0.1159156976744186 0.5428779069767442 0.012354651162790697 0.01308139534883721
4 0.13602228682170542 0.5076308139534884 0.012839147286821706 0.01308139534883721
4 0.1357800387596899 0.5250726744186046 0.013323643410852713 0.012354651162790697
4 0.1355377906976744 0.5436046511627907 0.012839147286821706 0.011627906976744186
4 0.16993701550387597 0.5021802325581395 0.013323643410852713 0.01308139534883721
4 0.17357073643410853 0.5505087209302325 0.013323643410852713 0.01308139534883721
4 0.17332848837209303 0.5748546511627907 0.013808139534883721 0.013808139534883721
4 0.13384205426356588 0.5764898255813954 0.012354651162790697 0.035247093023255814
4 0.10574127906976744 0.5797601744186046 0.012839147286821706 0.0345203488372093
4 0.10380329457364341 0.6075581395348837 0.012839147286821706 0.011627906976744186
4 0.17066375968992248 0.6106468023255814 0.012354651162790697 0.03670058139534884
4 0.1532218992248062 0.6573401162790697 0.013323643410852713 0.01308139534883721
4 0.13941375968992248 0.7523619186046512 0.012354651162790697 0.019258720930232558
4 0.16945251937984496 0.7523619186046512 0.013323643410852713 0.02071220930232558
4 0.13892926356589147 0.787609011627907 0.012354651162790697 0.022165697674418606
4 0.1977955426356589 0.801780523255814 0.014777131782945737 0.01998546511627907
4 0.19597868217054262 0.8355741279069767 0.008236434108527133 0.01998546511627907
4 0.2066375968992248 0.8363008720930233 0.007751937984496124 0.01998546511627907
4 0.23074127906976744 0.8742732558139535 0.012839147286821706 0.011627906976744186
4 0.2542393410852713 0.8742732558139535 0.012839147286821706 0.011627906976744186
4 0.2709544573643411 0.8742732558139535 0.012839147286821706 0.011627906976744186
4 0.30486918604651164 0.890625 0.012839147286821706 0.012354651162790697
4 0.30886627906976744 0.8628270348837209 0.007751937984496124 0.02071220930232558
4 0.32025193798449614 0.8442950581395349 0.008236434108527133 0.02071220930232558
4 0.30983527131782945 0.8025072674418605 0.007751937984496124 0.01998546511627907
4 0.3321220930232558 0.8381177325581395 0.007267441860465116 0.019258720930232558
4 0.34375 0.8381177325581395 0.008236434108527133 0.019258720930232558
4 0.3558624031007752 0.8392078488372093 0.007751937984496124 0.01998546511627907
4 0.344234496124031 0.8730014534883721 0.007751937984496124 0.01998546511627907
4 0.3318798449612403 0.8726380813953488 0.00872093023255814 0.02071220930232558
4 0.4018895348837209 0.8406613372093024 0.007751937984496124 0.019258720930232558
4 0.38880813953488375 0.8673691860465116 0.011143410852713179 0.028343023255813952
4 0.4316860465116279 0.8332122093023255 0.018410852713178296 0.016715116279069766
4 0.4316860465116279 0.8019622093023255 0.018410852713178296 0.01744186046511628
4 0.2616279069767442 0.801780523255814 0.008236434108527133 0.01998546511627907
4 0.2715600775193798 0.801780523255814 0.007751937984496124 0.01998546511627907
4 0.4121850775193798 0.8413880813953488 0.007025193798449613 0.019258720930232558
4 0.8806928294573644 0.7478197674418605 0.012354651162790697 0.011627906976744186
4 0.8804505813953488 0.7663517441860465 0.012839147286821706 0.011627906976744186
4 0.860343992248062 0.6500726744186046 0.012354651162790697 0.012354651162790697
4 0.8429021317829457 0.6453488372093024 0.012354651162790697 0.012354651162790697
4 0.8416908914728682 0.627906976744186 0.01187015503875969 0.010901162790697675
4 0.825218023255814 0.5664970930232558 0.01187015503875969 0.010901162790697675
4 0.8244912790697675 0.5803052325581395 0.013323643410852713 0.010901162790697675
4 0.8244912790697675 0.5970203488372093 0.014292635658914728 0.012354651162790697
4 0.8244912790697675 0.6133720930232558 0.012354651162790697 0.012354651162790697
4 0.8242490310077519 0.6271802325581395 0.012839147286821706 0.010901162790697675
4 0.7221414728682171 0.6451671511627907 0.008236434108527133 0.01998546511627907
4 0.7183866279069767 0.6224563953488372 0.012839147286821706 0.010901162790697675
4 0.7283187984496124 0.39316860465116277 0.012354651162790697 0.012354651162790697
4 0.7516957364341085 0.3940770348837209 0.007751937984496124 0.019258720930232558
4 0.7625968992248062 0.3944404069767442 0.008236434108527133 0.01998546511627907
4 0.7489098837209303 0.4498546511627907 0.012839147286821706 0.012354651162790697
4 0.766109496124031 0.45021802325581395 0.012354651162790697 0.01308139534883721
4 0.8043846899224806 0.4949127906976744 0.012354651162790697 0.011627906976744186
4 0.7543604651162791 0.5019985465116279 0.008236434108527133 0.01998546511627907
4 0.7655038759689923 0.5027252906976745 0.008236434108527133 0.01998546511627907
4 0.7300145348837209 0.5065406976744186 0.012839147286821706 0.012354651162790697
4 0.731952519379845 0.5268895348837209 0.012354651162790697 0.011627906976744186
4 0.6676356589147286 0.4336845930232558 0.008236434108527133 0.01998546511627907
4 0.7671996124031008 0.8050508720930233 0.008236434108527133 0.01998546511627907
4 0.454093992248062 0.4407703488372093 0.012839147286821706 0.010901162790697675
4 0.4543362403100775 0.45566860465116277 0.012354651162790697 0.011627906976744186
4 0.43108042635658916 0.43968023255813954 0.012839147286821706 0.012354651162790697
4 0.43083817829457366 0.45566860465116277 0.012354651162790697 0.011627906976744186
4 0.42986918604651164 0.47638081395348836 0.013808139534883721 0.011627906976744186
4 0.42914244186046513 0.49127906976744184 0.012354651162790697 0.013808139534883721
4 0.3636143410852713 0.41696947674418605 0.007751937984496124 0.018531976744186048
4 0.3490794573643411 0.41624273255813954 0.008236434108527133 0.018531976744186048
4 0.3386627906976744 0.41587936046511625 0.008236434108527133 0.017805232558139535
4 0.3282461240310077 0.41515261627906974 0.007751937984496124 0.018531976744186048
4 0.3498062015503876 0.36900436046511625 0.007751937984496124 0.017805232558139535
4 0.36143410852713176 0.3695494186046512 0.007751937984496124 0.01744186046511628
4 0.37209302325581395 0.36973110465116277 0.00872093023255814 0.017805232558139535
4 0.4014050387596899 0.37009447674418605 0.007751937984496124 0.018531976744186048
4 0.4132751937984496 0.36973110465116277 0.008236434108527133 0.019258720930232558
4 0.4258720930232558 0.32067587209302323 0.007751937984496124 0.019258720930232558
4 0.46511627906976744 0.32140261627906974 0.008236434108527133 0.019258720930232558
4 0.47625968992248063 0.32212936046511625 0.008236434108527133 0.019258720930232558
4 0.4906734496124031 0.31867732558139533 0.012354651162790697 0.012354651162790697
4 0.3183139534883721 0.37336482558139533 0.008236434108527133 0.018531976744186048
4 0.2863372093023256 0.4147892441860465 0.00872093023255814 0.019258720930232558
4 0.32945736434108525 0.3086845930232558 0.009205426356589148 0.018531976744186048
4 0.39886143410852715 0.04451308139534884 0.012839147286821706 0.019258720930232558
4 0.3628875968992248 0.005450581395348837 0.014534883720930232 0.010901162790697675
4 0.39934593023255816 0.016715116279069766 0.012839147286821706 0.01744186046511628
4 0.4643895348837209 0.022710755813953487 0.008236434108527133 0.018531976744186048
4 0.3332122093023256 0.26925872093023256 0.012354651162790697 0.01308139534883721
4 0.28839631782945735 0.3737281976744186 0.014777131782945737 0.019258720930232558
4 0.4276889534883721 0.6638808139534884 0.013323643410852713 0.013808139534883721
1 0.005692829457364341 0.708030523255814 0.011385658914728682 0.011991279069767442
1 0.003391472868217054 0.625 0.006782945736434108 0.020348837209302327
1 0.02119670542635659 0.5993822674418605 0.02252906976744186 0.02434593023255814
1 0.11652131782945736 0.4987281976744186 0.007751937984496124 0.019258720930232558
1 0.24152131782945738 0.41442587209302323 0.008236434108527133 0.019258720930232558
1 0.23062015503875968 0.4140625 0.007751937984496124 0.02071220930232558
0 0.02046996124031008 0.38117732558139533 0.04093992248062016 0.11555232558139535
2 0.1532218992248062 0.38898982558139533 0.02446705426356589 0.02434593023255814
1 0.002180232558139535 0.5461482558139535 0.00436046511627907 0.10465116279069768
0 0.07049418604651163 0.6989462209302325 0.05571705426356589 0.08757267441860465
2 0.49236918604651164 0.007267441860465116 0.025920542635658916 0.014534883720930232
3 0.4733527131782946 0.12445494186046512 0.07218992248062016 0.10719476744186046
0 0.45227713178294576 0.2547238372093023 0.055232558139534885 0.08502906976744186
1 0.5977470930232558 0.3800872093023256 0.10586240310077519 0.16497093023255813
0 0.5577761627906976 0.610828488372093 0.09568798449612403 0.20857558139534885
0 0.30002422480620156 0.607921511627907 0.19791666666666666 0.30377906976744184
2 0.19864341085271317 0.8766351744186046 0.016472868217054265 0.037427325581395346
0 0.6151889534883721 0.8375726744186046 0.04190891472868217 0.08430232558139535
0 0.516109496124031 0.8361191860465116 0.04190891472868217 0.08430232558139535
3 0.7037306201550387 0.7220203488372093 0.07170542635658915 0.10901162790697674
0 0.7923934108527132 0.71875 0.054748062015503876 0.08502906976744186
0 0.78125 0.5675872093023255 0.054748062015503876 0.08502906976744186
1 0.71875 0.9007994186046512 0.07170542635658915 0.1119186046511628
1 0.7894864341085271 0.39353197674418605 0.011143410852713179 0.02688953488372093
1 0.7753149224806202 0.5030886627906976 0.007025193798449613 0.019258720930232558
1 0.8035368217054264 0.5116279069767442 0.011627906976744186 0.011627906976744186
1 0.7439437984496124 0.5023619186046512 0.007751937984496124 0.019258720930232558
5 0.6941618217054264 0.4167877906976744 0.03221899224806202 0.024709302325581394
1 0.8823885658914729 0.7038517441860465 0.021075581395348836 0.0559593023255814
1 0.8523498062015504 0.7025799418604651 0.015261627906976744 0.0345203488372093
1 0.8355135658914729 0.7047601744186046 0.007751937984496124 0.02071220930232558
1 0.752422480620155 0.7254723837209303 0.009205426356589148 0.02071220930232558
1 0.7567829457364341 0.7796148255813954 0.00872093023255814 0.01998546511627907
1 0.7674418604651163 0.7799781976744186 0.007751937984496124 0.02071220930232558
1 0.7432170542635659 0.6288154069767442 0.007267441860465116 0.019258720930232558
1 0.732437015503876 0.6277252906976745 0.007025193798449613 0.018531976744186048
1 0.7000968992248062 0.6277252906976745 0.007267441860465116 0.018531976744186048
1 0.6471656976744186 0.6876816860465116 0.014777131782945737 0.03379360465116279
1 0.6293604651162791 0.6865915697674418 0.007751937984496124 0.019258720930232558
1 0.7321947674418605 0.5416061046511628 0.012839147286821706 0.010537790697674418
1 0.49830426356589147 0.267078488372093 0.020833333333333332 0.056686046511627904
1 0.5055717054263565 0.321765988372093 0.007751937984496124 0.018531976744186048
1 0.45566860465116277 0.32140261627906974 0.007751937984496124 0.019258720930232558
1 0.40491763565891475 0.3172238372093023 0.01187015503875969 0.010901162790697675
1 0.40491763565891475 0.3324854651162791 0.012839147286821706 0.012354651162790697
1 0.4164244186046512 0.2291061046511628 0.008236434108527133 0.01998546511627907
1 0.4795300387596899 0.44113372093023256 0.01187015503875969 0.011627906976744186
1 0.3694282945736434 0.8691860465116279 0.011143410852713179 0.02616279069767442
1 0.28766957364341084 0.890625 0.012354651162790697 0.010901162790697675
1 0.30886627906976744 0.8377543604651163 0.007751937984496124 0.018531976744186048
1 0.32049418604651164 0.8035973837209303 0.007751937984496124 0.019258720930232558
1 0.3323643410852713 0.8035973837209303 0.007751937984496124 0.017805232558139535
1 0.34435562015503873 0.803234011627907 0.007025193798449613 0.018531976744186048
1 0.3558624031007752 0.803234011627907 0.007751937984496124 0.018531976744186048
1 0.45445736434108525 0.02779796511627907 0.007751937984496124 0.017805232558139535
1 0.4675387596899225 0.001816860465116279 0.015503875968992248 0.003633720930232558