1 0.12948158914728683 0.09029796511627906 0.015746124031007752 0.03597383720930233
1 0.14825581395348839 0.08993459302325581 0.016472868217054265 0.035247093023255814
1 0.09265988372093023 0.09029796511627906 0.015746124031007752 0.03597383720930233
1 0.11143410852713179 0.08993459302325581 0.016472868217054265 0.035247093023255814
1 0.055838178294573645 0.08957122093023256 0.015746124031007752 0.03597383720930233
1 0.07461240310077519 0.08993459302325581 0.016472868217054265 0.035247093023255814
1 0.019016472868217053 0.08884447674418605 0.015746124031007752 0.03597383720930233
1 0.037306201550387594 0.0884811046511628 0.016472868217054265 0.035247093023255814
1 0.12996608527131784 0.035065406976744186 0.015746124031007752 0.03597383720930233
1 0.14777131782945738 0.036155523255813955 0.016472868217054265 0.035247093023255814
1 0.09314437984496124 0.03433866279069767 0.015746124031007752 0.03597383720930233
1 0.11094961240310078 0.03470203488372093 0.016472868217054265 0.035247093023255814
1 0.055838178294573645 0.03433866279069767 0.015746124031007752 0.03597383720930233
1 0.07461240310077519 0.03470203488372093 0.016472868217054265 0.035247093023255814
1 0.019016472868217053 0.03433866279069767 0.015746124031007752 0.03597383720930233
1 0.0377906976744186 0.033975290697674417 0.016472868217054265 0.035247093023255814
1 0.03670058139534884 0.6333575581395349 0.014292635658914728 0.014534883720930232
1 0.16170058139534885 0.7790697674418605 0.023982558139534885 0.024709302325581394
1 0.40515988372093026 0.784156976744186 0.023982558139534885 0.024709302325581394
1 0.0592296511627907 0.7772529069767442 0.023982558139534885 0.024709302325581394
1 0.02507267441860465 0.7772529069767442 0.023982558139534885 0.024709302325581394
1 0.1277858527131783 0.7794331395348837 0.023982558139534885 0.024709302325581394
1 0.09362887596899225 0.7787063953488372 0.023982558139534885 0.024709302325581394
1 0.3022044573643411 0.782703488372093 0.023982558139534885 0.024709302325581394
1 0.26853197674418605 0.782703488372093 0.023982558139534885 0.024709302325581394
1 0.3717296511627907 0.784156976744186 0.023982558139534885 0.024709302325581394
1 0.33660368217054265 0.782703488372093 0.023982558139534885 0.024709302325581394
1 0.19718992248062014 0.7814316860465116 0.020348837209302327 0.019258720930232558
1 0.8215843023255814 0.7890625 0.023013565891472867 0.023619186046511628
4 0.7951792635658915 0.7877906976744186 0.014292635658914728 0.013808139534883721
1 0.856952519379845 0.7888808139534884 0.023013565891472867 0.024709302325581394
4 0.9791666666666666 0.0007267441860465116 0.01308139534883721 0.0014534883720930232
4 0.9509447674418605 0.010537790697674418 0.012839147286821706 0.012354651162790697
4 0.9509447674418605 0.03433866279069767 0.012839147286821706 0.018531976744186048
4 0.9304748062015504 0.059774709302325583 0.007751937984496124 0.019258720930232558
4 0.9600290697674418 0.10083575581395349 0.008236434108527133 0.01998546511627907
4 0.937015503875969 0.1477107558139535 0.008236434108527133 0.01998546511627907
4 0.9745639534883721 0.2272892441860465 0.00872093023255814 0.01998546511627907
4 0.9864341085271318 0.2265625 0.008236434108527133 0.01998546511627907
4 0.9979408914728682 0.24327761627906977 0.003633720930232558 0.013444767441860465
4 0.9974563953488372 0.2632630813953488 0.004602713178294574 0.013444767441860465
4 0.9704457364341085 0.25599563953488375 0.00872093023255814 0.02071220930232558
4 0.9166666666666666 0.8264898255813954 0.00872093023255814 0.022165697674418606
4 0.626453488372093 0.428234011627907 0.008236434108527133 0.021438953488372093
4 0.6373546511627907 0.42859738372093026 0.008236434108527133 0.02071220930232558
4 0.7351017441860465 0.4164244186046512 0.012839147286821706 0.01308139534883721
4 0.734375 0.43968023255813954 0.013323643410852713 0.01308139534883721
4 0.734859496124031 0.45421511627906974 0.013323643410852713 0.011627906976744186
1 0.734859496124031 0.39952761627906974 0.01187015503875969 0.009811046511627907
4 0.6535852713178295 0.46820494186046513 0.008236434108527133 0.01998546511627907
4 0.7366763565891473 0.49909156976744184 0.007751937984496124 0.01998546511627907
4 0.8336967054263565 0.32921511627906974 0.013323643410852713 0.013808139534883721
1 0.5461482558139535 0.07067587209302326 0.015746124031007752 0.035247093023255814
1 0.5669815891472868 0.07103924418604651 0.014777131782945737 0.03597383720930233
1 0.5880571705426356 0.07103924418604651 0.015746124031007752 0.03597383720930233
1 0.545421511627907 0.18368459302325582 0.015746124031007752 0.035247093023255814
1 0.5667393410852714 0.1847747093023256 0.014777131782945737 0.03597383720930233
1 0.5878149224806202 0.1855014534883721 0.015746124031007752 0.03597383720930233
1 0.999515503875969 0.708030523255814 0.00048449612403100775 0.011991279069767442
1 0.999515503875969 0.625 0.00048449612403100775 0.020348837209302327
1 0.8580426356589147 0.2754360465116279 0.010174418604651164 0.028343023255813952
1 0.8425387596899225 0.26816860465116277 0.011627906976744186 0.027616279069767442
1 0.9857073643410853 0.10737645348837209 0.007751937984496124 0.017805232558139535
1 0.9755329457364341 0.10737645348837209 0.007751937984496124 0.019258720930232558
1 0.8590116279069767 0.12427325581395349 0.011143410852713179 0.028343023255813952
1 0.843265503875969 0.12318313953488372 0.011143410852713179 0.027616279069767442
1 0.8346656976744186 0.16424418604651161 0.014292635658914728 0.01308139534883721
1 0.8358769379844961 0.015261627906976744 0.012839147286821706 0.011627906976744186
1 0.8349079457364341 0.31286337209302323 0.014777131782945737 0.014534883720930232
0 0.9595445736434108 0.7936046511627907 0.054748062015503876 0.08212209302325581
1 0.8959544573643411 0.23019622093023256 0.07000968992248062 0.10574127906976744
1 0.8890503875968992 0.033248546511627904 0.07025193798449612 0.06649709302325581
5 0.9393168604651163 0.10592296511627906 0.02446705426356589 0.022165697674418606
0 0.9665697674418605 0.38117732558139533 0.06637596899224807 0.11555232558139535
1 0.9685077519379846 0.5461482558139535 0.0625 0.10465116279069768
3 0.876453488372093 0.47819767441860467 0.07170542635658915 0.11337209302325581
3 0.9578488372093024 0.6660610465116279 0.07170542635658915 0.11337209302325581
0 0.6864098837209303 0.42405523255813954 0.033672480620155036 0.053052325581395346
3 0.6813226744186046 0.04941860465116279 0.10440891472868218 0.09883720930232558
3 0.6816860465116279 0.1847747093023256 0.10416666666666667 0.11882267441860465
3 0.6812015503875969 0.33811773255813954 0.10416666666666667 0.11882267441860465