1 0.27361918604651164 0.23328488372093023 0.023982558139534885 0.024709302325581394
1 0.3075339147286822 0.2336482558139535 0.023498062015503876 0.024709302325581394
1 0.34169089147286824 0.23473837209302326 0.023982558139534885 0.025436046511627907
1 0.028706395348837208 0.22965116279069767 0.023982558139534885 0.024709302325581394
1 0.06262112403100775 0.23001453488372092 0.023498062015503876 0.024709302325581394
1 0.09726259689922481 0.2311046511627907 0.023982558139534885 0.025436046511627907
1 0.16727228682170542 0.2318313953488372 0.023982558139534885 0.024709302325581394
1 0.20506298449612403 0.23219476744186046 0.023498062015503876 0.024709302325581394
1 0.2392199612403101 0.2318313953488372 0.023982558139534885 0.025436046511627907
4 0.13590116279069767 0.2323764534883721 0.0188953488372093 0.017805232558139535
1 0.13045058139534885 0.9246002906976745 0.015746124031007752 0.03597383720930233
1 0.14922480620155038 0.9249636627906976 0.016472868217054265 0.035247093023255814
1 0.09362887596899225 0.9238735465116279 0.015746124031007752 0.03597383720930233
1 0.1119186046511628 0.9249636627906976 0.016472868217054265 0.035247093023255814
1 0.056322674418604654 0.9238735465116279 0.015746124031007752 0.03597383720930233
1 0.0750968992248062 0.9242369186046512 0.016472868217054265 0.035247093023255814
1 0.019500968992248062 0.9238735465116279 0.015746124031007752 0.03597383720930233
1 0.03827519379844961 0.9235101744186046 0.016472868217054265 0.035247093023255814
1 0.12996608527131784 0.9805595930232558 0.015746124031007752 0.03597383720930233
1 0.14922480620155038 0.9801962209302325 0.016472868217054265 0.035247093023255814
1 0.09362887596899225 0.9798328488372093 0.015746124031007752 0.03597383720930233
1 0.11143410852713179 0.9801962209302325 0.016472868217054265 0.035247093023255814
1 0.056322674418604654 0.9791061046511628 0.015746124031007752 0.03597383720930233
1 0.0750968992248062 0.979469476744186 0.016472868217054265 0.035247093023255814
1 0.019500968992248062 0.9791061046511628 0.015746124031007752 0.03597383720930233
1 0.03827519379844961 0.9787427325581395 0.016472868217054265 0.035247093023255814
4 0.939922480620155 0.32776162790697677 0.01744186046511628 0.016715116279069766
4 0.5626211240310077 0.24055232558139536 0.013323643410852713 0.012354651162790697
4 0.5815164728682171 0.24055232558139536 0.013323643410852713 0.012354651162790697
4 0.8329699612403101 0.25363372093023256 0.013323643410852713 0.012354651162790697
4 0.8942587209302325 0.25363372093023256 0.013323643410852713 0.012354651162790697
4 0.8942587209302325 0.2376453488372093 0.013323643410852713 0.012354651162790697
4 0.8763323643410853 0.2376453488372093 0.013323643410852713 0.012354651162790697
4 0.9085513565891473 0.5323401162790697 0.013323643410852713 0.012354651162790697
4 0.9734738372093024 0.24382267441860464 0.013323643410852713 0.012354651162790697
4 0.891109496124031 0.39171511627906974 0.013323643410852713 0.012354651162790697
4 0.8671269379844961 0.39098837209302323 0.013323643410852713 0.012354651162790697
4 0.8467781007751938 0.39098837209302323 0.013323643410852713 0.012354651162790697
4 0.8293362403100775 0.39026162790697677 0.013323643410852713 0.012354651162790697
4 0.795906007751938 0.42550872093023256 0.013808139534883721 0.01308139534883721
4 0.735828488372093 0.6293604651162791 0.013323643410852713 0.012354651162790697
4 0.7147529069767442 0.6293604651162791 0.013323643410852713 0.012354651162790697
4 0.9141230620155039 0.6678779069767442 0.013323643410852713 0.012354651162790697
4 0.9991521317829457 0.6571584302325582 0.0012112403100775194 0.012718023255813954
4 0.9085513565891473 0.515625 0.013323643410852713 0.012354651162790697
4 0.9972141472868217 0.5643168604651163 0.005087209302325582 0.020348837209302327
4 0.9760174418604651 0.5644985465116279 0.00872093023255814 0.02071220930232558
4 0.9161821705426356 0.5681322674418605 0.00872093023255814 0.019258720930232558
4 0.8999515503875969 0.5681322674418605 0.009205426356589148 0.02071220930232558
4 0.9984253875968992 0.40879360465116277 0.0026647286821705426 0.021075581395348836
4 0.9656007751937985 0.4133357558139535 0.008236434108527133 0.019258720930232558
4 0.9142441860465116 0.44785610465116277 0.00872093023255814 0.02071220930232558
4 0.8375726744186046 0.7321947674418605 0.014292635658914728 0.013808139534883721
4 0.984859496124031 0.75 0.013323643410852713 0.01308139534883721
4 0.9669331395348837 0.7648982558139535 0.013323643410852713 0.012354651162790697
4 0.9671753875968992 0.782703488372093 0.012839147286821706 0.012354651162790697
4 0.9918846899224806 0.782703488372093 0.01187015503875969 0.012354651162790697
4 0.9918846899224806 0.8012354651162791 0.01187015503875969 0.012354651162790697
4 0.9671753875968992 0.8005087209302325 0.013808139534883721 0.011627906976744186
4 0.9712936046511628 0.8270348837209303 0.012354651162790697 0.012354651162790697
4 0.9884932170542635 0.828125 0.014292635658914728 0.011627906976744186
4 0.9880087209302325 0.8550145348837209 0.013323643410852713 0.01308139534883721
4 0.9708091085271318 0.8539244186046512 0.012839147286821706 0.012354651162790697
4 0.9865552325581395 0.8859011627906976 0.013323643410852713 0.01308139534883721
4 0.9865552325581395 0.9113372093023255 0.013323643410852713 0.012354651162790697
4 0.9693556201550387 0.909156976744186 0.012839147286821706 0.012354651162790697
4 0.952640503875969 0.8924418604651163 0.013323643410852713 0.012354651162790697
4 0.9771075581395349 0.9385901162790697 0.012839147286821706 0.01308139534883721
4 0.9797722868217055 0.9629360465116279 0.013323643410852713 0.012354651162790697
4 0.9390746124031008 0.9680232558139535 0.012354651162790697 0.01308139534883721
4 0.952156007751938 0.9938226744186046 0.013323643410852713 0.011627906976744186
4 0.9791666666666666 0.9938226744186046 0.01308139534883721 0.011627906976744186
1 0.32594476744186046 0.3808139534883721 0.013323643410852713 0.013808139534883721
1 0.5480862403100775 0.8279433139534884 0.015746124031007752 0.035247093023255814
1 0.5684350775193798 0.8290334302325582 0.014777131782945737 0.03597383720930233
1 0.5890261627906976 0.8297601744186046 0.015746124031007752 0.03597383720930233
1 0.5471172480620154 0.9420421511627907 0.015746124031007752 0.035247093023255814
1 0.5679505813953488 0.942405523255814 0.014777131782945737 0.03597383720930233
1 0.5885416666666666 0.943859011627907 0.015746124031007752 0.03597383720930233
1 0.844718992248062 0.9694767441860465 0.010174418604651164 0.029796511627906978
1 0.8602228682170543 0.9433139534883721 0.011143410852713179 0.028343023255813952
1 0.8607073643410853 0.8259447674418605 0.011143410852713179 0.028343023255813952
1 0.844718992248062 0.8244912790697675 0.010174418604651164 0.028343023255813952
1 0.8361191860465116 0.8648255813953488 0.013323643410852713 0.012354651162790697
1 0.8614341085271318 0.6755087209302325 0.01065891472868217 0.029796511627906978
1 0.8459302325581395 0.6751453488372093 0.011143410852713179 0.029069767441860465
1 0.8380571705426356 0.7151162790697675 0.015261627906976744 0.012354651162790697
1 0.9452519379844961 0.6037427325581395 0.007751937984496124 0.019258720930232558
1 0.9637839147286822 0.59375 0.012839147286821706 0.011627906976744186
1 0.9640261627906976 0.6104651162790697 0.012354651162790697 0.011627906976744186
1 0.9554263565891473 0.5719476744186046 0.0188953488372093 0.015988372093023256
1 0.9881298449612403 0.5637718023255814 0.007267441860465116 0.019258720930232558
1 0.9325339147286822 0.4734738372093023 0.021075581395348836 0.05813953488372093
1 0.936531007751938 0.4089752906976744 0.007751937984496124 0.017805232558139535
1 0.903343023255814 0.44712936046511625 0.007751937984496124 0.02071220930232558
1 0.904312015503876 0.47910610465116277 0.007267441860465116 0.018531976744186048
1 0.7956637596899225 0.4407703488372093 0.013323643410852713 0.012354651162790697
1 0.795421511627907 0.4571220930232558 0.012354651162790697 0.011627906976744186
1 0.795421511627907 0.5087209302325582 0.012839147286821706 0.010901162790697675
1 0.7951792635658915 0.5250726744186046 0.013323643410852713 0.010901162790697675
1 0.829093992248062 0.40661337209302323 0.013323643410852713 0.011627906976744186
1 0.8460513565891473 0.40661337209302323 0.012839147286821706 0.011627906976744186
1 0.8671269379844961 0.407703488372093 0.013808139534883721 0.012354651162790697
1 0.891593992248062 0.40806686046511625 0.013808139534883721 0.011627906976744186
1 0.812984496124031 0.3984375 0.007751937984496124 0.018531976744186048
4 0.8030523255813954 0.3977107558139535 0.009205426356589148 0.01998546511627907
4 0.7926356589147286 0.39807412790697677 0.009205426356589148 0.02071220930232558
1 0.9725048449612403 0.35101744186046513 0.013323643410852713 0.010901162790697675
1 0.9725048449612403 0.33175872093023256 0.012839147286821706 0.012354651162790697
1 0.9727470930232558 0.30632267441860467 0.013323643410852713 0.012354651162790697
1 0.9720203488372093 0.2863372093023256 0.012839147286821706 0.010901162790697675
4 0.9769864341085271 0.41297238372093026 0.007751937984496124 0.022892441860465115
1 0.9133963178294574 0.23800872093023256 0.012354651162790697 0.011627906976744186
1 0.9121850775193798 0.2539970930232558 0.01187015503875969 0.011627906976744186
1 0.8523498062015504 0.23746366279069767 0.01187015503875969 0.010537790697674418
1 0.8327277131782945 0.2369186046511628 0.013323643410852713 0.011627906976744186
0 0.9976986434108527 0.32140261627906974 0.004118217054263566 0.09774709302325581
0 0.8519864341085271 0.4778343023255814 0.06540697674418605 0.09883720930232558
0 0.9777131782945736 0.4732921511627907 0.04408914728682171 0.08539244186046512
5 0.8746366279069767 0.6006540697674418 0.034156976744186045 0.025436046511627907
5 0.9138808139534884 0.6275436046511628 0.034156976744186045 0.025436046511627907
0 0.965843023255814 0.6815043604651163 0.05377906976744186 0.06286337209302326
1 0.9017684108527132 0.774890988372093 0.07000968992248062 0.10574127906976744
1 0.8890503875968992 0.9800145348837209 0.07025193798449612 0.03924418604651163
3 0.6853197674418605 0.7374636627906976 0.10416666666666667 0.11882267441860465
3 0.6813226744186046 0.9896438953488372 0.10440891472868218 0.01998546511627907
3 0.6826550387596899 0.8886264534883721 0.10416666666666667 0.11882267441860465
2 0.9987887596899225 0.6039244186046512 0.001937984496124031 0.038517441860465115