1 0.19840116279069767 0.6008357558139535 0.015988372093023256 0.015625
1 0.1982800387596899 0.6197311046511628 0.016715116279069766 0.014171511627906976
1 0.1882267441860465 0.6709665697674418 0.015503875968992248 0.014898255813953489
1 0.18810562015503876 0.6894985465116279 0.016715116279069766 0.014898255813953489
1 0.4064922480620155 0.6878633720930233 0.01937984496124031 0.01744186046511628
1 0.4055232558139535 0.6686046511627907 0.0188953488372093 0.016715116279069766
1 0.7410368217054264 0.022347383720930234 0.015988372093023256 0.014171511627906976
1 0.6992490310077519 0.022710755813953487 0.016715116279069766 0.014898255813953489
1 0.7189922480620154 0.049781976744186045 0.030523255813953487 0.029069767441860465
1 0.5135658914728682 0.12336482558139535 0.015988372093023256 0.014898255813953489
4 0.42962693798449614 0.08611918604651163 0.017199612403100775 0.015261627906976744
4 0.022771317829457363 0.49509447674418605 0.010174418604651164 0.025799418604651164
4 0.03609496124031008 0.49473110465116277 0.010174418604651164 0.027252906976744186