4 0.14886143410852712 0.10228924418604651 0.017684108527131783 0.016351744186046513
4 0.17502422480620156 0.10265261627906977 0.017684108527131783 0.017078488372093022
4 0.03863856589147287 0.10737645348837209 0.017684108527131783 0.016351744186046513
4 0.03936531007751938 0.1295421511627907 0.018168604651162792 0.016351744186046513
4 0.03888081395348837 0.15225290697674418 0.017199612403100775 0.015261627906976744
4 0.03863856589147287 0.17314680232558138 0.017684108527131783 0.016351744186046513
4 0.47056686046511625 0.18768168604651161 0.017684108527131783 0.016351744186046513
4 0.5042393410852714 0.1980377906976744 0.010901162790697675 0.024709302325581394
4 0.5420300387596899 0.23528343023255813 0.010901162790697675 0.027252906976744186
4 0.4778343023255814 0.22801598837209303 0.017684108527131783 0.016351744186046513
4 0.609859496124031 0.44113372093023256 0.017684108527131783 0.015261627906976744
4 0.608890503875969 0.46130087209302323 0.017684108527131783 0.016351744186046513
4 0.6500726744186046 0.45130813953488375 0.018168604651162792 0.015261627906976744
4 0.5640746124031008 0.5477834302325582 0.010901162790697675 0.027252906976744186
4 0.5168362403100775 0.5481468023255814 0.010901162790697675 0.027252906976744186
4 0.5476017441860465 0.5059956395348837 0.010901162790697675 0.027252906976744186
4 0.5316133720930233 0.5078125 0.010901162790697675 0.027252906976744186
4 0.6423207364341085 0.5470566860465116 0.010901162790697675 0.027252906976744186
4 0.6263323643410853 0.5481468023255814 0.010901162790697675 0.027252906976744186
4 0.6110707364341085 0.5477834302325582 0.010901162790697675 0.027252906976744186
4 0.5955668604651163 0.5488735465116279 0.010901162790697675 0.027252906976744186
4 0.6495881782945736 0.49236918604651164 0.017199612403100775 0.015261627906976744
1 0.218265503875969 0.3001453488372093 0.02180232558139535 0.047238372093023256
1 0.053052325581395346 0.6818677325581395 0.022286821705426358 0.049781976744186045
1 0.13202519379844962 0.6840479651162791 0.022771317829457363 0.05123546511627907
1 0.20348837209302326 0.6836845930232558 0.022771317829457363 0.05050872093023256
1 0.18313953488372092 0.6902252906976745 0.009689922480620155 0.025799418604651164
1 0.11143410852713179 0.6896802325581395 0.010174418604651164 0.024709302325581394
1 0.0753391472868217 0.6894985465116279 0.010174418604651164 0.025799418604651164
1 0.011506782945736434 0.1744186046511628 0.017199612403100775 0.014534883720930232
1 0.011506782945736434 0.15079941860465115 0.017199612403100775 0.014534883720930232
1 0.011506782945736434 0.1282703488372093 0.017199612403100775 0.014534883720930232
1 0.011506782945736434 0.10610465116279069 0.017199612403100775 0.014534883720930232
1 0.1928294573643411 0.24364098837209303 0.009689922480620155 0.025799418604651164
1 0.5203488372093024 0.23528343023255813 0.010174418604651164 0.025799418604651164
1 0.517078488372093 0.6166424418604651 0.014777131782945737 0.03924418604651163
1 0.5241036821705426 0.4578488372093023 0.006540697674418605 0.016715116279069766
1 0.5342781007751938 0.45058139534883723 0.006540697674418605 0.015261627906976744
1 0.5466327519379846 0.4429505813953488 0.006540697674418605 0.015261627906976744
1 0.500968992248062 0.45021802325581395 0.006782945736434108 0.016715116279069766
1 0.4626937984496124 0.44567587209302323 0.011627906976744186 0.009811046511627907
1 0.4362887596899225 0.376453488372093 0.011143410852713179 0.010901162790697675
1 0.4619670542635659 0.3346656976744186 0.011143410852713179 0.010901162790697675
1 0.5276162790697675 0.28415697674418605 0.006782945736434108 0.01744186046511628
1 0.5377906976744186 0.3081395348837209 0.006782945736434108 0.016715116279069766
1 0.5758236434108527 0.29796511627906974 0.011627906976744186 0.010901162790697675
1 0.5746124031007752 0.3273982558139535 0.006782945736434108 0.018168604651162792
1 0.5765503875968992 0.36155523255813954 0.011143410852713179 0.010174418604651164
1 0.4566375968992248 0.26744186046511625 0.011627906976744186 0.010174418604651164
1 0.26598837209302323 0.038517441860465115 0.011627906976744186 0.010901162790697675
1 0.2916666666666667 0.05995639534883721 0.007267441860465116 0.018168604651162792
1 0.2492732558139535 0.06831395348837209 0.007267441860465116 0.016715116279069766
1 0.2374031007751938 0.06831395348837209 0.006782945736434108 0.016715116279069766
1 0.2063953488372093 0.07667151162790697 0.007267441860465116 0.016715116279069766
1 0.20397286821705427 0.050872093023255814 0.01065891472868217 0.010174418604651164
1 0.18071705426356588 0.05559593023255814 0.011627906976744186 0.010174418604651164
1 0.13493217054263565 0.03343023255813953 0.007267441860465116 0.015988372093023256
1 0.1065891472868217 0.03815406976744186 0.01065891472868217 0.010174418604651164
1 0.27180232558139533 0.16969476744186046 0.006782945736434108 0.015988372093023256
1 0.27737403100775193 0.21784156976744187 0.011143410852713179 0.009811046511627907
1 0.2543604651162791 0.21711482558139536 0.01065891472868217 0.009811046511627907
1 0.24878875968992248 0.18895348837209303 0.007267441860465116 0.01744186046511628
1 0.22044573643410853 0.2167514534883721 0.011143410852713179 0.009811046511627907
1 0.18604651162790697 0.19949127906976744 0.011143410852713179 0.010174418604651164
1 0.16375968992248063 0.20021802325581395 0.011627906976744186 0.010174418604651164
1 0.12911821705426357 0.21693313953488372 0.012112403100775194 0.011627906976744186
1 0.11143410852713179 0.22529069767441862 0.006782945736434108 0.016715116279069766