4 0.48776647286821706 0.008539244186046511 0.010416666666666666 0.017078488372093022
4 0.19670542635658914 0.00436046511627907 0.011143410852713179 0.00872093023255814
4 0.23304263565891473 0.004723837209302325 0.011627906976744186 0.00944767441860465
4 0.29941860465116277 0.11954941860465117 0.016472868217054265 0.015261627906976744
4 0.44488856589147285 0.09484011627906977 0.017199612403100775 0.015261627906976744
4 0.46039244186046513 0.11627906976744186 0.017684108527131783 0.015261627906976744
4 0.34508236434108525 0.1517078488372093 0.017684108527131783 0.016351744186046513
0 0.27967538759689925 0.17423691860465115 0.04578488372093023 0.041061046511627904
0 0.35683139534883723 0.28379360465116277 0.07655038759689922 0.12427325581395349
4 0.2658672480620155 0.24127906976744187 0.017684108527131783 0.015261627906976744
4 0.26453488372093026 0.2956031976744186 0.0188953488372093 0.016351744186046513
4 0.45627422480620156 0.2696220930232558 0.017684108527131783 0.015261627906976744
4 0.6189437984496124 0.35955668604651164 0.010174418604651164 0.027252906976744186
4 0.4367732558139535 0.5052688953488372 0.010174418604651164 0.025799418604651164
4 0.3535610465116279 0.5103561046511628 0.010901162790697675 0.027252906976744186
4 0.3379360465116279 0.510719476744186 0.010174418604651164 0.026526162790697673
4 0.3237645348837209 0.5410610465116279 0.017199612403100775 0.015261627906976744
4 0.4442829457364341 0.5377906976744186 0.016472868217054265 0.015261627906976744
4 0.360828488372093 0.5403343023255814 0.018168604651162792 0.015261627906976744
4 0.33587693798449614 0.6595203488372093 0.017199612403100775 0.015261627906976744
4 0.33587693798449614 0.6166424418604651 0.017199612403100775 0.015261627906976744
4 0.33587693798449614 0.5944767441860465 0.017199612403100775 0.015261627906976744
4 0.3341812015503876 0.5686773255813954 0.017199612403100775 0.015261627906976744
4 0.33563468992248063 0.6380813953488372 0.017199612403100775 0.015261627906976744
4 0.24127906976744187 0.4914607558139535 0.010174418604651164 0.025799418604651164
0 0.15225290697674418 0.5941133720930233 0.1509205426356589 0.11918604651162791
4 0.1222141472868217 0.7601744186046512 0.017684108527131783 0.014534883720930232
4 0.08587693798449612 0.7792514534883721 0.017684108527131783 0.016351744186046513
4 0.07109980620155039 0.7561773255813954 0.018168604651162792 0.015261627906976744
4 0.23837209302325582 0.7799781976744186 0.0188953488372093 0.016351744186046513
1 0.5356104651162791 0.009265988372093024 0.03391472868217054 0.018531976744186048
1 0.5350048449612403 0.052688953488372096 0.034156976744186045 0.032703488372093026
1 0.3481104651162791 0.12481831395348837 0.02616279069767442 0.022165697674418606
1 0.24454941860465115 0.15752180232558138 0.010901162790697675 0.025799418604651164
1 0.44016472868217055 0.23146802325581395 0.010174418604651164 0.024709302325581394
1 0.4617248062015504 0.2207485465116279 0.022286821705426358 0.049781976744186045
1 0.5357315891472868 0.23473837209302326 0.034156976744186045 0.03343023255813953
1 0.5345203488372093 0.28306686046511625 0.034156976744186045 0.034156976744186045
1 0.6350532945736435 0.48964389534883723 0.023982558139534885 0.05123546511627907
1 0.45421511627906974 0.5690406976744186 0.012112403100775194 0.028343023255813952
1 0.45554748062015504 0.6104651162790697 0.011385658914728682 0.029069767441860465
1 0.3747577519379845 0.5694040697674418 0.012112403100775194 0.028343023255813952
1 0.3751211240310077 0.6188226744186046 0.011385658914728682 0.029069767441860465
1 0.390140503875969 0.5690406976744186 0.010901162790697675 0.024709302325581394
1 0.3905038759689923 0.6190043604651163 0.009689922480620155 0.025799418604651164
1 0.4689922480620155 0.5697674418604651 0.012112403100775194 0.028343023255813952
1 0.46935562015503873 0.6104651162790697 0.011385658914728682 0.029069767441860465
1 0.48376937984496127 0.6106468023255814 0.009689922480620155 0.025799418604651164
1 0.4841327519379845 0.5697674418604651 0.010901162790697675 0.024709302325581394
1 0.08648255813953488 0.4742005813953488 0.015988372093023256 0.015261627906976744
1 0.23885658914728683 0.6671511627906976 0.016472868217054265 0.015261627906976744
1 0.24127906976744187 0.5325218023255814 0.010174418604651164 0.025799418604651164
1 0.7845203488372093 0.4909156976744186 0.023498062015503876 0.05232558139534884
1 0.8578003875968992 0.4909156976744186 0.022771317829457363 0.05232558139534884
1 0.9572432170542635 0.31813226744186046 0.034156976744186045 0.035247093023255814
1 0.956031976744186 0.10174418604651163 0.034156976744186045 0.034156976744186045
1 0.6545542635658915 0.23001453488372092 0.006782945736434108 0.01744186046511628
1 0.5983527131782945 0.29905523255813954 0.007267441860465116 0.016715116279069766
1 0.625968992248062 0.2285610465116279 0.011143410852713179 0.010901162790697675
1 0.5964147286821705 0.36046511627906974 0.006782945736434108 0.01744186046511628
1 0.6252422480620154 0.4029796511627907 0.006782945736434108 0.01744186046511628
1 0.6392926356589147 0.4004360465116279 0.006782945736434108 0.01744186046511628
1 0.6678779069767442 0.4004360465116279 0.006782945736434108 0.01744186046511628
1 0.6816860465116279 0.36046511627906974 0.006782945736434108 0.01744186046511628
1 0.6392926356589147 0.31613372093023256 0.006782945736434108 0.01744186046511628
1 0.6821705426356589 0.31468023255813954 0.006782945736434108 0.01744186046511628
1 0.6964631782945736 0.29469476744186046 0.006782945736434108 0.01744186046511628
1 0.6964631782945736 0.27289244186046513 0.006782945736434108 0.01744186046511628
1 0.7114825581395349 0.25181686046511625 0.006782945736434108 0.01744186046511628
1 0.7252906976744186 0.27289244186046513 0.006782945736434108 0.01744186046511628
1 0.7405523255813954 0.29469476744186046 0.006782945736434108 0.01744186046511628
1 0.7526647286821705 0.29469476744186046 0.006782945736434108 0.01744186046511628
1 0.7531492248062015 0.35828488372093026 0.006782945736434108 0.01744186046511628
1 0.7252906976744186 0.360828488372093 0.006782945736434108 0.01744186046511628
1 0.7248062015503876 0.4011627906976744 0.006782945736434108 0.01744186046511628
1 0.6964631782945736 0.4011627906976744 0.006782945736434108 0.01744186046511628
1 0.7531492248062015 0.4011627906976744 0.006782945736434108 0.01744186046511628
1 0.78125 0.3808139534883721 0.006782945736434108 0.01744186046511628
1 0.780765503875969 0.35973837209302323 0.006782945736434108 0.01744186046511628
1 0.8243701550387597 0.35646802325581395 0.006782945736434108 0.01744186046511628
1 0.8386627906976745 0.38299418604651164 0.006782945736434108 0.01744186046511628
1 0.8531976744186046 0.3561046511627907 0.006782945736434108 0.01744186046511628
1 0.8800872093023255 0.3626453488372093 0.006782945736434108 0.01744186046511628
1 0.8662790697674418 0.4018895348837209 0.006782945736434108 0.01744186046511628
1 0.7960271317829457 0.2917877906976744 0.006782945736434108 0.01744186046511628
1 0.7674418604651163 0.27325581395348836 0.006782945736434108 0.01744186046511628
1 0.7674418604651163 0.25290697674418605 0.006782945736434108 0.01744186046511628
1 0.7676841085271318 0.037427325581395346 0.006782945736434108 0.01744186046511628
1 0.7531492248062015 0.20930232558139536 0.006782945736434108 0.01744186046511628
1 0.7260174418604651 0.20857558139534885 0.006782945736434108 0.01744186046511628
1 0.6964631782945736 0.22747093023255813 0.006782945736434108 0.01744186046511628
1 0.6690891472868217 0.31540697674418605 0.011143410852713179 0.010901162790697675
1 0.6824127906976745 0.2936046511627907 0.011143410852713179 0.010901162790697675
1 0.6964631782945736 0.31540697674418605 0.011143410852713179 0.010901162790697675
1 0.7131782945736435 0.2721656976744186 0.011143410852713179 0.010901162790697675
1 0.7449127906976745 0.32630813953488375 0.011143410852713179 0.010901162790697675
1 0.7671996124031008 0.2936046511627907 0.011143410852713179 0.010901162790697675
1 0.781734496124031 0.31613372093023256 0.011143410852713179 0.010901162790697675
1 0.7957848837209303 0.31540697674418605 0.011143410852713179 0.010901162790697675
1 0.812984496124031 0.31468023255813954 0.011143410852713179 0.010901162790697675
1 0.8921996124031008 0.3481104651162791 0.011143410852713179 0.010901162790697675
1 0.9127906976744186 0.2845203488372093 0.011143410852713179 0.010901162790697675
1 0.8706395348837209 0.2623546511627907 0.011143410852713179 0.010901162790697675
1 0.8528343023255814 0.0005450581395348837 0.011385658914728682 0.0010901162790697674
1 0.7960271317829457 0.251453488372093 0.011143410852713179 0.010901162790697675
1 0.7814922480620154 0.25254360465116277 0.011143410852713179 0.010901162790697675
1 0.6962209302325582 0.25109011627906974 0.011143410852713179 0.010901162790697675
1 0.8267926356589147 0.23037790697674418 0.011143410852713179 0.010901162790697675
1 0.8849321705426356 0.19767441860465115 0.011143410852713179 0.010901162790697675
1 0.8459302325581395 0.15625 0.011143410852713179 0.010901162790697675
1 0.7960271317829457 0.16715116279069767 0.011143410852713179 0.010901162790697675
1 0.7824612403100775 0.18713662790697674 0.011143410852713179 0.010901162790697675
1 0.7681686046511628 0.16787790697674418 0.011143410852713179 0.010901162790697675
1 0.7107558139534884 0.18531976744186046 0.011143410852713179 0.010901162790697675
1 0.7105135658914729 0.1660610465116279 0.011143410852713179 0.010901162790697675
1 0.6826550387596899 0.1667877906976744 0.011143410852713179 0.010901162790697675
1 0.6967054263565892 0.14462209302325582 0.011143410852713179 0.010901162790697675
1 0.6233042635658915 0.14244186046511628 0.011143410852713179 0.010901162790697675
1 0.5799418604651163 0.11228197674418605 0.011143410852713179 0.010901162790697675
1 0.6107073643410853 0.037427325581395346 0.011143410852713179 0.010901162790697675
1 0.6684835271317829 0.0007267441860465116 0.011385658914728682 0.0014534883720930232
1 0.6523740310077519 0.0592296511627907 0.011143410852713179 0.010901162790697675
1 0.7388565891472868 0.12463662790697674 0.011143410852713179 0.010901162790697675
1 0.7892441860465116 0.11373546511627906 0.011143410852713179 0.010901162790697675
1 0.8812984496124031 0.1028343023255814 0.011143410852713179 0.010901162790697675
1 0.8524709302325582 0.08212209302325581 0.011143410852713179 0.010901162790697675
1 0.9169089147286822 0.050872093023255814 0.011143410852713179 0.010901162790697675
1 0.7679263565891473 0.20930232558139536 0.006782945736434108 0.01744186046511628
1 0.7962693798449613 0.14462209302325582 0.006782945736434108 0.01744186046511628
1 0.752906976744186 0.14825581395348839 0.006782945736434108 0.01744186046511628
1 0.7257751937984496 0.14534883720930233 0.006782945736434108 0.01744186046511628
1 0.7112403100775194 0.14498546511627908 0.006782945736434108 0.01744186046511628
1 0.6971899224806202 0.08103197674418605 0.006782945736434108 0.01744186046511628
1 0.6974321705426356 0.037063953488372096 0.006782945736434108 0.01744186046511628
1 0.8101986434108527 0.0030886627906976743 0.007025193798449613 0.0061773255813953485
1 0.811046511627907 0.05704941860465116 0.006782945736434108 0.01744186046511628
3 0.4217538759689923 0.5714026162790697 0.031492248062015504 0.030886627906976744
3 0.42248062015503873 0.6091933139534884 0.03197674418604651 0.030886627906976744