1 0.25896317829457366 0.298328488372093 0.04796511627906977 0.03997093023255814
1 0.4586967054263566 0.3261264534883721 0.025436046511627907 0.07303779069767442
1 0.49273255813953487 0.3261264534883721 0.02616279069767442 0.07085755813953488
1 0.6484980620155039 0.37281976744186046 0.026647286821705425 0.07194767441860465
1 0.7395833333333334 0.37336482558139533 0.02616279069767442 0.07303779069767442
1 0.7106346899224806 0.40715843023255816 0.022044573643410854 0.048328488372093026
1 0.6922238372093024 0.4082485465116279 0.012839147286821706 0.03597383720930233
1 0.671875 0.4042514534883721 0.013808139534883721 0.03597383720930233
1 0.7667151162790697 0.43913517441860467 0.023255813953488372 0.02071220930232558
1 0.7583575581395349 0.4711119186046512 0.023498062015503876 0.01998546511627907
1 0.7585998062015504 0.5021802325581395 0.023982558139534885 0.02180232558139535
1 0.5872093023255814 0.4656613372093023 0.022286821705426358 0.02071220930232558
1 0.4957606589147287 0.43223110465116277 0.00993217054263566 0.023619186046511628
1 0.5763081395348837 0.5103561046511628 0.029069767441860465 0.02943313953488372
1 0.8601017441860465 0.44622093023255816 0.00944767441860465 0.023255813953488372
1 0.783672480620155 0.5428779069767442 0.03246124031007752 0.032703488372093026
1 0.7820978682170543 0.5904796511627907 0.047238372093023256 0.03997093023255814
1 0.514656007751938 0.5723110465116279 0.00944767441860465 0.023255813953488372
1 0.5772771317829457 0.5437863372093024 0.029069767441860465 0.030886627906976744
1 0.6701792635658915 0.6635174418604651 0.013323643410852713 0.03488372093023256
1 0.4586967054263566 0.666969476744186 0.00944767441860465 0.023619186046511628
1 0.39789244186046513 0.6438953488372093 0.021075581395348836 0.04578488372093023
1 0.37330426356589147 0.6438953488372093 0.02131782945736434 0.04433139534883721
1 0.3382994186046512 0.6905886627906976 0.015746124031007752 0.013444767441860465
1 0.35125968992248063 0.7292877906976745 0.023255813953488372 0.021075581395348836
1 0.2852470930232558 0.6769622093023255 0.04578488372093023 0.038517441860465115
1 0.23534399224806202 0.6934956395348837 0.00944767441860465 0.023619186046511628
1 0.2609011627906977 0.7567223837209303 0.026647286821705425 0.06867732558139535
1 0.3976501937984496 0.8212209302325582 0.04675387596899225 0.03924418604651163
1 0.1583091085271318 0.8546511627906976 0.04626937984496124 0.0377906976744186
1 0.1464389534883721 0.7934229651162791 0.015746124031007752 0.013444767441860465
1 0.234859496124031 0.7994186046511628 0.013808139534883721 0.03488372093023256
1 0.09496124031007752 0.8966206395348837 0.02422480620155039 0.01998546511627907
1 0.09895833333333333 0.9289607558139535 0.010416666666666666 0.02507267441860465
1 0.06758720930232558 0.9700218023255814 0.046027131782945735 0.03888081395348837
1 0.18846899224806202 0.9912790697674418 0.02567829457364341 0.016715116279069766
1 0.15637112403100775 0.9754723837209303 0.016715116279069766 0.014898255813953489
1 0.34096414728682173 0.8221293604651163 0.017199612403100775 0.014898255813953489
1 0.518047480620155 0.9925508720930233 0.015261627906976744 0.014171511627906976
1 0.560562015503876 0.9405886627906976 0.015988372093023256 0.014171511627906976
1 0.6160368217054264 0.9685683139534884 0.015503875968992248 0.037427325581395346
1 0.6331153100775194 0.9678415697674418 0.014292635658914728 0.037427325581395346
2 0.16896802325581395 0.3873546511627907 0.06710271317829457 0.06177325581395349
2 0.16824127906976744 0.3070494186046512 0.06710271317829457 0.06177325581395349
2 0.5807897286821705 0.3722747093023256 0.023982558139534885 0.07013081395348837
2 0.07800387596899225 0.8537427325581395 0.028585271317829456 0.022165697674418606
2 0.9493701550387597 0.5535973837209303 0.04505813953488372 0.05559593023255814
0 0.46717538759689925 0.5259811046511628 0.07243217054263566 0.09265988372093023
0 0.6696947674418605 0.5357921511627907 0.11603682170542635 0.17405523255813954
0 0.18919573643410853 0.7474563953488372 0.03246124031007752 0.047238372093023256
0 0.313953488372093 0.7874273255813954 0.03197674418604651 0.047238372093023256
0 0.12403100775193798 0.9576671511627907 0.031492248062015504 0.04469476744186047
3 0.31976744186046513 0.46856831395348836 0.17829457364341086 0.264171511627907
3 0.12839147286821706 0.7467296511627907 0.044573643410852716 0.06686046511627906
3 0.32897286821705424 0.8715479651162791 0.04505813953488372 0.06940406976744186
3 0.13747577519379844 0.9949127906976745 0.04481589147286822 0.00944767441860465
4 0.5558381782945736 0.39553052325581395 0.010901162790697675 0.027252906976744186
4 0.5278585271317829 0.4694767441860465 0.009689922480620155 0.024709302325581394
4 0.6150678294573644 0.41442587209302323 0.010174418604651164 0.025799418604651164
4 0.6286337209302325 0.41388081395348836 0.010174418604651164 0.024709302325581394
4 0.5909641472868217 0.4433139534883721 0.017199612403100775 0.015261627906976744
4 0.5999273255813954 0.5783066860465116 0.017199612403100775 0.016351744186046513
4 0.5638323643410853 0.5877543604651163 0.010901162790697675 0.026526162790697673
4 0.5507509689922481 0.5877543604651163 0.010901162790697675 0.026526162790697673
4 0.3374515503875969 0.6300872093023255 0.025193798449612403 0.023255813953488372
4 0.30026647286821706 0.6306322674418605 0.017199612403100775 0.016351744186046513
4 0.4274467054263566 0.6295421511627907 0.011385658914728682 0.025799418604651164
4 0.4417393410852713 0.6284520348837209 0.010901162790697675 0.026526162790697673
4 0.4586967054263566 0.6271802325581395 0.010901162790697675 0.024709302325581394
4 0.6294815891472868 0.678234011627907 0.04626937984496124 0.03597383720930233
4 0.8019622093023255 0.6526162790697675 0.04578488372093023 0.05813953488372093
4 0.31528585271317827 0.7298328488372093 0.02446705426356589 0.022165697674418606
4 0.23582848837209303 0.7429142441860465 0.013808139534883721 0.03670058139534884
4 0.21535852713178294 0.7659883720930233 0.009689922480620155 0.024709302325581394
4 0.38287306201550386 0.7716206395348837 0.02446705426356589 0.022165697674418606
4 0.3470203488372093 0.7794331395348837 0.017199612403100775 0.015261627906976744
4 0.3470203488372093 0.8003270348837209 0.017199612403100775 0.016351744186046513
4 0.27737403100775193 0.8884447674418605 0.010174418604651164 0.024709302325581394
4 0.25169573643410853 0.8900799418604651 0.010174418604651164 0.025799418604651164
4 0.1466812015503876 0.8159520348837209 0.017199612403100775 0.016351744186046513
4 0.1739341085271318 0.8157703488372093 0.015988372093023256 0.014534883720930232
4 0.1156734496124031 0.7926962209302325 0.023982558139534885 0.021438953488372093
4 0.10876937984496124 0.842296511627907 0.010174418604651164 0.024709302325581394
4 0.13117732558139536 0.8988008720930233 0.023982558139534885 0.021438953488372093
4 0.1615794573643411 0.9393168604651163 0.016472868217054265 0.014534883720930232
4 0.1357800387596899 0.920421511627907 0.017199612403100775 0.014534883720930232
4 0.15721899224806202 0.9574854651162791 0.016472868217054265 0.014534883720930232
4 0.21233042635658914 0.979469476744186 0.014777131782945737 0.035247093023255814
4 0.23316375968992248 0.9898255813953488 0.00993217054263566 0.019622093023255814
4 0.6981589147286822 0.8379360465116279 0.010174418604651164 0.024709302325581394
4 0.7320736434108527 0.8382994186046512 0.010174418604651164 0.024709302325581394
4 0.5747335271317829 0.9807412790697675 0.04530038759689922 0.0377906976744186
4 0.5350048449612403 0.9992732558139535 0.010416666666666666 0.0007267441860465116
4 0.8317587209302325 0.44712936046511625 0.010901162790697675 0.025799418604651164
4 0.8455668604651163 0.44694767441860467 0.010901162790697675 0.023982558139534885
4 0.8961967054263565 0.5367005813953488 0.017199612403100775 0.015261627906976744
4 0.8954699612403101 0.5699491279069767 0.017199612403100775 0.016351744186046513
5 0.5547480620155039 0.6531613372093024 0.02567829457364341 0.06431686046511628
5 0.26380813953488375 0.9567587209302325 0.044573643410852716 0.042877906976744186