4 0.17611434108527133 0.9627543604651163 0.010174418604651164 0.025799418604651164
4 0.19125484496124032 0.963844476744186 0.010901162790697675 0.026526162790697673
4 0.11724806201550388 0.9627543604651163 0.010174418604651164 0.025799418604651164
4 0.13238856589147288 0.9631177325581395 0.010901162790697675 0.026526162790697673
4 0.0874515503875969 0.9634811046511628 0.010174418604651164 0.025799418604651164
4 0.10210755813953488 0.962390988372093 0.010901162790697675 0.026526162790697673
4 0.05717054263565891 0.9620276162790697 0.010174418604651164 0.025799418604651164
4 0.07231104651162791 0.962390988372093 0.010901162790697675 0.026526162790697673
4 0.14704457364341086 0.9627543604651163 0.010174418604651164 0.025799418604651164
4 0.16218507751937986 0.9631177325581395 0.010901162790697675 0.026526162790697673
4 0.37342538759689925 0.39952761627906974 0.017684108527131783 0.016351744186046513
4 0.37366763565891475 0.42023982558139533 0.018168604651162792 0.016351744186046513
4 0.39425872093023256 0.43077761627906974 0.011385658914728682 0.025799418604651164
1 0.23328488372093023 0.9676598837209303 0.02180232558139535 0.047238372093023256
1 0.05692829457364341 0.9235101744186046 0.010174418604651164 0.026526162790697673
1 0.07218992248062016 0.9238735465116279 0.010174418604651164 0.026526162790697673
1 0.11676356589147287 0.9227834302325582 0.010174418604651164 0.026526162790697673
1 0.13202519379844962 0.9231468023255814 0.010174418604651164 0.026526162790697673
1 0.14607558139534885 0.9220566860465116 0.010174418604651164 0.026526162790697673
1 0.1618217054263566 0.9231468023255814 0.010174418604651164 0.026526162790697673
1 0.17611434108527133 0.9227834302325582 0.010174418604651164 0.026526162790697673
1 0.19089147286821706 0.9238735465116279 0.010174418604651164 0.026526162790697673
1 0.0872093023255814 0.9226017441860465 0.009689922480620155 0.024709302325581394
1 0.10198643410852713 0.9231468023255814 0.010174418604651164 0.026526162790697673
1 0.35210755813953487 0.4093386627906977 0.010901162790697675 0.025799418604651164