1 0.18846899224806202 0.026526162790697673 0.02567829457364341 0.053052325581395346
1 0.13565891472868216 0.0884811046511628 0.02374031007751938 0.021438953488372093
1 0.10453003875968993 0.13517441860465115 0.010416666666666666 0.023982558139534885
1 0.06564922480620156 0.13063226744186046 0.04748062015503876 0.03815406976744186
1 0.518047480620155 0.011991279069767442 0.015261627906976744 0.023982558139534885
1 0.6149467054263565 0.024527616279069766 0.014292635658914728 0.03815406976744186
1 0.6329941860465116 0.024890988372093022 0.015019379844961241 0.037427325581395346
1 0.5783672480620154 0.07921511627906977 0.00993217054263566 0.023255813953488372
1 0.4929748062015504 0.15061773255813954 0.01937984496124031 0.04469476744186047
1 0.1625484496124031 0.15534156976744187 0.015503875968992248 0.014171511627906976
1 0.19198158914728683 0.20130813953488372 0.025920542635658916 0.06976744186046512
1 0.4344718992248062 0.2154796511627907 0.029796511627906978 0.029796511627906978
1 0.422359496124031 0.25563226744186046 0.02882751937984496 0.030886627906976744
1 0.4337451550387597 0.31468023255813954 0.02931201550387597 0.029796511627906978
1 0.4937015503875969 0.2610828488372093 0.01937984496124031 0.04469476744186047
1 0.5727955426356589 0.3066860465116279 0.014292635658914728 0.036337209302325583
1 0.5873304263565892 0.22438226744186046 0.016715116279069766 0.014898255813953489
1 0.5869670542635659 0.24436773255813954 0.015988372093023256 0.014898255813953489
1 0.5943556201550387 0.4647529069767442 0.029796511627906978 0.029069767441860465
1 0.28766957364341084 0.765625 0.048207364341085274 0.03997093023255814
1 0.8741521317829457 0.05359738372093023 0.017199612403100775 0.014898255813953489
1 0.9117005813953488 0.3719113372093023 0.00944767441860465 0.025799418604651164
1 0.9252664728682171 0.3715479651162791 0.00993217054263566 0.02507267441860465
1 0.8298207364341085 0.3726380813953488 0.00944767441860465 0.025799418604651164
1 0.8433866279069767 0.3722747093023256 0.00993217054263566 0.02507267441860465
1 0.856952519379845 0.3726380813953488 0.00944767441860465 0.025799418604651164
1 0.8705184108527132 0.3722747093023256 0.00993217054263566 0.02507267441860465
1 0.8840843023255814 0.3719113372093023 0.00944767441860465 0.025799418604651164
1 0.8981346899224806 0.3722747093023256 0.00993217054263566 0.02507267441860465
1 0.9390746124031008 0.3722747093023256 0.00993217054263566 0.02507267441860465
1 0.9217538759689923 0.563953488372093 0.011627906976744186 0.028343023255813952
1 0.9349563953488372 0.5634084302325582 0.00944767441860465 0.02507267441860465
1 0.9480377906976745 0.5621366279069767 0.008963178294573644 0.023255813953488372
0 0.1298449612403101 0.1386264534883721 0.031492248062015504 0.04614825581395349
0 0.5162306201550387 0.3913517441860465 0.08672480620155039 0.12863372093023256
0 0.8146802325581395 0.17877906976744187 0.18459302325581395 0.19040697674418605
3 0.13747577519379844 0.028343023255813952 0.04481589147286822 0.056686046511627904
3 0.14377422480620156 0.2063953488372093 0.043362403100775194 0.06613372093023256
3 0.44464631782945735 0.2836119186046512 0.023982558139534885 0.01998546511627907
3 0.4729893410852713 0.2585392441860465 0.012839147286821706 0.0345203488372093
3 0.9044331395348837 0.5692223837209303 0.013323643410852713 0.035247093023255814
4 0.23316375968992248 0.002543604651162791 0.00993217054263566 0.005087209302325582
4 0.28209786821705424 0.034156976744186045 0.017199612403100775 0.014534883720930232
4 0.5747335271317829 0.014171511627906976 0.04530038759689922 0.028343023255813952
4 0.5350048449612403 0.012536337209302325 0.010416666666666666 0.02507267441860465
4 0.5885416666666666 0.04796511627906977 0.017684108527131783 0.014534883720930232
4 0.5949612403100775 0.07957848837209303 0.010174418604651164 0.024709302325581394
4 0.16775678294573643 0.11809593023255814 0.017199612403100775 0.015261627906976744
4 0.16315406976744187 0.13771802325581395 0.017199612403100775 0.015261627906976744
4 0.10089631782945736 0.09429505813953488 0.023982558139534885 0.021438953488372093
4 0.24818313953488372 0.14807412790697674 0.010901162790697675 0.025799418604651164
4 0.27434593023255816 0.14807412790697674 0.010901162790697675 0.027252906976744186
4 0.21935562015503876 0.16624273255813954 0.014777131782945737 0.03597383720930233
4 0.6131298449612403 0.25944767441860467 0.016472868217054265 0.015261627906976744
4 0.6134932170542635 0.28088662790697677 0.017684108527131783 0.015261627906976744
4 0.5893895348837209 0.311046511627907 0.010174418604651164 0.024709302325581394
4 0.5148982558139535 0.29851017441860467 0.011385658914728682 0.026526162790697673
4 0.5996850775193798 0.34120639534883723 0.017199612403100775 0.014534883720930232
4 0.5996850775193798 0.36028343023255816 0.017199612403100775 0.016351744186046513
4 0.5993217054263565 0.3793604651162791 0.016472868217054265 0.015261627906976744
4 0.2877906976744186 0.7145712209302325 0.04505813953488372 0.03670058139534884
4 0.8303052325581395 0.3326671511627907 0.010901162790697675 0.025799418604651164
4 0.857437015503876 0.33412063953488375 0.010901162790697675 0.025799418604651164
4 0.9252664728682171 0.33230377906976744 0.010901162790697675 0.025799418604651164
4 0.9393168604651163 0.33375726744186046 0.010901162790697675 0.025799418604651164
4 0.8976501937984496 0.33303052325581395 0.010901162790697675 0.025799418604651164
4 0.9117005813953488 0.33230377906976744 0.010901162790697675 0.025799418604651164
4 0.8710029069767442 0.33303052325581395 0.010901162790697675 0.025799418604651164
4 0.8840843023255814 0.334484011627907 0.010901162790697675 0.025799418604651164
4 0.8429021317829457 0.33339389534883723 0.010901162790697675 0.025799418604651164
4 0.9484011627906976 0.6188226744186046 0.009689922480620155 0.024709302325581394
5 0.2611434108527132 0.08575581395348837 0.044573643410852716 0.038517441860465115