4 0.23037790697674418 0.3319404069767442 0.010174418604651164 0.027252906976744186
4 0.3235222868217054 0.33303052325581395 0.010901162790697675 0.025799418604651164
4 0.35549903100775193 0.33230377906976744 0.010901162790697675 0.025799418604651164
4 0.6294815891472868 0.7312863372093024 0.010901162790697675 0.026526162790697673
4 0.4405281007751938 0.8519258720930233 0.017684108527131783 0.016351744186046513
4 0.3809350775193798 0.7616279069767442 0.017199612403100775 0.015261627906976744
4 0.35719476744186046 0.8357558139534884 0.017684108527131783 0.015261627906976744
4 0.45070251937984496 0.9573037790697675 0.010901162790697675 0.026526162790697673
4 0.48776647286821706 0.9958212209302325 0.010416666666666666 0.007630813953488372
4 0.19670542635658914 0.9916424418604651 0.011143410852713179 0.015988372093023256
4 0.23304263565891473 0.9910973837209303 0.011627906976744186 0.017078488372093022
0 0.5736434108527132 0.7796148255813954 0.09302325581395349 0.11664244186046512
4 0.8075339147286822 0.9037063953488372 0.018168604651162792 0.015261627906976744
4 0.826671511627907 0.8755450581395349 0.010901162790697675 0.027252906976744186
1 0.5469961240310077 0.5301598837209303 0.012112403100775194 0.029069767441860465
1 0.5603197674418605 0.5310683139534884 0.009205426356589148 0.025799418604651164
1 0.5469961240310077 0.4153343023255814 0.012112403100775194 0.029069767441860465
1 0.5603197674418605 0.415515988372093 0.009205426356589148 0.025799418604651164
1 0.5220445736434108 0.5712209302325582 0.016472868217054265 0.015261627906976744
1 0.5196220930232558 0.729469476744186 0.010174418604651164 0.026526162790697673
1 0.5121124031007752 0.8268531976744186 0.010174418604651164 0.025799418604651164
1 0.6492248062015504 0.8510174418604651 0.022771317829457363 0.05232558139534884
1 0.5356104651162791 0.9925508720930233 0.03391472868217054 0.014171511627906976
1 0.78125 0.8511991279069767 0.022771317829457363 0.05123546511627907
1 0.8636143410852714 0.8526526162790697 0.022771317829457363 0.05050872093023256
1 0.9568798449612403 0.9207848837209303 0.03488372093023256 0.034156976744186045
1 0.8528343023255814 0.9947311046511628 0.011385658914728682 0.009811046511627907
1 0.6262112403100775 0.9745639534883721 0.011143410852713179 0.010901162790697675
1 0.6684835271317829 0.9949127906976745 0.011385658914728682 0.00944767441860465
1 0.7114825581395349 0.953125 0.006782945736434108 0.01744186046511628
1 0.6693313953488372 0.9342296511627907 0.006782945736434108 0.01744186046511628
1 0.782703488372093 0.9745639534883721 0.006782945736434108 0.01744186046511628
1 0.8101986434108527 0.9940043604651163 0.007025193798449613 0.01126453488372093
1 0.8250968992248062 0.953125 0.006782945736434108 0.01744186046511628
1 0.8822674418604651 0.951671511627907 0.006782945736434108 0.01744186046511628
3 0.5138081395348837 0.4485828488372093 0.03197674418604651 0.0279796511627907
3 0.5138081395348837 0.49255087209302323 0.030038759689922482 0.02943313953488372