1 0.0405765503875969 0.4460392441860465 0.010416666666666666 0.026526162790697673
1 0.2755571705426357 0.4429505813953488 0.00993217054263566 0.023255813953488372
1 0.3634932170542636 0.42932412790697677 0.016715116279069766 0.014898255813953489
1 0.4172722868217054 0.42678052325581395 0.016715116279069766 0.014171511627906976
1 0.36143410852713176 0.5474200581395349 0.015988372093023256 0.015625
1 0.3707606589147287 0.6037427325581395 0.016715116279069766 0.014898255813953489
1 0.3703972868217054 0.6444404069767442 0.015988372093023256 0.014898255813953489
1 0.2867005813953488 0.6146438953488372 0.010416666666666666 0.02507267441860465
1 0.39789244186046513 0.7834302325581395 0.00993217054263566 0.023982558139534885
1 0.3976501937984496 0.8960755813953488 0.00993217054263566 0.023982558139534885
1 0.5242248062015504 0.7142078488372093 0.015988372093023256 0.014898255813953489
1 0.5836967054263565 0.6139171511627907 0.00993217054263566 0.02507267441860465
1 0.5836967054263565 0.541969476744186 0.00993217054263566 0.025799418604651164
1 0.5577761627906976 0.4249636627906977 0.016715116279069766 0.014171511627906976
1 0.5290697674418605 0.42278343023255816 0.015988372093023256 0.014898255813953489
1 0.4964874031007752 0.42351017441860467 0.016715116279069766 0.014171511627906976
1 0.5703730620155039 0.28869912790697677 0.00993217054263566 0.025799418604651164
1 0.703125 0.3949854651162791 0.048207364341085274 0.03997093023255814
1 0.8551356589147286 0.4024345930232558 0.015019379844961241 0.037427325581395346
2 0.11434108527131782 0.549781976744186 0.044573643410852716 0.056686046511627904
2 0.18665213178294573 0.4867369186046512 0.02688953488372093 0.02071220930232558
2 0.528827519379845 0.9089752906976745 0.02567829457364341 0.022165697674418606
2 0.7472141472868217 0.4796511627906977 0.014777131782945737 0.0377906976744186
2 0.7059108527131783 0.4789244186046512 0.015503875968992248 0.038517441860465115
2 0.6655765503875969 0.4803779069767442 0.014777131782945737 0.0377906976744186
2 0.6253633720930233 0.4798328488372093 0.014292635658914728 0.03670058139534884
2 0.6797480620155039 0.3046875 0.02616279069767442 0.022165697674418606
0 0.5115067829457365 0.3183139534883721 0.053052325581395346 0.10610465116279069
0 0.4883720930232558 0.5679505813953488 0.14050387596899225 0.21148255813953487
0 0.4561531007751938 0.8303052325581395 0.08963178294573644 0.11046511627906977
0 0.8041424418604651 0.41696947674418605 0.02688953488372093 0.06359011627906977
4 0.01247577519379845 0.44567587209302323 0.010901162790697675 0.025799418604651164
4 0.026283914728682172 0.44622093023255816 0.010901162790697675 0.023982558139534885
4 0.060198643410852716 0.5330668604651163 0.017199612403100775 0.015261627906976744
4 0.0594718992248062 0.5663154069767442 0.017199612403100775 0.016351744186046513
4 0.19670542635658914 0.443859011627907 0.010174418604651164 0.026526162790697673
4 0.2900920542635659 0.44349563953488375 0.010901162790697675 0.025799418604651164
4 0.36228197674418605 0.5661337209302325 0.017199612403100775 0.015261627906976744
4 0.42393410852713176 0.396984011627907 0.010174418604651164 0.025799418604651164
4 0.4476744186046512 0.39807412790697677 0.009689922480620155 0.025799418604651164
4 0.46487403100775193 0.3984375 0.009689922480620155 0.026526162790697673
4 0.4791666666666667 0.3977107558139535 0.009689922480620155 0.025799418604651164
4 0.22868217054263565 0.6726017441860465 0.010174418604651164 0.024709302325581394
4 0.3702761627906977 0.6251816860465116 0.017199612403100775 0.016351744186046513
4 0.3702761627906977 0.6664244186046512 0.017199612403100775 0.015261627906976744
4 0.48667635658914726 0.7374636627906976 0.010174418604651164 0.025799418604651164
4 0.5129602713178295 0.7832485465116279 0.010901162790697675 0.025799418604651164
4 0.5428779069767442 0.787609011627907 0.010174418604651164 0.026526162790697673
4 0.5428779069767442 0.8526526162790697 0.009689922480620155 0.025799418604651164
4 0.4177567829457364 0.9160610465116279 0.017199612403100775 0.014534883720930232
4 0.49224806201550386 0.9151526162790697 0.016472868217054265 0.016351744186046513
4 0.5188953488372093 0.9529433139534884 0.010174418604651164 0.025799418604651164
4 0.5426356589147286 0.9525799418604651 0.009689922480620155 0.025799418604651164
4 0.20070251937984496 0.9206031976744186 0.010901162790697675 0.025799418604651164
4 0.2157218992248062 0.9206031976744186 0.010901162790697675 0.025799418604651164
4 0.28403585271317827 0.9209665697674418 0.010901162790697675 0.025799418604651164
4 0.29905523255813954 0.9209665697674418 0.010901162790697675 0.025799418604651164
4 0.2559350775193798 0.9209665697674418 0.010901162790697675 0.025799418604651164
4 0.2699854651162791 0.9209665697674418 0.010901162790697675 0.025799418604651164
4 0.2292877906976744 0.9209665697674418 0.010901162790697675 0.025799418604651164
4 0.24236918604651161 0.9209665697674418 0.010901162790697675 0.025799418604651164
4 0.7023982558139535 0.34974563953488375 0.04626937984496124 0.035247093023255814
4 0.7188711240310077 0.30486918604651164 0.017199612403100775 0.015261627906976744