1 0.18047480620155038 0.7418241279069767 0.04215116279069767 0.03379360465116279
3 0.452640503875969 0.29324127906976744 0.042877906976744186 0.036337209302325583
1 0.025920542635658916 0.10446947674418605 0.01308139534883721 0.03306686046511628
1 0.6767199612403101 0.19131540697674418 0.06128875968992248 0.14789244186046513
1 0.39328972868217055 0.1927688953488372 0.013808139534883721 0.03379360465116279
1 0.4477955426356589 0.23455668604651161 0.04869186046511628 0.058502906976744186
1 0.34375 0.1542514534883721 0.045542635658914726 0.11010174418604651
3 0.451671511627907 0.17605377906976744 0.04433139534883721 0.03379360465116279
1 0.7904554263565892 0.9807412790697675 0.06492248062015504 0.0377906976744186
1 0.038517441860465115 0.9712936046511628 0.044573643410852716 0.056686046511627904
4 0.03379360465116279 0.8977107558139535 0.022044573643410854 0.021438953488372093
4 0.035247093023255814 0.8646438953488372 0.02252906976744186 0.022892441860465115
4 0.0345203488372093 0.8275799418604651 0.02252906976744186 0.022892441860465115
4 0.030402131782945735 0.7567223837209303 0.023013565891472867 0.06649709302325581
4 0.07570251937984496 0.7489098837209303 0.019137596899224806 0.04433139534883721
4 0.09944282945736434 0.7469113372093024 0.013808139534883721 0.035247093023255814
4 0.12076065891472869 0.7463662790697675 0.019137596899224806 0.04433139534883721
4 0.251453488372093 0.7480014534883721 0.04505813953488372 0.0345203488372093
4 0.1721172480620155 0.10664970930232558 0.013808139534883721 0.0345203488372093
4 0.14789244186046513 0.10519622093023256 0.013808139534883721 0.0345203488372093
4 0.1975532945736434 0.10592296511627906 0.013808139534883721 0.0345203488372093
4 0.05171996124031008 0.10483284883720931 0.013808139534883721 0.0345203488372093
4 0.12463662790697674 0.10592296511627906 0.013808139534883721 0.0345203488372093
4 0.09944282945736434 0.10519622093023256 0.013808139534883721 0.0345203488372093
4 0.07594476744186046 0.10555959302325581 0.013808139534883721 0.0345203488372093
4 0.2625968992248062 0.10755813953488372 0.04215116279069767 0.036337209302325583
4 0.4488856589147287 0.08430232558139535 0.041666666666666664 0.036337209302325583
4 0.3435077519379845 0.28034156976744184 0.04505813953488372 0.0345203488372093
0 0.7533914728682171 0.6784156976744186 0.12112403100775193 0.49273255813953487
0 0.4405281007751938 0.5574127906976745 0.18628875968992248 0.2819767441860465
0 0.12281976744186046 0.42478197674418605 0.24563953488372092 0.3960755813953488
0 0.3439922480620155 0.934593023255814 0.3682170542635659 0.1300872093023256