1 0.5012112403100775 0.022165697674418606 0.02422480620155039 0.023255813953488372
1 0.5977470930232558 0.08684593023255814 0.0249515503875969 0.023255813953488372
1 0.9412548449612403 0.037063953488372096 0.023013565891472867 0.021075581395348836
1 0.9402858527131783 0.1197311046511628 0.0249515503875969 0.022165697674418606
1 0.9411337209302325 0.21911337209302326 0.02422480620155039 0.021075581395348836
1 0.500484496124031 0.3039607558139535 0.02422480620155039 0.02434593023255814
1 0.6460755813953488 0.38299418604651164 0.02422480620155039 0.023255813953488372
1 0.6919815891472868 0.381359011627907 0.023013565891472867 0.022165697674418606
1 0.7579941860465116 0.38244912790697677 0.02422480620155039 0.022165697674418606
1 0.8578003875968992 0.38244912790697677 0.02567829457364341 0.022165697674418606
1 0.939922480620155 0.28034156976744184 0.02422480620155039 0.022165697674418606
1 0.3269137596899225 0.529796511627907 0.0249515503875969 0.023255813953488372
1 0.45700096899224807 0.5592296511627907 0.023498062015503876 0.023255813953488372
1 0.5325823643410853 0.6473473837209303 0.023498062015503876 0.022165697674418606
1 0.6933139534883721 0.6540697674418605 0.02422480620155039 0.021075581395348836
1 0.9327761627906976 0.7663517441860465 0.023498062015503876 0.023255813953488372
1 0.4883720930232558 0.8010537790697675 0.02422480620155039 0.022165697674418606
1 0.8654312015503876 0.9229651162790697 0.0249515503875969 0.023255813953488372
4 0.5008478682170543 0.17550872093023256 0.02640503875968992 0.07194767441860465
4 0.5008478682170543 0.08866279069767442 0.02640503875968992 0.07194767441860465
4 0.5008478682170543 0.2336482558139535 0.0249515503875969 0.023255813953488372
4 0.7602955426356589 0.5479651162790697 0.0249515503875969 0.023255813953488372
4 0.7606589147286822 0.4871002906976744 0.02422480620155039 0.02434593023255814
4 0.9074612403100775 0.33412063953488375 0.02422480620155039 0.02434593023255814
4 0.8071705426356589 0.3828125 0.02422480620155039 0.02434593023255814
4 0.9210271317829457 0.4394985465116279 0.02422480620155039 0.02434593023255814
4 0.9410125968992248 0.16787790697674418 0.0249515503875969 0.023255813953488372
4 0.9333817829457365 0.881359011627907 0.02567829457364341 0.02434593023255814
4 0.8280038759689923 0.5485101744186046 0.02567829457364341 0.02434593023255814
4 0.45675872093023256 0.634265988372093 0.0249515503875969 0.02434593023255814
4 0.39789244186046513 0.5972020348837209 0.0249515503875969 0.02434593023255814
4 0.5323401162790697 0.7509084302325582 0.0249515503875969 0.02434593023255814
4 0.39789244186046513 0.6738735465116279 0.0249515503875969 0.02434593023255814
4 0.3957122093023256 0.712390988372093 0.0249515503875969 0.02434593023255814
4 0.3971656976744186 0.7498183139534884 0.0249515503875969 0.02434593023255814
4 0.5325823643410853 0.6858648255813954 0.0249515503875969 0.02434593023255814
4 0.43083817829457366 0.8008720930232558 0.02640503875968992 0.025436046511627907
4 0.6040455426356589 0.9821947674418605 0.0249515503875969 0.02616279069767442
4 0.8287306201550387 0.6011991279069767 0.02567829457364341 0.02434593023255814
4 0.8241279069767442 0.7022165697674418 0.02567829457364341 0.02434593023255814
4 0.7628391472868217 0.7022165697674418 0.02567829457364341 0.02434593023255814
4 0.9326550387596899 0.8065043604651163 0.02567829457364341 0.02434593023255814
4 0.9341085271317829 0.8439316860465116 0.02567829457364341 0.02434593023255814
0 0.7579941860465116 0.9385901162790697 0.12403100775193798 0.08284883720930232
0 0.733406007751938 0.16224563953488372 0.13977713178294573 0.32449127906976744