1 0.24031007751937986 0.37390988372093026 0.02422480620155039 0.021075581395348836
1 0.6403827519379846 0.47238372093023256 0.0249515503875969 0.023255813953488372
1 0.7009447674418605 0.42023982558139533 0.023498062015503876 0.022165697674418606
1 0.8072916666666666 0.31140988372093026 0.023013565891472867 0.021075581395348836
1 0.8397529069767442 0.4616642441860465 0.023498062015503876 0.022165697674418606
1 0.751937984496124 0.42151162790697677 0.02422480620155039 0.021075581395348836
1 0.6426841085271318 0.5723110465116279 0.02567829457364341 0.023255813953488372
1 0.8404796511627907 0.5746729651162791 0.023498062015503876 0.022165697674418606
1 0.8401162790697675 0.6573401162790697 0.02422480620155039 0.023255813953488372
1 0.671390503875969 0.7465479651162791 0.0249515503875969 0.022165697674418606
1 0.8605862403100775 0.7289244186046512 0.023498062015503876 0.021075581395348836
1 0.8775436046511628 0.7805232558139535 0.0249515503875969 0.021075581395348836
1 0.6774467054263565 0.8519258720930233 0.0249515503875969 0.02434593023255814
1 0.8748788759689923 0.8566497093023255 0.023498062015503876 0.022165697674418606
1 0.500484496124031 0.9791061046511628 0.02422480620155039 0.022165697674418606
1 0.9964874031007752 0.7347383720930233 0.006540697674418605 0.02252906976744186
4 0.9424660852713178 0.9787427325581395 0.0249515503875969 0.02434593023255814
4 0.6653343023255814 0.3090479651162791 0.0249515503875969 0.02434593023255814
4 0.6646075581395349 0.35955668604651164 0.0249515503875969 0.02434593023255814
4 0.7406734496124031 0.3101380813953488 0.0249515503875969 0.02434593023255814
4 0.7421269379844961 0.3566497093023256 0.0249515503875969 0.02434593023255814
4 0.8397529069767442 0.3769985465116279 0.0249515503875969 0.02434593023255814
4 0.8412063953488372 0.49945494186046513 0.0249515503875969 0.02434593023255814
4 0.767078488372093 0.48928052325581395 0.0249515503875969 0.02434593023255814
4 0.5023013565891473 0.5632267441860465 0.02640503875968992 0.07194767441860465
4 0.5023013565891473 0.6667877906976745 0.02640503875968992 0.07194767441860465
4 0.6213662790697675 0.8561046511627907 0.02567829457364341 0.025436046511627907
4 0.5053294573643411 0.7289244186046512 0.02567829457364341 0.025436046511627907
4 0.5007267441860465 0.9376816860465116 0.02567829457364341 0.02434593023255814
4 0.5053294573643411 0.7628997093023255 0.02567829457364341 0.02434593023255814
4 0.767078488372093 0.5652252906976745 0.0249515503875969 0.02434593023255814
4 0.5023013565891473 0.8528343023255814 0.02640503875968992 0.07194767441860465
0 0.733406007751938 0.9712936046511628 0.13977713178294573 0.056686046511627904
0 0.7640503875968992 0.7910610465116279 0.12403100775193798 0.08284883720930232