1 0.358890503875969 0.48328488372093026 0.023498062015503876 0.023255813953488372
1 0.09726259689922481 0.637718023255814 0.023498062015503876 0.023255813953488372
1 0.14983042635658914 0.6398982558139535 0.023498062015503876 0.023255813953488372
1 0.859859496124031 0.37663517441860467 0.030281007751937983 0.03234011627906977
1 0.2726501937984496 0.5566860465116279 0.023498062015503876 0.023255813953488372
1 0.49769864341085274 0.5959302325581395 0.023498062015503876 0.023255813953488372
1 0.4964874031007752 0.5385174418604651 0.023498062015503876 0.023255813953488372
1 0.4950339147286822 0.5018168604651163 0.023498062015503876 0.023255813953488372
1 0.4957606589147287 0.4694767441860465 0.023498062015503876 0.023255813953488372
1 0.4950339147286822 0.43713662790697677 0.023498062015503876 0.023255813953488372
1 0.4957606589147287 0.404796511627907 0.023498062015503876 0.023255813953488372
1 0.27410368217054265 0.3851744186046512 0.023498062015503876 0.023255813953488372
1 0.27337693798449614 0.34484011627906974 0.023498062015503876 0.023255813953488372
1 0.4528827519379845 0.24854651162790697 0.023498062015503876 0.023255813953488372
1 0.7261385658914729 0.37554505813953487 0.030281007751937983 0.03234011627906977
1 0.050993217054263566 0.0078125 0.02446705426356589 0.015625
1 0.2378875968992248 0.11228197674418605 0.02422480620155039 0.023255813953488372
1 0.17066375968992248 0.005450581395348837 0.02446705426356589 0.010901162790697675
1 0.436046511627907 0.11409883720930232 0.02422480620155039 0.023255813953488372
1 0.5643168604651163 0.11337209302325581 0.023498062015503876 0.025436046511627907
4 0.171390503875969 0.04996366279069767 0.0249515503875969 0.02434593023255814
4 0.18616763565891473 0.11446220930232558 0.0249515503875969 0.025436046511627907
4 0.3180717054263566 0.11518895348837209 0.02422480620155039 0.025436046511627907
4 0.19428294573643412 0.21239098837209303 0.04505813953488372 0.037427325581395346
4 0.27313468992248063 0.28306686046511625 0.023498062015503876 0.023255813953488372
4 0.04469476744186047 0.6382630813953488 0.0249515503875969 0.02434593023255814
4 0.07303779069767442 0.6813226744186046 0.0249515503875969 0.025436046511627907
4 0.1501937984496124 0.682594476744186 0.02422480620155039 0.02434593023255814
4 0.1509205426356589 0.7222020348837209 0.02422480620155039 0.02434593023255814
4 0.3581637596899225 0.2948764534883721 0.0249515503875969 0.02434593023255814
4 0.3994670542635659 0.662609011627907 0.02422480620155039 0.02434593023255814
4 0.4463420542635659 0.5944767441860465 0.030281007751937983 0.03343023255813953
4 0.4159399224806202 0.32648982558139533 0.031007751937984496 0.03234011627906977
4 0.560562015503876 0.5968386627906976 0.031007751937984496 0.03234011627906977
4 0.5809108527131783 0.2480014534883721 0.031007751937984496 0.03234011627906977
4 0.5101744186046512 0.24909156976744187 0.031007751937984496 0.03234011627906977
4 0.577156007751938 0.5201671511627907 0.03173449612403101 0.0345203488372093
4 0.36191860465116277 0.41460755813953487 0.031007751937984496 0.03343023255813953
4 0.2742248062015504 0.5241642441860465 0.02422480620155039 0.02434593023255814
4 0.35780038759689925 0.45148982558139533 0.02422480620155039 0.02434593023255814
4 0.5778827519379846 0.43223110465116277 0.03173449612403101 0.03234011627906977
4 0.577156007751938 0.34211482558139533 0.030281007751937983 0.0345203488372093
4 0.577156007751938 0.38462936046511625 0.030281007751937983 0.0345203488372093
4 0.859859496124031 0.2721656976744186 0.03173449612403101 0.03343023255813953
4 0.7256540697674418 0.27507267441860467 0.03173449612403101 0.03343023255813953
4 0.3903827519379845 0.24164244186046513 0.030281007751937983 0.03343023255813953
4 0.47129360465116277 0.17877906976744187 0.0249515503875969 0.023255813953488372
4 0.36688468992248063 0.11537063953488372 0.0249515503875969 0.027252906976744186
4 0.4950339147286822 0.1275436046511628 0.0249515503875969 0.025436046511627907
4 0.5645591085271318 0.038517441860465115 0.0249515503875969 0.025436046511627907
4 0.563953488372093 0.008539244186046511 0.025193798449612403 0.017078488372093022
4 0.5960513565891473 0.17132994186046513 0.0249515503875969 0.02434593023255814
4 0.8615552325581395 0.1277252906976744 0.03173449612403101 0.030159883720930234
4 0.7239583333333334 0.12990552325581395 0.03173449612403101 0.030159883720930234
4 0.7239583333333334 0.07140261627906977 0.03173449612403101 0.030159883720930234
4 0.7248062015503876 0.015079941860465117 0.03197674418604651 0.030159883720930234
4 0.861797480620155 0.015443313953488372 0.03173449612403101 0.030159883720930234
4 0.8615552325581395 0.07321947674418605 0.03173449612403101 0.030159883720930234
0 0.0841812015503876 0.15334302325581395 0.1252422480620155 0.09520348837209303
0 0.12718023255813954 0.4413154069767442 0.22238372093023256 0.16170058139534885