1 0.5403343023255814 0.6842296511627907 0.09326550387596899 0.09302325581395349
1 0.7904554263565892 0.015261627906976744 0.06492248062015504 0.030523255813953487
1 0.6190649224806202 0.09683866279069768 0.04433139534883721 0.11664244186046512
3 0.4320494186046512 0.6844113372093024 0.04433139534883721 0.035247093023255814
1 0.7906976744186046 0.5950218023255814 0.05862403100775194 0.1464389534883721
2 0.8840843023255814 0.475109011627907 0.023013565891472867 0.06577034883720931
2 0.8828730620155039 0.7142078488372093 0.023013565891472867 0.06577034883720931
2 0.8838420542635659 0.5957485465116279 0.023013565891472867 0.06577034883720931
1 0.038517441860465115 0.028343023255813952 0.044573643410852716 0.056686046511627904
4 0.03597383720930233 0.3097747093023256 0.023013565891472867 0.07085755813953488
4 0.03670058139534884 0.13408430232558138 0.023498062015503876 0.06831395348837209
4 0.45179263565891475 0.5886627906976745 0.020348837209302327 0.042877906976744186
4 0.485828488372093 0.5886627906976745 0.019137596899224806 0.042877906976744186
4 0.516593992248062 0.5895712209302325 0.019622093023255814 0.041787790697674417
4 0.6798691860465116 0.6135537790697675 0.02252906976744186 0.02071220930232558
4 0.26526162790697677 0.732921511627907 0.04505813953488372 0.037063953488372096
0 0.7464874031007752 0.870094476744186 0.1184593023255814 0.2590843023255814
0 0.008478682170542635 0.45257994186046513 0.01695736434108527 0.14425872093023256
0 0.3439922480620155 0.21457122093023256 0.3682170542635659 0.42914244186046513
0 0.6555232558139535 0.5058139534883721 0.06540697674418605 0.13444767441860464