1 0.21705426356589147 0.859375 0.02567829457364341 0.023255813953488372
1 0.267078488372093 0.8601017441860465 0.023498062015503876 0.021075581395348836
1 0.3695494186046512 0.862281976744186 0.0249515503875969 0.023255813953488372
1 0.4898255813953488 0.8628270348837209 0.02422480620155039 0.022165697674418606
1 0.5499031007751938 0.9491279069767442 0.02422480620155039 0.021075581395348836
1 0.7113614341085271 0.8226744186046512 0.0249515503875969 0.023255813953488372
1 0.22323158914728683 0.9876453488372093 0.02640503875968992 0.021075581395348836
1 0.02616279069767442 0.9860101744186046 0.02422480620155039 0.022165697674418606
1 0.16448643410852712 0.4102470930232558 0.02422480620155039 0.023255813953488372
1 0.24890988372093023 0.37681686046511625 0.023498062015503876 0.021075581395348836
1 0.3435077519379845 0.36028343023255816 0.02422480620155039 0.022165697674418606
1 0.48146802325581395 0.3789970930232558 0.0249515503875969 0.023255813953488372
1 0.4811046511627907 0.3482921511627907 0.02422480620155039 0.022165697674418606
1 0.48146802325581395 0.31667877906976744 0.023498062015503876 0.022165697674418606
1 0.48183139534883723 0.28542877906976744 0.02422480620155039 0.022165697674418606
1 0.48183139534883723 0.25417877906976744 0.02422480620155039 0.022165697674418606
1 0.7109980620155039 0.36028343023255816 0.029554263565891473 0.03234011627906977
1 0.8449612403100775 0.36191860465116277 0.031007751937984496 0.03125
1 0.04844961240310078 0.2648982558139535 0.02422480620155039 0.023255813953488372
1 0.25084786821705424 0.25526889534883723 0.023498062015503876 0.02434593023255814
1 0.43980135658914726 0.12300145348837209 0.0249515503875969 0.02434593023255814
1 0.2512112403100775 0.1413517441860465 0.02422480620155039 0.021075581395348836
1 0.11809593023255814 0.10101744186046512 0.023498062015503876 0.021075581395348836
1 0.04614825581395349 0.12645348837209303 0.0249515503875969 0.023255813953488372
4 0.05559593023255814 0.18604651162790697 0.03173449612403101 0.03343023255813953
4 0.03137112403100775 0.7992369186046512 0.0249515503875969 0.02434593023255814
4 0.1749031007751938 0.10392441860465117 0.04796511627906977 0.038517441860465115
4 0.1121608527131783 0.4160610465116279 0.04796511627906977 0.038517441860465115
4 0.5345203488372093 0.013444767441860465 0.02688953488372093 0.02616279069767442
4 0.4951550387596899 0.12318313953488372 0.031007751937984496 0.03343023255813953
4 0.5666182170542635 0.12318313953488372 0.031007751937984496 0.03343023255813953
4 0.375968992248062 0.11627906976744186 0.031007751937984496 0.03343023255813953
4 0.40964147286821706 0.17932412790697674 0.031007751937984496 0.03234011627906977
4 0.34556686046511625 0.17805232558139536 0.0249515503875969 0.025436046511627907
4 0.34689922480620156 0.2937863372093023 0.03246124031007752 0.03234011627906977
4 0.34459786821705424 0.2245639534883721 0.0249515503875969 0.025436046511627907
4 0.24321705426356588 0.2058502906976744 0.03246124031007752 0.03234011627906977
4 0.562015503875969 0.2154796511627907 0.031007751937984496 0.03343023255813953
4 0.563468992248062 0.2618095930232558 0.03246124031007752 0.035247093023255814
4 0.5627422480620154 0.30686773255813954 0.031007751937984496 0.03234011627906977
4 0.5623788759689923 0.39589389534883723 0.03173449612403101 0.0345203488372093
4 0.5461482558139535 0.4725654069767442 0.03173449612403101 0.03234011627906977
4 0.39450096899224807 0.46965843023255816 0.030281007751937983 0.0345203488372093
4 0.34411337209302323 0.3301235465116279 0.0249515503875969 0.02434593023255814
3 0.5977470930232558 0.6010174418604651 0.04578488372093023 0.038517441860465115
4 0.5499031007751938 0.9162427325581395 0.02567829457364341 0.02434593023255814
4 0.5499031007751938 0.8860828488372093 0.02567829457364341 0.02434593023255814
4 0.6595203488372093 0.8234011627906976 0.02640503875968992 0.02616279069767442
4 0.4164244186046512 0.862281976744186 0.02567829457364341 0.025436046511627907
4 0.3702761627906977 0.9296875 0.0249515503875969 0.02434593023255814
4 0.42054263565891475 0.9296875 0.02567829457364341 0.02434593023255814
4 0.8304263565891473 0.5683139534883721 0.03246124031007752 0.03343023255813953
4 0.8304263565891473 0.6170058139534884 0.03246124031007752 0.03343023255813953
4 0.8289728682170543 0.7750726744186046 0.03246124031007752 0.03343023255813953
4 0.8289728682170543 0.8248546511627907 0.03246124031007752 0.03343023255813953
4 0.8311531007751938 0.6707848837209303 0.03246124031007752 0.03343023255813953
4 0.8296996124031008 0.7238372093023255 0.03246124031007752 0.03343023255813953
4 0.8448401162790697 0.2598110465116279 0.030281007751937983 0.03125
4 0.7106346899224806 0.26199127906976744 0.030281007751937983 0.03125
4 0.7111191860465116 0.009629360465116279 0.03125 0.019258720930232558
4 0.8487160852713178 0.011082848837209303 0.03125 0.022165697674418606
4 0.7102713178294574 0.11900436046511628 0.031007751937984496 0.0345203488372093
4 0.8471414728682171 0.1171875 0.031007751937984496 0.035247093023255814
4 0.7117248062015504 0.060501453488372096 0.031007751937984496 0.0345203488372093
4 0.8471414728682171 0.060864825581395346 0.031007751937984496 0.035247093023255814