1 0.050993217054263566 0.9958212209302325 0.02446705426356589 0.007630813953488372
1 0.563468992248062 0.7921511627906976 0.02422480620155039 0.023255813953488372
1 0.1690891472868217 0.9342296511627907 0.02422480620155039 0.023255813953488372
1 0.17017926356589147 0.8164970930232558 0.0249515503875969 0.021075581395348836
1 0.17066375968992248 0.9934593023255814 0.02446705426356589 0.012354651162790697
1 0.23837209302325582 0.9211482558139535 0.02422480620155039 0.023255813953488372
1 0.23934108527131784 0.8553779069767442 0.02422480620155039 0.023255813953488372
1 0.16872577519379844 0.859375 0.023498062015503876 0.023255813953488372
1 0.5646802325581395 0.9353197674418605 0.02422480620155039 0.023255813953488372
1 0.6569767441860465 0.9084302325581395 0.02422480620155039 0.023255813953488372
1 0.5641957364341085 0.8343023255813954 0.02422480620155039 0.023255813953488372
1 0.7235949612403101 0.4731104651162791 0.022286821705426358 0.023255813953488372
1 0.041182170542635656 0.6409883720930233 0.022286821705426358 0.023255813953488372
1 0.08502906976744186 0.7034883720930233 0.022286821705426358 0.023255813953488372
1 0.1698158914728682 0.7034883720930233 0.022286821705426358 0.023255813953488372
1 0.2378875968992248 0.6776889534883721 0.022286821705426358 0.023255813953488372
1 0.23074127906976744 0.512718023255814 0.023498062015503876 0.021075581395348836
1 0.2374031007751938 0.6398982558139535 0.022286821705426358 0.023255813953488372
1 0.2805232558139535 0.5138081395348837 0.022286821705426358 0.023255813953488372
1 0.38372093023255816 0.5138081395348837 0.022286821705426358 0.023255813953488372
1 0.5031492248062015 0.5148982558139535 0.022286821705426358 0.023255813953488372
1 0.5627422480620154 0.5995639534883721 0.022286821705426358 0.023255813953488372
1 0.5627422480620154 0.701671511627907 0.022286821705426358 0.023255813953488372
4 0.045421511627906974 0.4554869186046512 0.0249515503875969 0.02434593023255814
4 0.1252422480620155 0.07340116279069768 0.04844961240310078 0.038517441860465115
4 0.17066375968992248 0.78125 0.0249515503875969 0.025436046511627907
4 0.17066375968992248 0.7441860465116279 0.0249515503875969 0.025436046511627907
4 0.23728197674418605 0.7169331395348837 0.0249515503875969 0.025436046511627907
4 0.23728197674418605 0.7543604651162791 0.0249515503875969 0.025436046511627907
4 0.23800872093023256 0.7885174418604651 0.0249515503875969 0.025436046511627907
4 0.23800872093023256 0.8197674418604651 0.0249515503875969 0.025436046511627907
4 0.23800872093023256 0.8844476744186046 0.0249515503875969 0.025436046511627907
4 0.5638323643410853 0.971656976744186 0.0249515503875969 0.025436046511627907
4 0.563953488372093 0.9954578488372093 0.025193798449612403 0.008357558139534883
4 0.46136143410852715 0.9603924418604651 0.023498062015503876 0.025436046511627907
4 0.5117490310077519 0.9473110465116279 0.023498062015503876 0.025436046511627907
4 0.7248062015503876 0.9996366279069767 0.03197674418604651 0
4 0.6671511627906976 0.8010537790697675 0.029554263565891473 0.030159883720930234
4 0.5632267441860465 0.6682412790697675 0.02422480620155039 0.023255813953488372
4 0.43531976744186046 0.5819404069767442 0.02567829457364341 0.02434593023255814
4 0.38420542635658916 0.5819404069767442 0.02567829457364341 0.02434593023255814
4 0.42999031007751937 0.5148982558139535 0.02422480620155039 0.025436046511627907
4 0.5632267441860465 0.5679505813953488 0.02422480620155039 0.023255813953488372
4 0.5632267441860465 0.5377906976744186 0.02422480620155039 0.023255813953488372
4 0.6716327519379846 0.4742005813953488 0.0249515503875969 0.025436046511627907
4 0.8415697674418605 0.26726017441860467 0.029554263565891473 0.03234011627906977
4 0.8419331395348837 0.21893168604651161 0.030281007751937983 0.03234011627906977
4 0.8415697674418605 0.47474563953488375 0.029554263565891473 0.03234011627906977
4 0.8419331395348837 0.4264171511627907 0.030281007751937983 0.03234011627906977
4 0.840843023255814 0.3737281976744186 0.029554263565891473 0.03234011627906977
4 0.8426598837209303 0.32212936046511625 0.030281007751937983 0.03234011627906977
3 0.6102228682170543 0.25254360465116277 0.046511627906976744 0.038517441860465115
4 0.5575339147286822 0.12590843023255813 0.030281007751937983 0.030159883720930234
4 0.40661337209302323 0.12427325581395349 0.030281007751937983 0.03343023255813953
4 0.5741279069767442 0.04923691860465116 0.031007751937984496 0.03234011627906977