1 0.2590843023255814 0.9037063953488372 0.023498062015503876 0.023255813953488372
1 0.3712451550387597 0.918968023255814 0.023013565891472867 0.023255813953488372
1 0.4841327519379845 0.9184229651162791 0.023498062015503876 0.022165697674418606
1 0.25944767441860467 0.778343023255814 0.02422480620155039 0.023255813953488372
1 0.009205426356589148 0.7347383720930233 0.018410852713178296 0.02252906976744186
1 0.40588662790697677 0.7420058139534884 0.023498062015503876 0.021075581395348836
1 0.4572432170542636 0.7430959302325582 0.0249515503875969 0.021075581395348836
1 0.40588662790697677 0.7107558139534884 0.023498062015503876 0.021075581395348836
1 0.4572432170542636 0.7129360465116279 0.0249515503875969 0.021075581395348836
1 0.40661337209302323 0.6511627906976745 0.023498062015503876 0.021075581395348836
1 0.45651647286821706 0.6500726744186046 0.0249515503875969 0.021075581395348836
1 0.40661337209302323 0.6177325581395349 0.023498062015503876 0.021075581395348836
1 0.45651647286821706 0.6177325581395349 0.0249515503875969 0.021075581395348836
1 0.2966327519379845 0.43731831395348836 0.023013565891472867 0.022165697674418606
1 0.2613856589147287 0.37209302325581395 0.02567829457364341 0.025436046511627907
1 0.14183624031007752 0.29651162790697677 0.023498062015503876 0.023255813953488372
4 0.08054748062015504 0.8508357558139535 0.030281007751937983 0.0345203488372093
4 0.4319282945736434 0.38880813953488375 0.04844961240310078 0.038517441860465115
4 0.3706395348837209 0.39098837209302323 0.04844961240310078 0.038517441860465115
4 0.5219234496124031 0.43786337209302323 0.0249515503875969 0.025436046511627907
4 0.6541908914728682 0.6686046511627907 0.0249515503875969 0.025436046511627907
4 0.6534641472868217 0.6180959302325582 0.0249515503875969 0.025436046511627907
4 0.2601744186046512 0.49909156976744184 0.02567829457364341 0.02434593023255814
4 0.2613856589147287 0.561046511627907 0.02567829457364341 0.025436046511627907
4 0.2598110465116279 0.6798691860465116 0.0249515503875969 0.02616279069767442
4 0.4069767441860465 0.681140988372093 0.02567829457364341 0.022165697674418606
4 0.4568798449612403 0.6805959302325582 0.02567829457364341 0.025436046511627907
4 0.5337936046511628 0.9771075581395349 0.02688953488372093 0.02616279069767442
4 0.7111191860465116 0.9920058139534884 0.03125 0.015261627906976744
4 0.8487160852713178 0.9930959302325582 0.03125 0.01308139534883721