1 0.9538517441860465 0.04705668604651163 0.02640503875968992 0.022165697674418606
1 0.9548207364341085 0.07576308139534883 0.02640503875968992 0.022165697674418606
1 0.9143653100775194 0.1673328488372093 0.02640503875968992 0.022165697674418606
1 0.8710029069767442 0.16842296511627908 0.02640503875968992 0.022165697674418606
1 0.7171753875968992 0.16696947674418605 0.02640503875968992 0.022165697674418606
1 0.6660610465116279 0.16805959302325582 0.02640503875968992 0.022165697674418606
1 0.5144137596899225 0.07394622093023256 0.02640503875968992 0.022165697674418606
1 0.513687015503876 0.023800872093023256 0.02640503875968992 0.022165697674418606
1 0.6813226744186046 0.40061773255813954 0.04578488372093023 0.037427325581395346
1 0.8809350775193798 0.3159520348837209 0.023498062015503876 0.022165697674418606
1 0.982921511627907 0.38390261627906974 0.023498062015503876 0.022165697674418606
1 0.9809835271317829 0.5666787790697675 0.023498062015503876 0.022165697674418606
1 0.5713420542635659 0.4772892441860465 0.04578488372093023 0.037427325581395346
1 0.6805959302325582 0.4772892441860465 0.04578488372093023 0.037427325581395346
1 0.562984496124031 0.7167514534883721 0.029554263565891473 0.02943313953488372
1 0.7686531007751938 0.4253270348837209 0.029554263565891473 0.02943313953488372
1 0.8977713178294574 0.615734011627907 0.046511627906976744 0.05777616279069767
1 0.22286821705426357 0.715843023255814 0.02422480620155039 0.023255813953488372
4 0.5140503875968992 0.5190770348837209 0.02567829457364341 0.07376453488372094
4 0.5147771317829457 0.1277252906976744 0.02567829457364341 0.07376453488372094
4 0.5147771317829457 0.2167514534883721 0.02567829457364341 0.07376453488372094
4 0.5140503875968992 0.3482921511627907 0.02567829457364341 0.07376453488372094
4 0.5133236434108527 0.431140988372093 0.02567829457364341 0.07376453488372094
4 0.8235222868217055 0.1673328488372093 0.023498062015503876 0.02434593023255814
4 0.7757994186046512 0.16787790697674418 0.0249515503875969 0.025436046511627907
4 0.5129602713178295 0.2934229651162791 0.023498062015503876 0.022165697674418606
4 0.5140503875968992 0.004723837209302325 0.023255813953488372 0.00944767441860465
4 0.5139292635658915 0.048510174418604654 0.023013565891472867 0.022165697674418606
4 0.5122335271317829 0.26617005813953487 0.023498062015503876 0.022165697674418606
4 0.9830426356589147 0.3319404069767442 0.02422480620155039 0.02434593023255814
4 0.9735949612403101 0.20367005813953487 0.02422480620155039 0.02434593023255814
4 0.5409399224806202 0.6351744186046512 0.02567829457364341 0.02616279069767442
4 0.5413032945736435 0.6755087209302325 0.0249515503875969 0.025436046511627907
4 0.9012839147286822 0.5314316860465116 0.0249515503875969 0.02434593023255814
4 0.8385416666666666 0.7152979651162791 0.0249515503875969 0.02434593023255814
4 0.8370881782945736 0.5739462209302325 0.0249515503875969 0.02434593023255814
4 0.8378149224806202 0.5343386627906976 0.0249515503875969 0.02434593023255814
4 0.8980135658914729 0.6636991279069767 0.031007751937984496 0.03234011627906977
4 0.8975290697674418 0.715843023255814 0.02567829457364341 0.025436046511627907
0 0.7467296511627907 0.05396075581395349 0.1431686046511628 0.10792151162790697