1 0.2653827519379845 0.16260901162790697 0.013808139534883721 0.0345203488372093
1 0.4160610465116279 0.08085029069767442 0.02252906976744186 0.02071220930232558
1 0.4165455426356589 0.11755087209302326 0.023498062015503876 0.02071220930232558
1 0.4183624031007752 0.1894985465116279 0.02567829457364341 0.021438953488372093
1 0.3026889534883721 0.25617732558139533 0.023498062015503876 0.019622093023255814
1 0.7644137596899225 0.42932412790697677 0.018168604651162792 0.041787790697674417
3 0.31431686046511625 0.8172238372093024 0.014777131782945737 0.036337209302325583
1 0.6388081395348837 0.6633357558139535 0.09932170542635659 0.09193313953488372
0 0.6695736434108527 0.537609011627907 0.05329457364341085 0.10356104651162791
2 0.7512112403100775 0.5470566860465116 0.024709302325581394 0.078125
2 0.658672480620155 0.3717296511627907 0.041666666666666664 0.10755813953488372
3 0.7518168604651163 0.31867732558139533 0.08212209302325581 0.13154069767441862
1 0.21632751937984496 0.27053052325581395 0.07461240310077519 0.0715843023255814
2 0.29299903100775193 0.4133357558139535 0.03609496124031008 0.10210755813953488
2 0.23897771317829458 0.4120639534883721 0.039001937984496124 0.10755813953488372
0 0.33151647286821706 0.13172238372093023 0.052567829457364344 0.1028343023255814
4 0.4165455426356589 0.15679505813953487 0.023013565891472867 0.021438953488372093
4 0.30353682170542634 0.22292877906976744 0.02422480620155039 0.022165697674418606
4 0.7820978682170543 0.23855377906976744 0.022044573643410854 0.022165697674418606
0 0.9906734496124031 0.42478197674418605 0.018168604651162792 0.3960755813953488
0 0.8661579457364341 0.3640988372093023 0.0559593023255814 0.19912790697674418
0 0.7860949612403101 0.9026162790697675 0.32703488372093026 0.19404069767441862
0 0.500968992248062 0.12972383720930233 0.05377906976744186 0.1002906976744186