1 0.7067587209302325 0.04087936046511628 0.02640503875968992 0.022165697674418606
1 0.34265988372093026 0.19167877906976744 0.02640503875968992 0.022165697674418606
1 0.4727470930232558 0.22111191860465115 0.02640503875968992 0.022165697674418606
1 0.548328488372093 0.3079578488372093 0.02640503875968992 0.022165697674418606
1 0.7079699612403101 0.31304505813953487 0.02640503875968992 0.022165697674418606
1 0.513687015503876 0.7672601744186046 0.02640503875968992 0.022165697674418606
1 0.6609738372093024 0.043059593023255814 0.02640503875968992 0.022165697674418606
1 0.7721656976744186 0.041969476744186045 0.02640503875968992 0.022165697674418606
1 0.8714874031007752 0.041969476744186045 0.02640503875968992 0.022165697674418606
1 0.9475532945736435 0.42132994186046513 0.02640503875968992 0.022165697674418606
1 0.5049660852713178 0.4616642441860465 0.023498062015503876 0.022165697674418606
1 0.8806928294573644 0.5786700581395349 0.02640503875968992 0.022165697674418606
1 0.8765746124031008 0.651344476744186 0.02640503875968992 0.022165697674418606
1 0.953609496124031 0.8119549418604651 0.02640503875968992 0.022165697674418606
1 0.953609496124031 0.896984011627907 0.02640503875968992 0.022165697674418606
1 0.9553052325581395 0.9376816860465116 0.02640503875968992 0.022165697674418606
1 0.5139292635658915 0.8671875 0.02640503875968992 0.022165697674418606
4 0.44670542635658916 0.4602107558139535 0.02422480620155039 0.02434593023255814
4 0.9348352713178295 0.09756540697674419 0.02422480620155039 0.02434593023255814
4 0.47214147286821706 0.29669331395348836 0.02422480620155039 0.02434593023255814
4 0.41375968992248063 0.33557412790697677 0.02422480620155039 0.02434593023255814
4 0.5477228682170543 0.3472020348837209 0.02422480620155039 0.02434593023255814
4 0.5484496124031008 0.41224563953488375 0.02422480620155039 0.02434593023255814
4 0.4130329457364341 0.4107921511627907 0.02422480620155039 0.02434593023255814
4 0.4115794573643411 0.37445494186046513 0.02422480620155039 0.02434593023255814
4 0.4127906976744186 0.26035610465116277 0.02422480620155039 0.02434593023255814
4 0.7754360465116279 0.14625726744186046 0.02422480620155039 0.02434593023255814
4 0.8207364341085271 0.04342296511627907 0.02422480620155039 0.02434593023255814
4 0.7742248062015504 0.20748546511627908 0.02567829457364341 0.025436046511627907
4 0.9481589147286822 0.5381540697674418 0.02422480620155039 0.023255813953488372
4 0.842781007751938 0.20748546511627908 0.02422480620155039 0.023255813953488372
4 0.8435077519379846 0.2609011627906977 0.02422480620155039 0.023255813953488372
4 0.8389050387596899 0.3601017441860465 0.02422480620155039 0.023255813953488372
4 0.7768895348837209 0.3601017441860465 0.02422480620155039 0.023255813953488372
4 0.9474321705426356 0.4622093023255814 0.02422480620155039 0.023255813953488372
4 0.9488856589147286 0.49963662790697677 0.02422480620155039 0.023255813953488372
4 0.5140503875968992 0.6322674418604651 0.02567829457364341 0.07267441860465117
4 0.5147771317829457 0.7189316860465116 0.02567829457364341 0.07376453488372094
4 0.5147771317829457 0.8221293604651163 0.02567829457364341 0.07376453488372094
4 0.5140503875968992 0.9213299418604651 0.02567829457364341 0.07376453488372094
4 0.6196705426356589 0.6404433139534884 0.02422480620155039 0.02434593023255814
4 0.9543362403100775 0.979469476744186 0.023498062015503876 0.02434593023255814
4 0.5140503875968992 0.9932776162790697 0.023255813953488372 0.012718023255813954
4 0.514656007751938 0.9707485465116279 0.023013565891472867 0.022165697674418606
4 0.9549418604651163 0.7663517441860465 0.02567829457364341 0.023255813953488372
0 0.7732558139534884 0.595203488372093 0.12209302325581395 0.08284883720930232
0 0.7467296511627907 0.8635537790697675 0.1431686046511628 0.2721656976744186