1 0.579093992248062 0.1587936046511628 0.025436046511627907 0.023255813953488372
1 0.7233527131782945 0.171875 0.015988372093023256 0.03924418604651163
1 0.7914244186046512 0.09447674418604651 0.015503875968992248 0.037063953488372096
1 0.7067587209302325 0.540515988372093 0.025436046511627907 0.022165697674418606
1 0.6051356589147286 0.5138081395348837 0.02810077519379845 0.07340116279069768
1 0.9201792635658915 0.3757267441860465 0.023982558139534885 0.023255813953488372
1 0.7667151162790697 0.6293604651162791 0.02616279069767442 0.023255813953488372
1 0.8175872093023255 0.629905523255814 0.02616279069767442 0.022165697674418606
1 0.9456153100775194 0.6293604651162791 0.025436046511627907 0.023255813953488372
1 0.9802567829457365 0.71875 0.014777131782945737 0.03924418604651163
1 0.9031007751937985 0.7952398255813954 0.015503875968992248 0.03815406976744186
1 0.8696705426356589 0.7946947674418605 0.015503875968992248 0.037063953488372096
1 0.6649709302325582 0.8715479651162791 0.024709302325581394 0.022165697674418606
1 0.8863856589147286 0.9347747093023255 0.015503875968992248 0.03815406976744186
1 0.971656976744186 0.9358648255813954 0.015988372093023256 0.03815406976744186
1 0.5540213178294574 0.9745639534883721 0.015503875968992248 0.03924418604651163
4 0.6299660852713178 0.15933866279069767 0.025436046511627907 0.022165697674418606
4 0.6569767441860465 0.3626453488372093 0.02616279069767442 0.023982558139534885
4 0.7063953488372093 0.2863372093023256 0.02616279069767442 0.023982558139534885
4 0.7063953488372093 0.32449127906976744 0.02616279069767442 0.023982558139534885
4 0.7063953488372093 0.3639171511627907 0.02616279069767442 0.022165697674418606
4 0.8263081395348837 0.09611191860465117 0.015503875968992248 0.03815406976744186
4 0.9285368217054264 0.09556686046511628 0.04893410852713178 0.03924418604651163
4 0.8757267441860465 0.09556686046511628 0.04893410852713178 0.03924418604651163
4 0.9940649224806202 0.09520348837209303 0.011385658914728682 0.038517441860465115
4 0.5285852713178295 0.6302688953488372 0.02616279069767442 0.02507267441860465
4 0.9580910852713178 0.7371002906976745 0.015988372093023256 0.03815406976744186
4 0.48716085271317827 0.7205668604651163 0.02616279069767442 0.07122093023255814
4 0.48594961240310075 0.6448037790697675 0.015988372093023256 0.03815406976744186
4 0.48522286821705424 0.8094113372093024 0.015988372093023256 0.03815406976744186
4 0.8860222868217055 0.642078488372093 0.04675387596899225 0.03997093023255814
4 0.7663517441860465 0.6687863372093024 0.023982558139534885 0.022165697674418606
4 0.8312742248062015 0.6944040697674418 0.025436046511627907 0.023255813953488372
4 0.8202519379844961 0.7587209302325582 0.026647286821705425 0.023255813953488372
4 0.5373062015503876 0.7205668604651163 0.02616279069767442 0.07122093023255814
4 0.7681686046511628 0.7307412790697675 0.02616279069767442 0.07122093023255814
4 0.8177083333333334 0.8215843023255814 0.025436046511627907 0.023982558139534885
4 0.6558866279069767 0.9236918604651163 0.025436046511627907 0.023982558139534885
4 0.7753149224806202 0.912609011627907 0.016715116279069766 0.03815406976744186
4 0.6316618217054264 0.9838299418604651 0.049176356589147284 0.031613372093023256
4 0.8190406976744186 0.8982558139534884 0.02616279069767442 0.07122093023255814
4 0.8191618217054264 0.9943677325581395 0.02640503875968992 0.010537790697674418
4 0.48619186046511625 0.9967296511627907 0.015019379844961241 0.005813953488372093
0 0.4258720930232558 0.38844476744186046 0.20203488372093023 0.28997093023255816
0 0.6516472868217055 0.673328488372093 0.0809108527131783 0.13154069767441862