1 0.18108042635658914 0.22492732558139536 0.023498062015503876 0.021075581395348836
1 0.18059593023255813 0.07903343023255814 0.023982558139534885 0.022165697674418606
1 0.6212451550387597 0.15316133720930233 0.014777131782945737 0.03597383720930233
1 0.6797480620155039 0.22547238372093023 0.014050387596899225 0.03597383720930233
1 0.7645348837209303 0.44349563953488375 0.015988372093023256 0.03597383720930233
1 0.7655038759689923 0.5779433139534884 0.014050387596899225 0.03597383720930233
4 0.39232073643410853 0.1106468023255814 0.025436046511627907 0.06940406976744186
4 0.39280523255813954 0.19658430232558138 0.025436046511627907 0.06831395348837209
4 0.5066618217054264 0.16824127906976744 0.02688953488372093 0.023982558139534885
4 0.5555959302325582 0.16824127906976744 0.025436046511627907 0.023982558139534885
4 0.7100290697674418 0.5801235465116279 0.015503875968992248 0.03597383720930233
4 0.7294089147286822 0.528343023255814 0.02616279069767442 0.021075581395348836
4 0.7317102713178295 0.44440406976744184 0.025436046511627907 0.06831395348837209
4 0.7039728682170543 0.22819767441860464 0.015503875968992248 0.03924418604651163
4 0.7046996124031008 0.30050872093023256 0.015503875968992248 0.037063953488372096
4 0.7295300387596899 0.298328488372093 0.014777131782945737 0.037063953488372096
4 0.7543604651162791 0.29778343023255816 0.015988372093023256 0.03815406976744186
0 0.041061046511627904 0.3671875 0.08212209302325581 0.5308866279069767
2 0.889656007751938 0.5643168604651163 0.023013565891472867 0.06322674418604651
2 0.8923207364341085 0.8099563953488372 0.023013565891472867 0.06322674418604651
1 0.8872335271317829 0.4652979651162791 0.015261627906976744 0.035247093023255814
0 0.25823643410852715 0.4792877906976744 0.18410852713178294 0.2747093023255814
0 0.5523255813953488 0.4742005813953488 0.18410852713178294 0.2747093023255814
0 0.28900193798449614 0.15570494186046513 0.06201550387596899 0.15443313953488372
0 0.7078488372093024 0.07067587209302326 0.08817829457364341 0.0912063953488372