1 0.9715358527131783 0.06359011627906977 0.014777131782945737 0.037063953488372096
1 0.690406976744186 0.06304505813953488 0.015503875968992248 0.03815406976744186
1 0.6126453488372093 0.0650436046511628 0.024709302325581394 0.023982558139534885
1 0.5714631782945736 0.06413517441860465 0.015503875968992248 0.03815406976744186
1 0.24636627906976744 0.38535610465116277 0.02616279069767442 0.022165697674418606
1 0.17781007751937986 0.5147165697674418 0.045542635658914726 0.03815406976744186
1 0.2464874031007752 0.5254360465116279 0.025436046511627907 0.023255813953488372
1 0.48570736434108525 0.5121729651162791 0.024709302325581394 0.06722383720930232
1 0.6046511627906976 0.4987281976744186 0.030038759689922482 0.030159883720930234
1 0.8438711240310077 0.6271802325581395 0.025436046511627907 0.023982558139534885
1 0.9880087209302325 0.5881177325581395 0.023498062015503876 0.02434593023255814
1 0.9546996124031008 0.6638808139534884 0.02616279069767442 0.023982558139534885
1 0.903827519379845 0.6646075581395349 0.024709302325581394 0.023255813953488372
1 0.9960029069767442 0.6651526162790697 0.0075096899224806205 0.0403343023255814
1 0.9963662790697675 0.20476017441860464 0.006782945736434108 0.02434593023255814
1 0.7926356589147286 0.6891351744186046 0.04748062015503876 0.03597383720930233
1 0.6047722868217055 0.6907703488372093 0.04626937984496124 0.037063953488372096
1 0.4937015503875969 0.8063226744186046 0.015503875968992248 0.03924418604651163
0 0.5109011627906976 0.6831395348837209 0.03343023255813953 0.034156976744186045
4 0.8197674418604651 0.16715116279069767 0.02616279069767442 0.07122093023255814
4 0.6316618217054264 0.003815406976744186 0.049176356589147284 0.007630813953488372
4 0.8191618217054264 0.03034156976744186 0.02640503875968992 0.06068313953488372
4 0.5889050387596899 0.21911337209302326 0.015988372093023256 0.037063953488372096
4 0.48570736434108525 0.1666061046511628 0.015503875968992248 0.03597383720930233
4 0.48619186046511625 0.016715116279069766 0.015019379844961241 0.03343023255813953
4 0.48607073643410853 0.08975290697674419 0.014777131782945737 0.03924418604651163
4 0.17829457364341086 0.6389898255813954 0.04408914728682171 0.03815406976744186
4 0.17756782945736435 0.5768531976744186 0.04408914728682171 0.03815406976744186
4 0.20373062015503876 0.6913154069767442 0.026647286821705425 0.022165697674418606
4 0.3064437984496124 0.7300145348837209 0.024709302325581394 0.023255813953488372
4 0.20397286821705427 0.7311046511627907 0.024709302325581394 0.023255813953488372
4 0.2555717054263566 0.7300145348837209 0.024709302325581394 0.023255813953488372
4 0.3742732558139535 0.6918604651162791 0.015988372093023256 0.03924418604651163
4 0.4004360465116279 0.6929505813953488 0.01744186046511628 0.03924418604651163
4 0.3068071705426357 0.678234011627907 0.025436046511627907 0.022165697674418606
4 0.45179263565891475 0.6793241279069767 0.015988372093023256 0.03815406976744186
4 0.5381540697674418 0.5505087209302325 0.025436046511627907 0.07340116279069768
4 0.6062257751937985 0.5886627906976745 0.016715116279069766 0.03924418604651163
4 0.7073643410852714 0.5763081395348837 0.01744186046511628 0.03924418604651163
4 0.7336482558139535 0.6896802325581395 0.025436046511627907 0.023255813953488372
4 0.8866279069767442 0.5881177325581395 0.026647286821705425 0.022165697674418606
5 0.23776647286821706 0.30686773255813954 0.023982558139534885 0.07013081395348837
5 0.65625 0.5804869186046512 0.02616279069767442 0.06940406976744186
0 0.7023982558139535 0.36464389534883723 0.06613372093023256 0.1413517441860465
0 0.5413032945736435 0.36355377906976744 0.06613372093023256 0.1413517441860465
0 0.8946220930232558 0.3971656976744186 0.08817829457364341 0.25872093023255816
0 0.27761627906976744 0.8146802325581395 0.0687984496124031 0.1184593023255814
0 0.41436531007751937 0.831031976744186 0.05886627906976744 0.10319767441860465
0 0.8946220930232558 0.3971656976744186 0.08817829457364341 0.25872093023255816
0 0.9281734496124031 0.8573764534883721 0.06031976744186047 0.10138081395348837