1 0.2600532945736434 0.4106104651162791 0.025436046511627907 0.023255813953488372
1 0.3794815891472868 0.5648619186046512 0.016715116279069766 0.03815406976744186
1 0.16593992248062014 0.5768531976744186 0.015503875968992248 0.03597383720930233
1 0.07315891472868218 0.514171511627907 0.015988372093023256 0.037063953488372096
1 0.03972868217054264 0.42369186046511625 0.015503875968992248 0.03924418604651163
1 0.07279554263565892 0.6275436046511628 0.014777131782945737 0.037063953488372096
1 0.07291666666666667 0.7171148255813954 0.015503875968992248 0.03815406976744186
1 0.07255329457364341 0.8468386627906976 0.014777131782945737 0.03815406976744186
1 0.029554263565891473 0.9602107558139535 0.024709302325581394 0.022165697674418606
1 0.26877422480620156 0.7300145348837209 0.025436046511627907 0.023255813953488372
1 0.3444767441860465 0.845203488372093 0.02616279069767442 0.023255813953488372
1 0.26877422480620156 0.7688953488372093 0.025436046511627907 0.023255813953488372
1 0.40358527131782945 0.9738372093023255 0.015503875968992248 0.037063953488372096
1 0.3444767441860465 0.9869186046511628 0.024709302325581394 0.021075581395348836
1 0.43786337209302323 0.9611191860465116 0.025436046511627907 0.023982558139534885
1 0.548328488372093 0.7311046511627907 0.025436046511627907 0.023255813953488372
1 0.625 0.6150072674418605 0.015503875968992248 0.03815406976744186
1 0.625 0.48800872093023256 0.015503875968992248 0.037063953488372096
1 0.7215358527131783 0.815406976744186 0.025436046511627907 0.023255813953488372
1 0.9205426356589147 0.48855377906976744 0.014050387596899225 0.03815406976744186
1 0.8133478682170543 0.1335392441860465 0.04675387596899225 0.03815406976744186
1 0.8128633720930233 0.18513808139534885 0.04626937984496124 0.03815406976744186
1 0.812984496124031 0.0003633720930232558 0.046511627906976744 0.0007267441860465116
1 0.8140746124031008 0.33811773255813954 0.04626937984496124 0.03815406976744186
1 0.920421511627907 0.23382994186046513 0.016715116279069766 0.03815406976744186
4 0.23425387596899225 0.5123546511627907 0.04893410852713178 0.03924418604651163
4 0.31964631782945735 0.4113372093023256 0.027374031007751938 0.023982558139534885
4 0.11579457364341085 0.7692587209302325 0.02616279069767442 0.07122093023255814
4 0.11506782945736434 0.5010901162790697 0.02616279069767442 0.07122093023255814
4 0.11579457364341085 0.5893895348837209 0.02616279069767442 0.07122093023255814
4 0.11579457364341085 0.6787790697674418 0.02616279069767442 0.07122093023255814
4 0.19137596899224807 0.7309229651162791 0.024709302325581394 0.02507267441860465
4 0.007025193798449613 0.42369186046511625 0.014050387596899225 0.038517441860465115
4 0.5806686046511628 0.8195857558139535 0.02616279069767442 0.022165697674418606
4 0.6239098837209303 0.9089752906976745 0.04675387596899225 0.03815406976744186
4 0.5984738372093024 0.7425508720930233 0.04675387596899225 0.03815406976744186
4 0.8015988372093024 0.793968023255814 0.026647286821705425 0.07122093023255814
4 0.9206637596899225 0.5772165697674418 0.016715116279069766 0.041061046511627904
4 0.9198158914728682 0.32249273255813954 0.015503875968992248 0.041061046511627904
4 0.9205426356589147 0.06958575581395349 0.015503875968992248 0.04324127906976744
0 0.23062015503875968 0.9175145348837209 0.06298449612403101 0.16351744186046513
0 0.7432170542635659 0.528343023255814 0.08624031007751938 0.2609011627906977
0 0.5218023255813954 0.5276162790697675 0.08624031007751938 0.2609011627906977