1 0.0562015503875969 0.0625 0.015503875968992248 0.037063953488372096
1 0.0013323643410852713 0.5881177325581395 0.0026647286821705426 0.02434593023255814
1 0.019016472868217053 0.6651526162790697 0.03803294573643411 0.0403343023255814
1 0.0750968992248062 0.6633357558139535 0.024709302325581394 0.022165697674418606
1 0.21087693798449614 0.6388081395348837 0.03948643410852713 0.07340116279069768
1 0.21172480620155038 0.5227107558139535 0.03875968992248062 0.07013081395348837
1 0.20990794573643412 0.33175872093023256 0.025436046511627907 0.023255813953488372
1 0.20191375968992248 0.13935319767441862 0.014777131782945737 0.03815406976744186
1 0.23570736434108527 0.13880813953488372 0.015503875968992248 0.037063953488372096
1 0.009326550387596898 0.20476017441860464 0.018653100775193797 0.02434593023255814
1 0.12609011627906977 0.7550872093023255 0.04675387596899225 0.037063953488372096
1 0.23546511627906977 0.7151162790697675 0.024709302325581394 0.023255813953488372
1 0.5072674418604651 0.15134447674418605 0.015503875968992248 0.03815406976744186
1 0.532703488372093 0.15134447674418605 0.015503875968992248 0.03597383720930233
1 0.3372093023255814 0.2930595930232558 0.024709302325581394 0.022165697674418606
1 0.6516472868217055 0.34193313953488375 0.024709302325581394 0.023982558139534885
1 0.702156007751938 0.34265988372093026 0.023982558139534885 0.021075581395348836
1 0.7961482558139535 0.35519622093023256 0.023498062015503876 0.022165697674418606
1 0.859859496124031 0.34484011627906974 0.023982558139534885 0.023255813953488372
1 0.8837209302325582 0.2005813953488372 0.024709302325581394 0.023982558139534885
1 0.592781007751938 0.34265988372093026 0.024709302325581394 0.021075581395348836
1 0.5168362403100775 0.47093023255813954 0.04675387596899225 0.037063953488372096
1 0.5158672480620154 0.5221656976744186 0.04626937984496124 0.037063953488372096
1 0.37257751937984496 0.6507994186046512 0.024709302325581394 0.023255813953488372
4 0.0405765503875969 0.5868459302325582 0.025436046511627907 0.023982558139534885
4 0.1343265503875969 0.5864825581395349 0.025436046511627907 0.023255813953488372
4 0.05753391472868217 0.7523619186046512 0.027374031007751938 0.022165697674418606
4 0.19646317829457363 0.019622093023255814 0.015988372093023256 0.03924418604651163
4 0.3127422480620155 0.21711482558139536 0.026647286821705425 0.07231104651162791
4 0.8829941860465116 0.049781976744186045 0.02616279069767442 0.021075581395348836
4 0.532703488372093 0.22892441860465115 0.015988372093023256 0.037063953488372096
4 0.5330668604651163 0.008175872093023256 0.01623062015503876 0.016351744186046513
4 0.5060562015503876 0.07667151162790697 0.015988372093023256 0.037063953488372096
4 0.4407703488372093 0.12609011627906977 0.027374031007751938 0.023982558139534885
4 0.532703488372093 0.07449127906976744 0.015988372093023256 0.037063953488372096
4 0.3127422480620155 0.06340843023255814 0.026647286821705425 0.07231104651162791
4 0.3127422480620155 0.14080668604651161 0.026647286821705425 0.07231104651162791
4 0.2856104651162791 0.2941497093023256 0.030038759689922482 0.030159883720930234
4 0.3796027131782946 0.2928779069767442 0.026647286821705425 0.023982558139534885
4 0.21039244186046513 0.3828125 0.025436046511627907 0.02507267441860465
4 0.20966569767441862 0.41969476744186046 0.025436046511627907 0.023255813953488372
4 0.8840843023255814 0.29087936046511625 0.025436046511627907 0.022165697674418606
4 0.8833575581395349 0.5465116279069767 0.025436046511627907 0.021075581395348836
4 0.8837209302325582 0.5968386627906976 0.02616279069767442 0.022165697674418606
5 0.404796511627907 0.40715843023255816 0.024709302325581394 0.06431686046511628
5 0.4731104651162791 0.5899345930232558 0.024709302325581394 0.06431686046511628
4 0.22020348837209303 0.8811773255813954 0.07703488372093023 0.05813953488372093
4 0.36664244186046513 0.5412427325581395 0.03803294573643411 0.109375
4 0.22020348837209303 0.7787063953488372 0.07703488372093023 0.05813953488372093
4 0.4221172480620155 0.4987281976744186 0.022044573643410854 0.043968023255813955
4 0.422843992248062 0.6019258720930233 0.022044573643410854 0.043968023255813955
0 0.08260658914728682 0.39825581395348836 0.08817829457364341 0.25872093023255816
0 0.07061531007751938 0.8551962209302325 0.06031976744186047 0.10138081395348837
0 0.3592538759689923 0.8226744186046512 0.1438953488372093 0.11046511627906977
0 0.7043362403100775 0.14098837209302326 0.2507267441860465 0.2136627906976744
0 0.29602713178294576 0.5710392441860465 0.07025193798449612 0.0846656976744186