1 0.26816860465116277 0.9064316860465116 0.02131782945736434 0.04614825581395349
4 0.31916182170542634 0.07612645348837209 0.014777131782945737 0.03815406976744186
4 0.3013565891472868 0.9075218023255814 0.015503875968992248 0.0403343023255814
2 0.38808139534883723 0.9058866279069767 0.040213178294573645 0.037063953488372096
0 0.24503391472868216 0.6735101744186046 0.06128875968992248 0.1028343023255814
0 0.24261143410852712 0.381359011627907 0.06128875968992248 0.1028343023255814
0 0.24382267441860464 0.5270712209302325 0.06128875968992248 0.1028343023255814
0 0.8580426356589147 0.8175872093023255 0.08817829457364341 0.09302325581395349
0 0.6994912790697675 0.8141351744186046 0.16497093023255813 0.12681686046511628
0 0.5400920542635659 0.8234011627906976 0.09714147286821706 0.10610465116279069
0 0.966812015503876 0.8092296511627907 0.06589147286821706 0.12718023255813954
3 0.4460998062015504 0.8938953488372093 0.019137596899224806 0.04505813953488372