1 0.24563953488372092 0.1146438953488372 0.01937984496124031 0.04614825581395349
1 0.2873062015503876 0.18713662790697674 0.014534883720930232 0.036337209302325583
1 0.36773255813953487 0.1855014534883721 0.02374031007751938 0.018531976744186048
1 0.5700096899224806 0.5523255813953488 0.02374031007751938 0.02180232558139535
1 0.7645348837209303 0.5541424418604651 0.014534883720930232 0.03561046511627907
1 0.7223837209302325 0.14407703488372092 0.0625 0.15007267441860464
1 0.7867005813953488 0.14407703488372092 0.06080426356589147 0.15007267441860464
4 0.24709302325581395 0.18895348837209303 0.015503875968992248 0.0377906976744186
5 0.24563953488372092 0.27252906976744184 0.020348837209302327 0.06468023255813954
2 0.18095930232558138 0.27325581395348836 0.020348837209302327 0.06468023255813954
0 0.21705426356589147 0.40679505813953487 0.05910852713178295 0.10574127906976744
0 0.6631540697674418 0.3762718023255814 0.20227713178294573 0.14934593023255813
4 0.6523740310077519 0.5534156976744186 0.023255813953488372 0.021075581395348836
4 0.7252906976744186 0.5537790697674418 0.02422480620155039 0.02180232558139535
4 0.28488372093023256 0.7334665697674418 0.024709302325581394 0.06795058139534883
4 0.7240794573643411 0.6146438953488372 0.024709302325581394 0.06795058139534883
4 0.6504360465116279 0.6146438953488372 0.024709302325581394 0.06795058139534883
0 0.2159641472868217 0.6010174418604651 0.05983527131782946 0.10174418604651163
4 0.5690406976744186 0.6139171511627907 0.024709302325581394 0.06795058139534883
4 0.2925145348837209 0.9980014534883721 0.015261627906976744 0.0032703488372093025
0 0.6145833333333334 0.8651889534883721 0.30862403100775193 0.2688953488372093
2 0.8942587209302325 0.14861918604651161 0.10925387596899225 0.11700581395348837
0 0.9121850775193798 0.4578488372093023 0.1751453488372093 0.2819767441860465
0 0.9161821705426356 0.8588299418604651 0.16715116279069767 0.28161337209302323