1 0.42381298449612403 0.07231104651162791 0.023982558139534885 0.020348837209302327
1 0.48122577519379844 0.10864825581395349 0.023982558139534885 0.023255813953488372
1 0.6363856589147286 0.12209302325581395 0.013565891472868217 0.03488372093023256
1 0.6116763565891473 0.12209302325581395 0.013565891472868217 0.03488372093023256
1 0.14510658914728683 0.26526162790697677 0.023255813953488372 0.023255813953488372
1 0.1438953488372093 0.41188226744186046 0.023255813953488372 0.022165697674418606
1 0.5862403100775194 0.3550145348837209 0.015503875968992248 0.0377906976744186
1 0.6438953488372093 0.42932412790697677 0.013565891472868217 0.03670058139534884
1 0.7257751937984496 0.6509811046511628 0.015503875968992248 0.03670058139534884
1 0.7246850775193798 0.786155523255814 0.014777131782945737 0.03597383720930233
1 0.8482315891472868 0.6771438953488372 0.016715116279069766 0.03888081395348837
2 0.8496850775193798 0.7756177325581395 0.025920542635658916 0.0650436046511628
0 0.06649709302325581 0.08521075581395349 0.13299418604651161 0.17042151162790697
0 0.2532703488372093 0.3457485465116279 0.06516472868217055 0.15661337209302326
0 0.2542393410852713 0.13753633720930233 0.06516472868217055 0.15661337209302326
4 0.35755813953488375 0.38971656976744184 0.024709302325581394 0.06867732558139535
4 0.35828488372093026 0.09538517441860465 0.024709302325581394 0.06867732558139535
4 0.35780038759689925 0.18077761627906977 0.024709302325581394 0.06867732558139535
4 0.35731589147286824 0.303234011627907 0.024709302325581394 0.06867732558139535
4 0.47165697674418605 0.3659156976744186 0.025193798449612403 0.023255813953488372
4 0.5207122093023255 0.3664607558139535 0.02640503875968992 0.02507267441860465
0 0.020227713178294575 0.5461482558139535 0.04045542635658915 0.529796511627907
0 0.5117490310077519 0.6760537790697675 0.1925872093023256 0.28888081395348836
0 0.21693313953488372 0.6753270348837209 0.1925872093023256 0.28888081395348836
0 0.6372335271317829 0.008902616279069768 0.26719961240310075 0.017805232558139535
4 0.5222868217054264 0.12154796511627906 0.015503875968992248 0.03379360465116279
4 0.6848352713178295 0.12209302325581395 0.014534883720930232 0.036337209302325583
4 0.6606104651162791 0.12209302325581395 0.014534883720930232 0.036337209302325583
4 0.7100290697674418 0.12281976744186046 0.013565891472868217 0.03488372093023256
0 0.6740552325581395 0.27507267441860467 0.08987403100775193 0.09593023255813954
4 0.6676356589147286 0.5032703488372093 0.014050387596899225 0.037063953488372096
4 0.6688468992248062 0.42986918604651164 0.014050387596899225 0.037063953488372096
4 0.6923449612403101 0.5023619186046512 0.014534883720930232 0.03379360465116279
4 0.717296511627907 0.502906976744186 0.014050387596899225 0.03488372093023256
4 0.6919815891472868 0.6502543604651163 0.025920542635658916 0.06940406976744186
4 0.689437984496124 0.7341933139534884 0.025193798449612403 0.02434593023255814
4 0.6695736434108527 0.7854287790697675 0.015503875968992248 0.03306686046511628
0 0.4637839147286822 0.25290697674418605 0.06952519379844961 0.1431686046511628