1 0.16327519379844962 0.3117732558139535 0.02616279069767442 0.023982558139534885
1 0.1623062015503876 0.4647529069767442 0.026647286821705425 0.023255813953488372
1 0.1620639534883721 0.6179142441860465 0.02616279069767442 0.022165697674418606
1 0.35695251937984496 0.9246002906976745 0.04675387596899225 0.03597383720930233
1 0.35598352713178294 0.9747456395348837 0.04675387596899225 0.03815406976744186
1 0.4699612403100775 0.26144622093023256 0.015988372093023256 0.03597383720930233
1 0.796875 0.25036337209302323 0.016715116279069766 0.03997093023255814
1 0.41012596899224807 0.12136627906976744 0.015503875968992248 0.037063953488372096
1 0.43580426356589147 0.12191133720930232 0.015988372093023256 0.03815406976744186
1 0.469718992248062 0.12136627906976744 0.015503875968992248 0.037063953488372096
1 0.6493459302325582 0.12300145348837209 0.025436046511627907 0.022165697674418606
1 0.7508478682170543 0.1355377906976744 0.014777131782945737 0.037063953488372096
1 0.5981104651162791 0.1998546511627907 0.015503875968992248 0.037063953488372096
1 0.358406007751938 0.5161700581395349 0.04675387596899225 0.03597383720930233
1 0.3581637596899225 0.5663154069767442 0.04675387596899225 0.03815406976744186
1 0.358406007751938 0.7200218023255814 0.048207364341085274 0.03597383720930233
1 0.35731589147286824 0.7701671511627907 0.04748062015503876 0.03815406976744186
1 0.357921511627907 0.3628270348837209 0.04626937984496124 0.03815406976744186
1 0.9287790697674418 0.2767078488372093 0.015988372093023256 0.03815406976744186
1 0.9801356589147286 0.2768895348837209 0.015503875968992248 0.037063953488372096
4 0.34193313953488375 0.10992005813953488 0.027374031007751938 0.022165697674418606
4 0.24055232558139536 0.3508357558139535 0.02810077519379845 0.07231104651162791
4 0.24091569767441862 0.5036337209302325 0.027374031007751938 0.07122093023255814
4 0.1625484496124031 0.376453488372093 0.024709302325581394 0.023255813953488372
4 0.16218507751937986 0.41460755813953487 0.025436046511627907 0.023255813953488372
4 0.1613372093023256 0.5152616279069767 0.024709302325581394 0.023982558139534885
4 0.1620639534883721 0.5546875 0.024709302325581394 0.022165697674418606
4 0.5205910852713178 0.26271802325581395 0.015988372093023256 0.037063953488372096
4 0.5472383720930233 0.26380813953488375 0.015503875968992248 0.037063953488372096
4 0.6403827519379846 0.2754360465116279 0.048207364341085274 0.03997093023255814
4 0.639171511627907 0.19912790697674418 0.048207364341085274 0.03997093023255814
4 0.7086967054263565 0.19912790697674418 0.048207364341085274 0.03997093023255814
4 0.7079699612403101 0.27434593023255816 0.048207364341085274 0.03997093023255814
4 0.8351501937984496 0.25054505813953487 0.048207364341085274 0.03815406976744186
4 0.8620397286821705 0.13717296511627908 0.048207364341085274 0.03815406976744186
4 0.8015988372093024 0.13771802325581395 0.015988372093023256 0.03924418604651163
4 0.7727713178294574 0.25181686046511625 0.015503875968992248 0.037063953488372096
4 0.8866279069767442 0.26544331395348836 0.015988372093023256 0.03815406976744186
4 0.16218507751937986 0.6951308139534884 0.025436046511627907 0.023982558139534885
4 0.23849321705426357 0.6558866279069767 0.025436046511627907 0.023982558139534885
4 0.2392199612403101 0.6940406976744186 0.025436046511627907 0.023982558139534885