1 0.06419573643410853 0.29796511627906974 0.014050387596899225 0.037063953488372096
1 0.06443798449612403 0.18459302325581395 0.015503875968992248 0.037063953488372096
1 0.029190891472868217 0.09574854651162791 0.014777131782945737 0.03597383720930233
1 0.249515503875969 0.08194040697674419 0.024709302325581394 0.022165697674418606
1 0.1564922480620155 0.2467296511627907 0.014050387596899225 0.037063953488372096
1 0.2593265503875969 0.3997093023255814 0.025436046511627907 0.023255813953488372
1 0.2598110465116279 0.43859011627906974 0.023982558139534885 0.021075581395348836
1 0.06455910852713179 0.3862645348837209 0.014777131782945737 0.037063953488372096
1 0.06455910852713179 0.5148982558139535 0.014777131782945737 0.037063953488372096
1 0.022044573643410854 0.6288154069767442 0.024709302325581394 0.022165697674418606
1 0.056443798449612406 0.9358648255813954 0.015988372093023256 0.03815406976744186
1 0.3697916666666667 0.23401162790697674 0.014777131782945737 0.037063953488372096
1 0.5396075581395349 0.3991642441860465 0.025436046511627907 0.022165697674418606
1 0.6155523255813954 0.28488372093023256 0.015503875968992248 0.037063953488372096
1 0.6144622093023255 0.15770348837209303 0.014777131782945737 0.037063953488372096
1 0.7131782945736435 0.4831031976744186 0.024709302325581394 0.022165697674418606
1 0.33563468992248063 0.5143531976744186 0.025436046511627907 0.022165697674418606
1 0.9110949612403101 0.15933866279069767 0.015503875968992248 0.03815406976744186
1 0.42986918604651164 0.629905523255814 0.023982558139534885 0.022165697674418606
1 0.3955910852713178 0.6413517441860465 0.015988372093023256 0.037063953488372096
1 0.43023255813953487 0.666969476744186 0.024709302325581394 0.022165697674418606
1 0.33648255813953487 0.6540697674418605 0.024709302325581394 0.021075581395348836
1 0.33684593023255816 0.7312863372093024 0.023982558139534885 0.022165697674418606
1 0.4309593023255814 0.7674418604651163 0.024709302325581394 0.023255813953488372
1 0.4734738372093023 0.8204941860465116 0.025436046511627907 0.023982558139534885
1 0.33684593023255816 0.8715479651162791 0.023982558139534885 0.022165697674418606
1 0.3539244186046512 0.9734738372093024 0.024709302325581394 0.023255813953488372
1 0.48243701550387597 0.9603924418604651 0.04626937984496124 0.037063953488372096
1 0.5920542635658915 0.9347747093023255 0.024709302325581394 0.022165697674418606
1 0.6509205426356589 0.934593023255814 0.024709302325581394 0.023982558139534885
1 0.7014292635658915 0.9336845930232558 0.023982558139534885 0.022165697674418606
1 0.6934350775193798 0.8192223837209303 0.014777131782945737 0.03815406976744186
1 0.7195978682170543 0.8184956395348837 0.014777131782945737 0.03815406976744186
1 0.7443071705426356 0.8203125 0.014777131782945737 0.03815406976744186
1 0.7693798449612403 0.8186773255813954 0.015503875968992248 0.037063953488372096
4 0.002059108527131783 0.09520348837209303 0.004118217054263566 0.038517441860465115
4 0.10731589147286821 0.438953488372093 0.02616279069767442 0.07122093023255814
4 0.1065891472868217 0.171875 0.02616279069767442 0.07122093023255814
4 0.10731589147286821 0.2612645348837209 0.02616279069767442 0.07122093023255814
4 0.10731589147286821 0.3495639534883721 0.02616279069767442 0.07122093023255814
4 0.10743701550387597 0.7311046511627907 0.04675387596899225 0.03997093023255814
4 0.039123062015503876 0.7180232558139535 0.04675387596899225 0.03997093023255814
4 0.10743701550387597 0.6424418604651163 0.025436046511627907 0.023255813953488372
4 0.2248062015503876 0.18313953488372092 0.04893410852713178 0.03997093023255814
4 0.30935077519379844 0.08248546511627906 0.026647286821705425 0.023255813953488372
4 0.5903585271317829 0.4120639534883721 0.04941860465116279 0.03997093023255814
4 0.7940891472868217 0.4642078488372093 0.02616279069767442 0.07013081395348837
4 0.9106104651162791 0.24854651162790697 0.015503875968992248 0.04215116279069767
4 0.5726744186046512 0.48928052325581395 0.02616279069767442 0.022165697674418606
4 0.6157945736434108 0.5786700581395349 0.04941860465116279 0.03815406976744186
4 0.1826550387596899 0.4018895348837209 0.024709302325581394 0.023982558139534885
4 0.26719961240310075 0.9685683139534884 0.015988372093023256 0.03815406976744186
4 0.5833333333333334 0.8332122093023255 0.04748062015503876 0.03997093023255814
4 0.8700339147286822 0.8332122093023255 0.025436046511627907 0.023255813953488372
4 0.8829941860465116 0.9086119186046512 0.024709302325581394 0.022165697674418606
0 0.7828246124031008 0.9227834302325582 0.023498062015503876 0.04614825581395349
4 0.5330668604651163 0.989280523255814 0.01623062015503876 0.02071220930232558
0 0.5211967054263565 0.6925872093023255 0.062257751937984496 0.10537790697674419
0 0.7331637596899225 0.6477107558139535 0.09956395348837209 0.11446220930232558
0 0.22311046511627908 0.8028706395348837 0.06298449612403101 0.16242732558139536
0 0.22311046511627908 0.5855741279069767 0.06298449612403101 0.16242732558139536
0 0.733406007751938 0.19840116279069767 0.0869670542635659 0.25872093023255816
0 0.512718023255814 0.19622093023255813 0.0869670542635659 0.25872093023255816