1 0.28185562015503873 0.24618459302325582 0.022044573643410854 0.062136627906976744
1 0.640140503875969 0.2741642441860465 0.02252906976744186 0.019258720930232558
1 0.6402616279069767 0.30959302325581395 0.02374031007751938 0.021075581395348836
1 0.6048934108527132 0.5919331395348837 0.02422480620155039 0.021075581395348836
1 0.4418604651162791 0.7609011627906976 0.013565891472868217 0.03561046511627907
1 0.5232558139534884 0.762718023255814 0.014050387596899225 0.03488372093023256
4 0.2925145348837209 0.016896802325581394 0.015261627906976744 0.03379360465116279
0 0.6145833333333334 0.09229651162790697 0.30862403100775193 0.18459302325581395
4 0.5836967054263565 0.29723837209302323 0.04530038759689922 0.036337209302325583
0 0.43931686046511625 0.5630450581395349 0.14946705426356588 0.22420058139534885
4 0.32146317829457366 0.5625 0.015019379844961241 0.0377906976744186
4 0.3372093023255814 0.7478197674418605 0.015019379844961241 0.037063953488372096
4 0.3682170542635659 0.7605377906976745 0.015019379844961241 0.037063953488372096
4 0.4176356589147287 0.7610828488372093 0.015503875968992248 0.03379360465116279
4 0.43410852713178294 0.8343023255813954 0.014050387596899225 0.03561046511627907
4 0.48231589147286824 0.8348473837209303 0.015019379844961241 0.03379360465116279
0 0.9161821705426356 0.08521075581395349 0.16715116279069767 0.17042151162790697
0 0.845687984496124 0.5461482558139535 0.3081395348837209 0.529796511627907
0 0.5887839147286822 0.700218023255814 0.06758720930232558 0.1380813953488372