1 0.35646802325581395 0.33303052325581395 0.04626937984496124 0.03815406976744186
1 0.35695251937984496 0.12845203488372092 0.048207364341085274 0.03597383720930233
1 0.35731589147286824 0.1796875 0.04748062015503876 0.03815406976744186
1 0.5874515503875969 0.4878270348837209 0.024709302325581394 0.022165697674418606
1 0.7325581395348837 0.5005450581395349 0.015503875968992248 0.03815406976744186
1 0.8003875968992248 0.42351017441860467 0.015988372093023256 0.03815406976744186
1 0.7146317829457365 0.8708212209302325 0.02616279069767442 0.022165697674418606
1 0.612281976744186 0.8468386627906976 0.02882751937984496 0.07231104651162791
1 0.7743459302325582 0.9600290697674418 0.025436046511627907 0.023982558139534885
1 0.825218023255814 0.9607558139534884 0.025436046511627907 0.023255813953488372
1 0.9281734496124031 0.7053052325581395 0.025436046511627907 0.023982558139534885
1 0.9532461240310077 0.9613008720930233 0.02616279069767442 0.022165697674418606
4 0.6379602713178295 0.4876453488372093 0.025436046511627907 0.023982558139534885
4 0.6637596899224806 0.6918604651162791 0.02616279069767442 0.023255813953488372
4 0.7146317829457365 0.6144622093023255 0.02616279069767442 0.023255813953488372
4 0.7146317829457365 0.6526162790697675 0.02616279069767442 0.023255813953488372
4 0.7142684108527132 0.692405523255814 0.025436046511627907 0.022165697674418606
4 0.5351259689922481 0.9611191860465116 0.02616279069767442 0.023982558139534885
4 0.49236918604651164 0.975109011627907 0.016715116279069766 0.03815406976744186
4 0.8837209302325582 0.421875 0.04893410852713178 0.03924418604651163
4 0.9372577519379846 0.42296511627906974 0.04893410852713178 0.03924418604651163
4 0.8350290697674418 0.42478197674418605 0.015503875968992248 0.037063953488372096
4 0.893531976744186 0.9727470930232558 0.048207364341085274 0.03924418604651163
4 0.9984253875968992 0.42369186046511625 0.0026647286821705426 0.038517441860465115
0 0.4335029069767442 0.7180232558139535 0.20276162790697674 0.29796511627906974