1 0.048207364341085274 0.2767078488372093 0.015503875968992248 0.03815406976744186
1 0.04748062015503876 0.18786337209302326 0.014050387596899225 0.037063953488372096
1 0.07364341085271318 0.2768895348837209 0.015503875968992248 0.037063953488372096
1 0.12415213178294573 0.13662790697674418 0.014777131782945737 0.037063953488372096
1 0.1499515503875969 0.13826308139534885 0.015503875968992248 0.03815406976744186
1 0.18374515503875968 0.12518168604651161 0.025436046511627907 0.022165697674418606
1 0.45494186046511625 0.17659883720930233 0.015503875968992248 0.03924418604651163
1 0.9196947674418605 0.47038517441860467 0.014777131782945737 0.03815406976744186
1 0.9195736434108527 0.7245639534883721 0.015988372093023256 0.037063953488372096
1 0.8104408914728682 0.3719113372093023 0.04675387596899225 0.03815406976744186
1 0.8085029069767442 0.5270712209302325 0.04675387596899225 0.03815406976744186
1 0.8101986434108527 0.5764898255813954 0.04626937984496124 0.03815406976744186
1 0.8106831395348837 0.7269258720930233 0.04675387596899225 0.03815406976744186
1 0.8109253875968992 0.7785247093023255 0.04626937984496124 0.03815406976744186
1 0.8126211240310077 0.9296875 0.04675387596899225 0.03815406976744186
1 0.812984496124031 0.9809229651162791 0.046511627906976744 0.037427325581395346
1 0.9200581395348837 0.9792877906976745 0.015988372093023256 0.037063953488372096
4 0.06516472868217055 0.1257267441860465 0.026647286821705425 0.023255813953488372
4 0.22589631782945738 0.20221656976744187 0.025436046511627907 0.022165697674418606
1 0.14958817829457363 0.2774345930232558 0.014777131782945737 0.03597383720930233
4 0.22553294573643412 0.27906976744186046 0.015503875968992248 0.037063953488372096
4 0.2766472868217054 0.27906976744186046 0.015988372093023256 0.03924418604651163
4 0.3439922480620155 0.2772529069767442 0.04893410852713178 0.03997093023255814
4 0.32655038759689925 0.12609011627906977 0.04893410852713178 0.03997093023255814
4 0.4115794573643411 0.2023982558139535 0.04893410852713178 0.03997093023255814
4 0.41351744186046513 0.2772529069767442 0.04893410852713178 0.03997093023255814
4 0.9198158914728682 0.813953488372093 0.015503875968992248 0.03924418604651163
4 0.9193313953488372 0.559593023255814 0.015503875968992248 0.03997093023255814