1 0.43495639534883723 0.4097020348837209 0.05886627906976744 0.1529796511627907
1 0.21475290697674418 0.14989098837209303 0.05886627906976744 0.1529796511627907
1 0.28064437984496127 0.1477107558139535 0.05886627906976744 0.1529796511627907
1 0.34580910852713176 0.14698401162790697 0.05886627906976744 0.1529796511627907
1 0.4022529069767442 0.18986191860465115 0.014292635658914728 0.03597383720930233
1 0.4256298449612403 0.19095203488372092 0.013565891472868217 0.03597383720930233
1 0.6546753875968992 0.5096293604651163 0.014292635658914728 0.03597383720930233
1 0.6136143410852714 0.5085392441860465 0.013565891472868217 0.03379360465116279
1 0.7118459302325582 0.4980014534883721 0.023982558139534885 0.0650436046511628
1 0.16424418604651161 0.5316133720930233 0.013565891472868217 0.0377906976744186
1 0.7687742248062015 0.48546511627906974 0.014292635658914728 0.0377906976744186
2 0.8519864341085271 0.0690406976744186 0.025193798449612403 0.06686046511627906
0 0.047238372093023256 0.4578488372093023 0.09447674418604651 0.2819767441860465
2 0.171875 0.39589389534883723 0.04142441860465116 0.11300872093023256
5 0.4171511627906977 0.2621729651162791 0.025193798449612403 0.062136627906976744
5 0.4161821705426357 0.1041061046511628 0.025193798449612403 0.062136627906976744
2 0.4164244186046512 0.5559593023255814 0.024709302325581394 0.05813953488372093
5 0.35876937984496127 0.5566860465116279 0.024709302325581394 0.05813953488372093
0 0.06649709302325581 0.8588299418604651 0.13299418604651161 0.28161337209302323
0 0.3020833333333333 0.813953488372093 0.18992248062015504 0.28415697674418605
4 0.7845203488372093 0.08357558139534883 0.027858527131782947 0.029069767441860465
4 0.5145348837209303 0.4249636627906977 0.01937984496124031 0.041787790697674417
4 0.7444282945736435 0.48619186046511625 0.014534883720930232 0.03561046511627907
4 0.6790213178294574 0.5105377906976745 0.015019379844961241 0.037063953488372096
4 0.5472383720930233 0.5089026162790697 0.014050387596899225 0.03379360465116279
0 0.6372335271317829 0.8083212209302325 0.26719961240310075 0.38263081395348836