1 0.48546511627906974 0.5962936046511628 0.014050387596899225 0.034156976744186045
1 0.6457122093023255 0.421875 0.025436046511627907 0.021075581395348836
1 0.5663759689922481 0.5946584302325582 0.014050387596899225 0.035247093023255814
1 0.3183139534883721 0.08938953488372094 0.022771317829457363 0.06322674418604651
4 0.36119186046511625 0.259265988372093 0.015988372093023256 0.035247093023255814
4 0.3626453488372093 0.4031613372093023 0.015988372093023256 0.03815406976744186
4 0.3803294573643411 0.5877543604651163 0.015503875968992248 0.03815406976744186
4 0.4125484496124031 0.600109011627907 0.015503875968992248 0.03815406976744186
4 0.46111918604651164 0.5979287790697675 0.014777131782945737 0.03597383720930233
4 0.47819767441860467 0.668968023255814 0.015503875968992248 0.037063953488372096
4 0.5261627906976745 0.6675145348837209 0.015503875968992248 0.037063953488372096
0 0.4808624031007752 0.39825581395348836 0.15406976744186046 0.22601744186046513
0 0.8634932170542635 0.3671875 0.27252906976744184 0.5308866279069767
0 0.6315406976744186 0.5299781976744186 0.0687984496124031 0.1348110465116279