2 0.007994186046511628 0.5881177325581395 0.015988372093023256 0.05559593023255814
4 0.13880813953488372 0.8575581395348837 0.01695736434108527 0.04215116279069767
4 0.39983042635658916 0.9763808139534884 0.05547480620155039 0.04215116279069767
4 0.329578488372093 0.9771075581395349 0.05547480620155039 0.04215116279069767
4 0.22117248062015504 0.6998546511627907 0.028585271317829456 0.023982558139534885
4 0.11506782945736434 0.9193313953488372 0.028585271317829456 0.023982558139534885
4 0.22214147286821706 0.8270348837209303 0.028585271317829456 0.023982558139534885
4 0.22214147286821706 0.7659883720930233 0.028585271317829456 0.023982558139534885
4 0.11046511627906977 0.8230377906976745 0.01695736434108527 0.0436046511627907
4 0.07897286821705427 0.8219476744186046 0.01695736434108527 0.0436046511627907
4 0.007994186046511628 0.8272165697674418 0.015988372093023256 0.04251453488372093
1 0.16945251937984496 0.8561046511627907 0.015261627906976744 0.04215116279069767
0 0.09338662790697674 0.9876453488372093 0.13687015503875968 0.023982558139534885