0 0.8366036821705426 0.14989098837209303 0.2512112403100775 0.29978197674418605
4 0.6041666666666666 0.12409156976744186 0.029069767441860465 0.08393895348837209
4 0.6030765503875969 0.023074127906976744 0.02931201550387597 0.04614825581395349
4 0.47141472868217055 0.45566860465116277 0.028585271317829456 0.025436046511627907
4 0.4731104651162791 0.541969476744186 0.028585271317829456 0.08321220930232558
4 0.7837936046511628 0.46875 0.017684108527131783 0.042877906976744186
4 0.5759447674418605 0.47165697674418605 0.017684108527131783 0.042877906976744186
4 0.6164001937984496 0.47165697674418605 0.017684108527131783 0.042877906976744186
4 0.6965843023255814 0.470203488372093 0.017684108527131783 0.042877906976744186
4 0.7246850775193798 0.46765988372093026 0.017684108527131783 0.042877906976744186
4 0.8121366279069767 0.46838662790697677 0.018168604651162792 0.0436046511627907
4 0.7539970930232558 0.4694767441860465 0.018168604651162792 0.0436046511627907