1 0.15382751937984496 0.0049055232558139535 0.015988372093023256 0.009811046511627907
1 0.8338178294573644 0.011991279069767442 0.011143410852713179 0.023982558139534885
1 0.7710755813953488 0.012899709302325582 0.011143410852713179 0.025799418604651164
1 0.9132751937984496 0.01217296511627907 0.011143410852713179 0.02434593023255814
1 0.8667635658914729 0.11010174418604651 0.027616279069767442 0.02180232558139535
1 0.8082606589147286 0.0559593023255814 0.015746124031007752 0.04142441860465116
1 0.5554748062015504 0.05214389534883721 0.014534883720930232 0.0403343023255814
4 0.9761385658914729 0.05486918604651163 0.017199612403100775 0.04142441860465116
4 0.6001695736434108 0.04869186046511628 0.017199612403100775 0.04142441860465116
4 0.15467538759689922 0.17096656976744187 0.016715116279069766 0.0403343023255814
4 0.1541908914728682 0.07140261627906977 0.016715116279069766 0.0403343023255814
4 0.3782703488372093 0.17151162790697674 0.015746124031007752 0.04142441860465116
0 0.4635416666666667 0.08212209302325581 0.10247093023255814 0.1438953488372093
4 0.7351017441860465 0.24091569767441862 0.05402131782945736 0.04142441860465116
4 0.6551598837209303 0.2401889534883721 0.05402131782945736 0.04142441860465116
4 0.671875 0.0534156976744186 0.017199612403100775 0.04142441860465116
4 0.16448643410852712 0.37082122093023256 0.05329457364341085 0.03815406976744186
4 0.4055232558139535 0.3715479651162791 0.05329457364341085 0.03815406976744186
0 0.25 0.09011627906976744 0.10755813953488372 0.15261627906976744