1 0.28282461240310075 0.22819767441860464 0.015746124031007752 0.04142441860465116
1 0.6197916666666666 0.5052688953488372 0.016715116279069766 0.0403343023255814
1 0.5803052325581395 0.5059956395348837 0.016715116279069766 0.0403343023255814
4 0.8085029069767442 0.5045421511627907 0.01623062015503876 0.0403343023255814
4 0.6968265503875969 0.5045421511627907 0.016715116279069766 0.0403343023255814
4 0.7520591085271318 0.5027252906976745 0.016715116279069766 0.0403343023255814
4 0.7801598837209303 0.43186773255813954 0.01623062015503876 0.0403343023255814
4 0.8072916666666666 0.43186773255813954 0.01623062015503876 0.0403343023255814
1 0.1065891472868217 0.9307776162790697 0.024709302325581394 0.07449127906976744
1 0.5661337209302325 0.9285973837209303 0.024709302325581394 0.07449127906976744
1 0.15382751937984496 0.9838299418604651 0.015988372093023256 0.031613372093023256
1 0.7581153100775194 0.6898619186046512 0.010901162790697675 0.025799418604651164
1 0.8201308139534884 0.6905886627906976 0.010901162790697675 0.025799418604651164
1 0.8954699612403101 0.6702398255813954 0.010901162790697675 0.025799418604651164
1 0.9589389534883721 0.6477107558139535 0.010901162790697675 0.025799418604651164
1 0.9565164728682171 0.7367369186046512 0.010901162790697675 0.025799418604651164
1 0.8697916666666666 0.7269258720930233 0.010901162790697675 0.025799418604651164
1 0.8448401162790697 0.7269258720930233 0.010901162790697675 0.025799418604651164
1 0.8324854651162791 0.771984011627907 0.010901162790697675 0.025799418604651164
1 0.8324854651162791 0.8112281976744186 0.010901162790697675 0.025799418604651164
1 0.7280765503875969 0.803234011627907 0.010901162790697675 0.025799418604651164
1 0.733890503875969 0.9147892441860465 0.010901162790697675 0.025799418604651164
1 0.8332122093023255 0.8784520348837209 0.010901162790697675 0.025799418604651164
1 0.8150436046511628 0.9053415697674418 0.010901162790697675 0.025799418604651164
1 0.8324854651162791 0.9191497093023255 0.010901162790697675 0.025799418604651164
1 0.8542877906976745 0.9078851744186046 0.010901162790697675 0.025799418604651164
1 0.8828730620155039 0.8722747093023255 0.010901162790697675 0.025799418604651164
1 0.8327277131782945 0.962390988372093 0.010901162790697675 0.025799418604651164
1 0.8338178294573644 0.9987281976744186 0.011143410852713179 0.001816860465116279
1 0.7710755813953488 0.9996366279069767 0.011143410852713179 0
1 0.9132751937984496 0.9989098837209303 0.011143410852713179 0.0014534883720930232
1 0.7910610465116279 0.9369549418604651 0.017199612403100775 0.016351744186046513
1 0.7835513565891473 0.7156613372093024 0.017199612403100775 0.016351744186046513
1 0.7263808139534884 0.7628997093023255 0.017199612403100775 0.016351744186046513
1 0.763202519379845 0.7599927325581395 0.017199612403100775 0.016351744186046513
1 0.7622335271317829 0.791969476744186 0.017199612403100775 0.016351744186046513
1 0.7903343023255814 0.8079578488372093 0.017199612403100775 0.016351744186046513
1 0.8072916666666666 0.7734375 0.017199612403100775 0.016351744186046513
1 0.8065649224806202 0.7465479651162791 0.017199612403100775 0.016351744186046513
1 0.857437015503876 0.7658066860465116 0.017199612403100775 0.016351744186046513
1 0.8874757751937985 0.7679869186046512 0.017199612403100775 0.016351744186046513
1 0.919937015503876 0.7698037790697675 0.017199612403100775 0.016351744186046513
1 0.9272044573643411 0.8050508720930233 0.017199612403100775 0.016351744186046513
1 0.9368943798449613 0.8239462209302325 0.017199612403100775 0.016351744186046513
1 0.9148498062015504 0.8610101744186046 0.017199612403100775 0.016351744186046513
1 0.8850532945736435 0.9166061046511628 0.017199612403100775 0.016351744186046513
1 0.8843265503875969 0.9533066860465116 0.017199612403100775 0.016351744186046513
1 0.8797238372093024 0.8428415697674418 0.017199612403100775 0.016351744186046513
1 0.8438711240310077 0.8428415697674418 0.017199612403100775 0.016351744186046513
1 0.8133478682170543 0.8435683139534884 0.017199612403100775 0.016351744186046513
1 0.7852470930232558 0.8442950581395349 0.017199612403100775 0.016351744186046513
1 0.7585998062015504 0.8435683139534884 0.017199612403100775 0.016351744186046513
1 0.7411579457364341 0.8817223837209303 0.017199612403100775 0.016351744186046513
1 0.7767684108527132 0.9049781976744186 0.017199612403100775 0.016351744186046513
1 0.9235707364341085 0.8988008720930233 0.017199612403100775 0.016351744186046513
1 0.9986676356589147 0.9567587209302325 0.002180232558139535 0.016715116279069766
1 0.9339874031007752 0.9754723837209303 0.010901162790697675 0.025799418604651164
4 0.9924903100775194 0.6453488372093024 0.014534883720930232 0.025436046511627907
1 0.9803779069767442 0.5599563953488372 0.03875968992248062 0.03997093023255814