1 0.15709786821705427 0.7738008720930233 0.010901162790697675 0.025799418604651164
1 0.12439437984496124 0.9718386627906976 0.017199612403100775 0.016351744186046513
1 0.0075096899224806205 0.9567587209302325 0.015019379844961241 0.016715116279069766
1 0.09532461240310078 0.9703851744186046 0.017199612403100775 0.016351744186046513
1 0.031613372093023256 0.9006177325581395 0.010901162790697675 0.025799418604651164
1 0.15782461240310078 0.9173328488372093 0.010901162790697675 0.025799418604651164
1 0.1583091085271318 0.8581031976744186 0.010901162790697675 0.025799418604651164
1 0.15734011627906977 0.817405523255814 0.010901162790697675 0.025799418604651164
4 0.048207364341085274 0.848655523255814 0.027616279069767442 0.02507267441860465
4 0.006540697674418605 0.6453488372093024 0.01308139534883721 0.025436046511627907
4 0.1970687984496124 0.7803415697674418 0.017684108527131783 0.0403343023255814
1 0.36736918604651164 0.8063226744186046 0.02640503875968992 0.021075581395348836
1 0.30971414728682173 0.8085029069767442 0.02640503875968992 0.02180232558139535
1 0.4944282945736434 0.751453488372093 0.015019379844961241 0.04142441860465116
4 0.04869186046511628 0.8115915697674418 0.027616279069767442 0.02507267441860465
4 0.25314922480620156 0.5634084302325582 0.027616279069767442 0.02507267441860465
1 0.30959302325581395 0.6885901162790697 0.027616279069767442 0.02180232558139535
4 0.37718023255813954 0.7309229651162791 0.027616279069767442 0.02507267441860465
0 0.12790697674418605 0.6121002906976745 0.05329457364341085 0.1537063953488372
1 0.005208333333333333 0.5599563953488372 0.010416666666666666 0.03997093023255814
4 0.5076308139534884 0.44040697674418605 0.016715116279069766 0.04142441860465116
4 0.44561531007751937 0.44113372093023256 0.016715116279069766 0.04142441860465116
1 0.731468023255814 0.6695130813953488 0.04481589147286822 0.08103197674418605
4 0.36749031007751937 0.2847020348837209 0.027616279069767442 0.08175872093023256