2 0.9953972868217055 0.5881177325581395 0.00872093023255814 0.05559593023255814
2 0.9391957364341085 0.5890261627906976 0.024709302325581394 0.055232558139534885
2 0.6111918604651163 0.5915697674418605 0.024709302325581394 0.055232558139534885
2 0.5465116279069767 0.5941133720930233 0.024709302325581394 0.055232558139534885
2 0.7429748062015504 0.5904796511627907 0.024709302325581394 0.055232558139534885
2 0.6778100775193798 0.590843023255814 0.024709302325581394 0.055232558139534885
2 0.8733042635658915 0.5879360465116279 0.024709302325581394 0.055232558139534885
2 0.8086240310077519 0.5897529069767442 0.024709302325581394 0.055232558139534885
2 0.6881056201550387 0.795421511627907 0.023498062015503876 0.05450581395348837
4 0.7318313953488372 0.8397529069767442 0.016472868217054265 0.042877906976744186
0 0.8355135658914729 0.8146802325581395 0.08236434108527131 0.07994186046511628
0 0.8366036821705426 0.9642078488372093 0.2512112403100775 0.07085755813953488
4 0.6030765503875969 0.9807412790697675 0.02931201550387597 0.0377906976744186
4 0.9992732558139535 0.8272165697674418 0.0009689922480620155 0.04251453488372093