1 0.6827761627906976 0.8499273255813954 0.04093992248062016 0.036337209302325583
1 0.6877422480620154 0.8946220930232558 0.025193798449612403 0.021075581395348836
1 0.8376937984496124 0.864280523255814 0.03924418604651163 0.03306686046511628
1 0.8435077519379846 0.9073401162790697 0.02374031007751938 0.020348837209302327
1 0.8355135658914729 0.9478561046511628 0.03924418604651163 0.03234011627906977
1 0.844234496124031 0.9867369186046512 0.02422480620155039 0.017805232558139535
4 0.6434108527131783 0.7738008720930233 0.015019379844961241 0.03888081395348837
4 0.6665455426356589 0.776344476744186 0.01623062015503876 0.039607558139534885
4 0.7061531007751938 0.7430959302325582 0.024709302325581394 0.02252906976744186
4 0.8812984496124031 0.7374636627906976 0.025193798449612403 0.02434593023255814
0 0.9396802325581395 0.8859011627906976 0.12015503875968993 0.22747093023255813
2 0.8382994186046512 0.7810683139534884 0.022044573643410854 0.05486918604651163
3 0.6821705426356589 0.9576671511627907 0.06153100775193798 0.08393895348837209