1 0.17042151162790697 0.01126453488372093 0.014292635658914728 0.02252906976744186
1 0.1910125968992248 0.018168604651162792 0.014777131782945737 0.036337209302325583
1 0.23631298449612403 0.08575581395348837 0.01623062015503876 0.015988372093023256
1 0.17042151162790697 0.10083575581395349 0.016715116279069766 0.017078488372093022
1 0.1875 0.16188226744186046 0.014534883720930232 0.03888081395348837
1 0.21875 0.15788517441860464 0.010174418604651164 0.02434593023255814
4 0.2238372093023256 0.0325218023255814 0.015019379844961241 0.039607558139534885
4 0.25339147286821706 0.04669331395348837 0.024709302325581394 0.02434593023255814
4 0.2910610465116279 0.0481468023255814 0.02688953488372093 0.02434593023255814
0 0.07715600775193798 0.07430959302325581 0.15431201550387597 0.14861918604651161
0 0.2033672480620155 0.09974563953488372 0.027858527131782947 0.0403343023255814