1 0.6058624031007752 0.14880087209302326 0.023255813953488372 0.06068313953488372
1 0.6782945736434108 0.17823401162790697 0.009689922480620155 0.026526162790697673
4 0.8436288759689923 0.031068313953488372 0.02640503875968992 0.02434593023255814
4 0.8431443798449613 0.0637718023255814 0.02640503875968992 0.02507267441860465
4 0.8444767441860465 0.15788517441860464 0.024709302325581394 0.02434593023255814
4 0.7113614341085271 0.18059593023255813 0.011385658914728682 0.027616279069767442
4 0.6954941860465116 0.18005087209302326 0.01065891472868217 0.02507267441860465
4 0.6351744186046512 0.15461482558139536 0.01065891472868217 0.025799418604651164
0 0.9396802325581395 0.07430959302325581 0.12015503875968993 0.14861918604651161
0 0.673812984496124 0.09920058139534883 0.06516472868217055 0.06540697674418605
3 0.6821705426356589 0.010537790697674418 0.06153100775193798 0.021075581395348836