1 0.6224563953488372 0.7883357558139535 0.021075581395348836 0.017805232558139535
1 0.6675145348837209 0.7894258720930233 0.023013565891472867 0.018531976744186048
1 0.7057897286821705 0.8897165697674418 0.012839147286821706 0.03234011627906977
1 0.9056443798449613 0.9474927325581395 0.01187015503875969 0.031613372093023256
1 0.8831153100775194 0.946765988372093 0.01187015503875969 0.031613372093023256
1 0.9509447674418605 0.946765988372093 0.01187015503875969 0.031613372093023256
1 0.9284156976744186 0.946765988372093 0.01187015503875969 0.031613372093023256
1 0.9952761627906976 0.9469476744186046 0.008963178294573644 0.03197674418604651
4 0.859859496124031 0.806140988372093 0.012839147286821706 0.030886627906976744
4 0.860343992248062 0.6818677325581395 0.012839147286821706 0.030886627906976744
4 0.8412063953488372 0.7443677325581395 0.012839147286821706 0.030886627906976744
4 0.8075339147286822 0.9166061046511628 0.022044573643410854 0.017805232558139535
4 0.8189195736434108 0.9645712209302325 0.013323643410852713 0.03306686046511628
4 0.9742005813953488 0.9474927325581395 0.013323643410852713 0.03306686046511628
4 0.7285610465116279 0.8915334302325582 0.013323643410852713 0.028706395348837208
4 0.6229408914728682 0.6706031976744186 0.022044573643410854 0.01998546511627907
4 0.6672722868217055 0.6706031976744186 0.02252906976744186 0.01998546511627907
2 0.7527858527131783 0.8933502906976745 0.018653100775193797 0.03670058139534884
1 0.720687984496124 0.967296511627907 0.12645348837209303 0.06468023255813954