1 0.8637354651162791 0.17496366279069767 0.01187015503875969 0.031613372093023256
1 0.8453246124031008 0.11101017441860465 0.01187015503875969 0.031613372093023256
1 0.8227955426356589 0.11101017441860465 0.01187015503875969 0.031613372093023256
1 0.9296269379844961 0.2258357558139535 0.020591085271317828 0.017805232558139535
1 0.9792877906976745 0.2258357558139535 0.021560077519379845 0.017805232558139535
1 0.6822916666666666 0.39625726744186046 0.012839147286821706 0.031613372093023256
1 0.8332122093023255 0.39553052325581395 0.011385658914728682 0.030159883720930234
4 0.8683381782945736 0.4402252906976744 0.021560077519379845 0.019258720930232558
4 0.8666424418604651 0.46856831395348836 0.023013565891472867 0.018531976744186048
4 0.8668846899224806 0.4972747093023256 0.02252906976744186 0.02071220930232558
4 0.6212451550387597 0.46311773255813954 0.013808139534883721 0.03234011627906977
4 0.6561288759689923 0.46311773255813954 0.013808139534883721 0.03234011627906977
4 0.5926598837209303 0.03215843023255814 0.020591085271317828 0.018531976744186048
4 0.5921753875968992 0.0728561046511628 0.020591085271317828 0.018531976744186048
4 0.5921753875968992 0.3086845930232558 0.020591085271317828 0.018531976744186048
4 0.5916908914728682 0.34938226744186046 0.020591085271317828 0.018531976744186048
3 0.8981346899224806 0.32049418604651164 0.09035852713178294 0.1511627906976744
3 0.7892441860465116 0.22183866279069767 0.09738372093023256 0.12899709302325582
3 0.983890503875969 0.3235828488372093 0.03173449612403101 0.15152616279069767
0 0.9473110465116279 0.07340116279069768 0.10489341085271318 0.08430232558139535
1 0.720687984496124 0.06159156976744186 0.12645348837209303 0.12318313953488372