1 0.01877422480620155 0.9474927325581395 0.01187015503875969 0.031613372093023256
1 0.0014534883720930232 0.9469476744186046 0.0029069767441860465 0.03197674418604651
1 0.08854166666666667 0.9776526162790697 0.025920542635658916 0.026526162790697673
1 0.1779312015503876 0.8889898255813954 0.018653100775193797 0.03815406976744186
1 0.2086967054263566 0.8898982558139535 0.018653100775193797 0.03997093023255814
1 0.24261143410852712 0.790515988372093 0.021560077519379845 0.019258720930232558
1 0.28791182170542634 0.7908793604651163 0.020591085271317828 0.018531976744186048
4 0.24261143410852712 0.6709665697674418 0.021560077519379845 0.019258720930232558
4 0.28791182170542634 0.6709665697674418 0.021560077519379845 0.019258720930232558
4 0.04953972868217054 0.6833212209302325 0.012839147286821706 0.030886627906976744
4 0.06843507751937984 0.7458212209302325 0.012839147286821706 0.031613372093023256
4 0.23679748062015504 0.890625 0.016715116279069766 0.04142441860465116
4 0.04953972868217054 0.8072311046511628 0.012839147286821706 0.030886627906976744
2 0.045421511627906974 0.9458575581395349 0.019137596899224806 0.04142441860465116
2 0.13323643410852712 0.9049781976744186 0.03246124031007752 0.06867732558139535
2 0.09738372093023256 0.9035247093023255 0.03246124031007752 0.06867732558139535
1 0.18338178294573643 0.9662063953488372 0.12645348837209303 0.06686046511627906