1 0.04590600775193798 0.17569040697674418 0.01187015503875969 0.031613372093023256
1 0.08708817829457365 0.11246366279069768 0.01187015503875969 0.031613372093023256
1 0.06455910852713179 0.11246366279069768 0.01187015503875969 0.031613372093023256
1 0.07521802325581395 0.39734738372093026 0.012839147286821706 0.031613372093023256
1 0.22662306201550386 0.39662063953488375 0.01187015503875969 0.03234011627906977
4 0.28936531007751937 0.39807412790697677 0.01187015503875969 0.031613372093023256
4 0.2544815891472868 0.39662063953488375 0.01187015503875969 0.030159883720930234
4 0.040818798449612406 0.4980014534883721 0.02446705426356589 0.02071220930232558
3 0.12136627906976744 0.22183866279069767 0.09738372093023256 0.12899709302325582
3 0.02931201550387597 0.3235828488372093 0.05862403100775194 0.15152616279069767
0 0.03936531007751938 0.45021802325581395 0.02446705426356589 0.0625
0 0.007025193798449613 0.07340116279069768 0.014050387596899225 0.08430232558139535
1 0.18338178294573643 0.060501453488372096 0.12645348837209303 0.12100290697674419
2 0.28839631782945735 0.4622093023255814 0.018653100775193797 0.0436046511627907
2 0.2476986434108527 0.46511627906976744 0.018653100775193797 0.0436046511627907