0 0.5856346899224806 0.017623546511627907 0.16448643410852712 0.035247093023255814
1 0.7890019379844961 0.0481468023255814 0.02180232558139535 0.018531976744186048
4 0.7589631782945736 0.23382994186046513 0.022286821705426358 0.01998546511627907
4 0.7592054263565892 0.13426598837209303 0.022286821705426358 0.01998546511627907
4 0.7579941860465116 0.1829578488372093 0.022286821705426358 0.01998546511627907
4 0.5343992248062015 0.3315770348837209 0.022771317829457363 0.01998546511627907
4 0.5343992248062015 0.28070494186046513 0.022771317829457363 0.01998546511627907
1 0.48825096899224807 0.5812136627906976 0.06371124031007752 0.06286337209302326
0 0.9165455426356589 0.09702034883720931 0.16642441860465115 0.19404069767441862
1 0.9422238372093024 0.26726017441860467 0.012354651162790697 0.030886627906976744
3 0.909156976744186 0.3112281976744186 0.0188953488372093 0.0403343023255814
1 0.875968992248062 0.3094113372093023 0.018410852713178296 0.0403343023255814
4 0.9918846899224806 0.311046511627907 0.013323643410852713 0.03343023255813953
4 0.8172238372093024 0.31031976744186046 0.013323643410852713 0.03343023255813953
1 0.8340600775193798 0.4851017441860465 0.09835271317829457 0.08793604651162791
1 0.9749273255813954 0.48728197674418605 0.04966085271317829 0.0690406976744186
0 0.6144622093023255 0.24236918604651161 0.07630813953488372 0.14534883720930233