1 0.020348837209302327 0.48455668604651164 0.040697674418604654 0.09411337209302326
1 0.2900920542635659 0.5158066860465116 0.08163759689922481 0.06940406976744186
4 0.3969234496124031 0.5683139534883721 0.042877906976744186 0.05377906976744186
1 0.32146317829457366 0.6282703488372093 0.017926356589147287 0.03924418604651163
1 0.420421511627907 0.6424418604651163 0.012839147286821706 0.032703488372093026
1 0.4465843023255814 0.6417151162790697 0.012839147286821706 0.034156976744186045
4 0.5440891472868217 0.6431686046511628 0.022286821705426358 0.021075581395348836
1 0.5440891472868217 0.7069404069767442 0.022286821705426358 0.019258720930232558
4 0.49176356589147285 0.8548328488372093 0.022771317829457363 0.018531976744186048
4 0.46875 0.7318313953488372 0.014534883720930232 0.034156976744186045
4 0.4435562015503876 0.7321947674418605 0.014534883720930232 0.034156976744186045
4 0.39341085271317827 0.7303779069767442 0.014534883720930232 0.032703488372093026
4 0.3697916666666667 0.7278343023255814 0.013323643410852713 0.034156976744186045
4 0.4937015503875969 0.7807049418604651 0.02180232558139535 0.019258720930232558
4 0.1623062015503876 0.662609011627907 0.02131782945736434 0.01998546511627907
1 0.4216327519379845 0.7307412790697675 0.012839147286821706 0.03197674418604651
1 0.3218265503875969 0.7307412790697675 0.013323643410852713 0.03343023255813953
1 0.5523255813953488 0.8697311046511628 0.022286821705426358 0.01998546511627907
1 0.2059108527131783 0.7143895348837209 0.022771317829457363 0.021075581395348836
4 0.4934593023255814 0.8177688953488372 0.02131782945736434 0.01998546511627907
4 0.10489341085271318 0.6635174418604651 0.022771317829457363 0.021075581395348836
0 0.12948158914728683 0.7752543604651163 0.06419573643410853 0.1355377906976744
0 0.02422480620155039 0.9355014534883721 0.04844961240310078 0.1282703488372093
4 0.12790697674418605 0.9038880813953488 0.022771317829457363 0.019258720930232558
1 0.17853682170542637 0.9027979651162791 0.022771317829457363 0.019258720930232558
1 0.17841569767441862 0.9912790697674418 0.022044573643410854 0.016715116279069766
0 0.33611918604651164 0.9146075581395349 0.18047480620155038 0.17005813953488372
1 0.49309593023255816 0.9992732558139535 0.023013565891472867 0.0007267441860465116
1 0.4946705426356589 0.9576671511627907 0.02180232558139535 0.018531976744186048
1 0.10646802325581395 0.6013808139534884 0.02931201550387597 0.029796511627906978
1 0.16448643410852712 0.6011991279069767 0.02374031007751938 0.022892441860465115