4 0.8326065891472868 0.44694767441860467 0.022771317829457363 0.018168604651162792
4 0.7642926356589147 0.44494912790697677 0.022771317829457363 0.01998546511627907
1 0.9698401162790697 0.48455668604651164 0.05983527131782946 0.09411337209302326
4 0.9620881782945736 0.7594476744186046 0.012839147286821706 0.03197674418604651
4 0.9373788759689923 0.7612645348837209 0.012839147286821706 0.03343023255813953
4 0.9126695736434108 0.7601744186046512 0.012839147286821706 0.03343023255813953
4 0.9877664728682171 0.7616279069767442 0.012839147286821706 0.03343023255813953
1 0.8530765503875969 0.7603561046511628 0.012839147286821706 0.030886627906976744
3 0.6706637596899225 0.7345566860465116 0.03512596899224806 0.06286337209302326
1 0.594718992248062 0.756359011627907 0.022771317829457363 0.019258720930232558
1 0.5440891472868217 0.7559956395348837 0.022286821705426358 0.018531976744186048
0 0.5856346899224806 0.9460392441860465 0.16448643410852712 0.10719476744186046
4 0.7613856589147286 0.9598473837209303 0.022286821705426358 0.019258720930232558
4 0.7618701550387597 0.9213299418604651 0.022286821705426358 0.019258720930232558
0 0.9165455426356589 0.9355014534883721 0.16642441860465115 0.1282703488372093
4 0.888202519379845 0.7590843023255814 0.013323643410852713 0.032703488372093026