0 0.02422480620155039 0.09702034883720931 0.04844961240310078 0.19404069767441862
4 0.06734496124031007 0.31359011627906974 0.014050387596899225 0.032703488372093026
4 0.016715116279069766 0.3117732558139535 0.014050387596899225 0.032703488372093026
1 0.015382751937984496 0.48728197674418605 0.03076550387596899 0.0690406976744186
1 0.2507267441860465 0.49109738372093026 0.04408914728682171 0.11882267441860465
1 0.12415213178294573 0.22601744186046513 0.027858527131782947 0.02688953488372093
4 0.125 0.13826308139534885 0.022286821705426358 0.019258720930232558
4 0.1252422480620155 0.17859738372093023 0.022286821705426358 0.019258720930232558
4 0.12596899224806202 0.06449854651162791 0.02131782945736434 0.019258720930232558
4 0.12645348837209303 0.10228924418604651 0.02131782945736434 0.019258720930232558
4 0.12693798449612403 0.02688953488372093 0.022286821705426358 0.021075581395348836
1 0.17841569767441862 0.0012718023255813954 0.022044573643410854 0.002543604651162791
4 0.17647771317829458 0.2023982558139535 0.012839147286821706 0.03197674418604651
4 0.17732558139534885 0.10337936046511628 0.022286821705426358 0.01998546511627907
4 0.17635658914728683 0.13826308139534885 0.022286821705426358 0.01998546511627907
4 0.34096414728682173 0.20203488372093023 0.013323643410852713 0.03343023255813953
4 0.20021802325581395 0.2005813953488372 0.013323643410852713 0.03343023255813953
4 0.22468507751937986 0.2005813953488372 0.013323643410852713 0.03343023255813953
4 0.26756298449612403 0.2023982558139535 0.013323643410852713 0.03343023255813953
1 0.3009932170542636 0.203125 0.012839147286821706 0.03343023255813953
1 0.36736918604651164 0.20494186046511628 0.012839147286821706 0.03197674418604651
1 0.41545542635658916 0.20439680232558138 0.018410852713178296 0.041061046511627904
0 0.33611918604651164 0.052688953488372096 0.18047480620155038 0.10537790697674419
4 0.3717296511627907 0.5009084302325582 0.04142441860465116 0.052688953488372096
1 0.45542635658914726 0.43059593023255816 0.02131782945736434 0.01744186046511628
1 0.5392441860465116 0.3940770348837209 0.02180232558139535 0.018531976744186048
0 0.42405523255813954 0.32921511627906974 0.052567829457364344 0.09811046511627906
1 0.5402131782945736 0.20657703488372092 0.02131782945736434 0.018531976744186048
1 0.5421511627906976 0.05832122093023256 0.02180232558139535 0.018531976744186048
1 0.49309593023255816 0.008357558139534883 0.023013565891472867 0.016715116279069766