1 0.11858042635658915 0.8682776162790697 0.008963178294573644 0.01998546511627907
4 0.061167635658914726 0.8493822674418605 0.013323643410852713 0.03234011627906977
4 0.10065406976744186 0.8679142441860465 0.00993217054263566 0.02071220930232558
4 0.3550145348837209 0.8235828488372093 0.01623062015503876 0.016351744186046513
4 0.33030523255813954 0.9729287790697675 0.010901162790697675 0.02434593023255814
4 0.34653585271317827 0.9729287790697675 0.010416666666666666 0.022892441860465115
4 0.36325096899224807 0.9732921511627907 0.010416666666666666 0.023619186046511628
2 0.3862645348837209 0.776344476744186 0.013808139534883721 0.035247093023255814
2 0.3472625968992248 0.881359011627907 0.02252906976744186 0.028706395348837208
1 0.006782945736434108 0.740734011627907 0.013565891472868217 0.012718023255813954
1 0.04299903100775194 0.7405523255813954 0.014292635658914728 0.012354651162790697
0 0.02422480620155039 0.7828851744186046 0.0436046511627907 0.02943313953488372