1 0.6985222868217055 0.6422601744186046 0.015261627906976744 0.013444767441860465
1 0.5875726744186046 0.7033066860465116 0.015261627906976744 0.014898255813953489
1 0.5878149224806202 0.7272892441860465 0.013808139534883721 0.014171511627906976
1 0.6130087209302325 0.7156613372093024 0.00993217054263566 0.022892441860465115
1 0.6038032945736435 0.7527252906976745 0.014292635658914728 0.013444767441860465
1 0.6384447674418605 0.8653706395348837 0.00993217054263566 0.022165697674418606
1 0.6999757751937985 0.8653706395348837 0.00993217054263566 0.022165697674418606
1 0.716812015503876 0.8664607558139535 0.008236434108527133 0.02071220930232558
1 0.7462451550387597 0.8531976744186046 0.015261627906976744 0.012354651162790697
1 0.7711967054263565 0.8272165697674418 0.00993217054263566 0.023619186046511628
1 0.672843992248062 0.9845566860465116 0.008963178294573644 0.021438953488372093
1 0.7707122093023255 0.9663880813953488 0.00993217054263566 0.022165697674418606
1 0.6292393410852714 0.9151526162790697 0.008963178294573644 0.01998546511627907
1 0.5885416666666666 0.912609011627907 0.014292635658914728 0.013444767441860465
1 0.5880571705426356 0.9369549418604651 0.015261627906976744 0.013444767441860465
1 0.9035852713178295 0.9856468023255814 0.022286821705426358 0.0279796511627907
1 0.7536337209302325 0.8875363372093024 0.03972868217054264 0.035247093023255814
1 0.6475290697674418 0.9763808139534884 0.023255813953488372 0.046511627906976744
4 0.7263808139534884 0.6215479651162791 0.008963178294573644 0.022892441860465115
4 0.7428536821705426 0.6317223837209303 0.00944767441860465 0.022165697674418606
4 0.7825823643410853 0.6437136627906976 0.014292635658914728 0.013444767441860465
4 0.7825823643410853 0.7154796511627907 0.015261627906976744 0.012354651162790697
4 0.7828246124031008 0.7890625 0.014777131782945737 0.013444767441860465
4 0.8111676356589147 0.838844476744186 0.010416666666666666 0.022165697674418606
4 0.5851501937984496 0.8833575581395349 0.015261627906976744 0.012354651162790697
4 0.6212451550387597 0.8646438953488372 0.00993217054263566 0.02071220930232558
4 0.6454699612403101 0.9147892441860465 0.00993217054263566 0.02071220930232558
4 0.7552083333333334 0.9656613372093024 0.00944767441860465 0.022165697674418606
4 0.7876695736434108 0.9663880813953488 0.00944767441860465 0.02071220930232558
4 0.8155281007751938 0.940406976744186 0.015261627906976744 0.012354651162790697
4 0.609375 0.6477107558139535 0.008963178294573644 0.022892441860465115
4 0.6258478682170543 0.6473473837209303 0.00944767441860465 0.022165697674418606
4 0.9884932170542635 0.8493822674418605 0.013323643410852713 0.03234011627906977
1 0.9993943798449613 0.740734011627907 0.0007267441860465116 0.012718023255813954
0 0.591812015503876 0.9841933139534884 0.027616279069767442 0.026526162790697673
0 0.7124515503875969 0.9720203488372093 0.05281007751937984 0.055232558139534885
0 0.6921027131782945 0.7480014534883721 0.11337209302325581 0.171875
0 0.5916908914728682 0.8115915697674418 0.05499031007751938 0.08539244186046512
2 0.8162548449612403 0.7723473837209303 0.012839147286821706 0.03306686046511628
2 0.8167393410852714 0.629905523255814 0.012839147286821706 0.03306686046511628
2 0.8167393410852714 0.7029433139534884 0.012839147286821706 0.03306686046511628