1 0.6239098837209303 0.1607921511627907 0.014292635658914728 0.013444767441860465
1 0.6239098837209303 0.18368459302325582 0.015261627906976744 0.013444767441860465
1 0.6646075581395349 0.2232921511627907 0.008963178294573644 0.01998546511627907
1 0.580062984496124 0.040515988372093026 0.008963178294573644 0.01998546511627907
1 0.5992005813953488 0.1328125 0.008963178294573644 0.01998546511627907
1 0.638687015503876 0.05541424418604651 0.014292635658914728 0.013444767441860465
1 0.639656007751938 0.08121366279069768 0.015261627906976744 0.013444767441860465
1 0.6241521317829457 0.20875726744186046 0.014777131782945737 0.014171511627906976
1 0.5245881782945736 0.1320857558139535 0.014292635658914728 0.014171511627906976
1 0.5572916666666666 0.1320857558139535 0.014777131782945737 0.014171511627906976
1 0.5032703488372093 0.2258357558139535 0.014777131782945737 0.013444767441860465
1 0.6511627906976745 0.27053052325581395 0.026647286821705425 0.027252906976744186
1 0.7346172480620154 0.3461119186046512 0.020591085271317828 0.017805232558139535
1 0.7816133720930233 0.20984738372093023 0.015261627906976744 0.013444767441860465
1 0.7811288759689923 0.2371002906976744 0.013323643410852713 0.013444767441860465
1 0.7806443798449613 0.2610828488372093 0.013323643410852713 0.014171511627906976
1 0.7474563953488372 0.2102107558139535 0.013808139534883721 0.014171511627906976
1 0.6534641472868217 0.4017078488372093 0.025920542635658916 0.025799418604651164
1 0.9308381782945736 0.01653343023255814 0.008963178294573644 0.022165697674418606
1 0.9482800387596899 0.016896802325581394 0.00944767441860465 0.022892441860465115
1 0.9035852713178295 0.016170058139534885 0.022286821705426358 0.03234011627906977
1 0.6475290697674418 0.006904069767441861 0.023255813953488372 0.013808139534883721
1 0.6487403100775194 0.3152252906976744 0.040213178294573645 0.03597383720930233
4 0.7726501937984496 0.3788154069767442 0.008963178294573644 0.022892441860465115
4 0.7905765503875969 0.3784520348837209 0.00944767441860465 0.022165697674418606
4 0.8155281007751938 0.014353197674418604 0.014292635658914728 0.013444767441860465
4 0.6842296511627907 0.05904796511627907 0.014777131782945737 0.014171511627906976
4 0.5333091085271318 0.1698764534883721 0.00993217054263566 0.023619186046511628
4 0.549297480620155 0.16842296511627908 0.00944767441860465 0.022165697674418606
4 0.6052567829457365 0.026344476744186048 0.015261627906976744 0.013444767441860465
4 0.5948401162790697 0.07321947674418605 0.00993217054263566 0.022165697674418606
4 0.6127664728682171 0.06922238372093023 0.013323643410852713 0.031613372093023256
4 0.7421269379844961 0.07467296511627906 0.00993217054263566 0.023619186046511628
4 0.7581153100775194 0.07539970930232558 0.00944767441860465 0.022165697674418606
4 0.5032703488372093 0.20021802325581395 0.014777131782945737 0.012354651162790697
4 0.6735707364341085 0.1691497093023256 0.00944767441860465 0.023619186046511628
4 0.7183866279069767 0.12445494186046512 0.00944767441860465 0.021438953488372093
4 0.7842781007751938 0.1517078488372093 0.020591085271317828 0.01998546511627907
4 0.7450339147286822 0.1517078488372093 0.020591085271317828 0.01998546511627907
4 0.7460029069767442 0.18332122093023256 0.020591085271317828 0.01998546511627907
4 0.7847625968992248 0.18404796511627908 0.020591085271317828 0.01998546511627907
4 0.7750726744186046 0.07503633720930232 0.008963178294573644 0.022892441860465115
4 0.7915455426356589 0.07467296511627906 0.00944767441860465 0.022165697674418606
4 0.7355862403100775 0.3773619186046512 0.021560077519379845 0.01998546511627907
4 0.6491036821705426 0.3639171511627907 0.014777131782945737 0.014171511627906976
4 0.5764292635658915 0.36028343023255816 0.014777131782945737 0.014171511627906976
4 0.612281976744186 0.47674418604651164 0.021560077519379845 0.059593023255813955
4 0.9158187984496124 0.42932412790697677 0.013323643410852713 0.03379360465116279
2 0.560077519379845 0.45476017441860467 0.03391472868217054 0.031613372093023256
3 0.5519622093023255 0.2781613372093023 0.013808139534883721 0.03379360465116279
3 0.5509932170542635 0.3991642441860465 0.013808139534883721 0.03379360465116279
0 0.5764292635658915 0.3101380813953488 0.021560077519379845 0.02434593023255814
3 0.7340116279069767 0.24836482558139536 0.03294573643410853 0.03597383720930233
0 0.782703488372093 0.3077761627906977 0.02810077519379845 0.06031976744186047
0 0.624515503875969 0.12390988372093023 0.02810077519379845 0.04215116279069767
0 0.7124515503875969 0.012536337209302325 0.05281007751937984 0.02507267441860465
2 0.687984496124031 0.12845203488372092 0.037306201550387594 0.02507267441860465
2 0.6974321705426356 0.29196947674418605 0.03827519379844961 0.027252906976744186
5 0.6957364341085271 0.2291061046511628 0.02810077519379845 0.027252906976744186
5 0.7072432170542635 0.1751453488372093 0.016715116279069766 0.04433139534883721