1 0.6505571705426356 0.40534156976744184 0.025436046511627907 0.06867732558139535
1 0.6956153100775194 0.45803052325581395 0.04481589147286822 0.035247093023255814
1 0.6868943798449613 0.3929869186046512 0.013323643410852713 0.03670058139534884
1 0.7082122093023255 0.41660610465116277 0.00993217054263566 0.023619186046511628
1 0.7220203488372093 0.41769622093023256 0.00993217054263566 0.021438953488372093
1 0.6488614341085271 0.5143531976744186 0.015746124031007752 0.014171511627906976
1 0.6786579457364341 0.5078125 0.014777131782945737 0.014171511627906976
1 0.6367490310077519 0.6039244186046512 0.018168604651162792 0.042877906976744186
1 0.6590358527131783 0.5750363372093024 0.012839147286821706 0.035247093023255814
1 0.6719961240310077 0.5357921511627907 0.008236434108527133 0.022892441860465115
1 0.7113614341085271 0.7171148255813954 0.015261627906976744 0.013444767441860465
1 0.7612645348837209 0.7047601744186046 0.015746124031007752 0.014171511627906976
1 0.7074854651162791 0.6019258720930233 0.00944767441860465 0.022892441860465115
1 0.7203246124031008 0.6026526162790697 0.00944767441860465 0.022892441860465115
1 0.7142684108527132 0.5525072674418605 0.015261627906976744 0.013444767441860465
1 0.7145106589147286 0.571765988372093 0.015746124031007752 0.014171511627906976
1 0.6805959302325582 0.6015625 0.013808139534883721 0.035247093023255814
1 0.5669815891472868 0.6662427325581395 0.015261627906976744 0.014171511627906976
1 0.5945978682170543 0.7083938953488372 0.00944767441860465 0.023619186046511628
1 0.7331637596899225 0.7418241279069767 0.02446705426356589 0.02071220930232558
1 0.8410852713178295 0.7102107558139535 0.008236434108527133 0.023619186046511628
1 0.9170300387596899 0.5437863372093024 0.023498062015503876 0.07013081395348837
1 0.8959544573643411 0.5336119186046512 0.008963178294573644 0.022892441860465115
1 0.8831153100775194 0.5325218023255814 0.00993217054263566 0.023619186046511628
1 0.8689437984496124 0.5332485465116279 0.008236434108527133 0.022165697674418606
1 0.8874757751937985 0.6033793604651163 0.014777131782945737 0.013444767441860465
1 0.8775436046511628 0.41151889534883723 0.014292635658914728 0.013444767441860465
1 0.6980377906976745 0.646984011627907 0.015261627906976744 0.013444767441860465
1 0.6987645348837209 0.6684229651162791 0.015746124031007752 0.014171511627906976
1 0.6081637596899225 0.9158793604651163 0.015261627906976744 0.013444767441860465
1 0.607921511627907 0.9358648255813954 0.015746124031007752 0.014171511627906976
1 0.735343992248062 0.6964026162790697 0.015261627906976744 0.013444767441860465
1 0.7351017441860465 0.7163880813953488 0.015746124031007752 0.014171511627906976
1 0.9785610465116279 0.6527979651162791 0.015261627906976744 0.013444767441860465
1 0.9788032945736435 0.6727834302325582 0.015746124031007752 0.014171511627906976
1 0.982921511627907 0.604469476744186 0.00944767441860465 0.023619186046511628
1 0.8823885658914729 0.6815043604651163 0.00944767441860465 0.022892441860465115
2 0.6039244186046512 0.6026526162790697 0.029069767441860465 0.028706395348837208
0 0.7990552325581395 0.5434229651162791 0.08357558139534883 0.2845203488372093
4 0.6873788759689923 0.5372456395348837 0.010416666666666666 0.025799418604651164
4 0.5262839147286822 0.7585392441860465 0.017684108527131783 0.014898255813953489
4 0.5262839147286822 0.7378270348837209 0.017684108527131783 0.014898255813953489
4 0.5674660852713178 0.696765988372093 0.017684108527131783 0.014898255813953489
4 0.546875 0.7203851744186046 0.010416666666666666 0.02507267441860465
4 0.6139777131782945 0.6480741279069767 0.016715116279069766 0.014898255813953489
4 0.6684835271317829 0.6607921511627907 0.00993217054263566 0.02507267441860465
4 0.8780281007751938 0.39153343023255816 0.01623062015503876 0.014171511627906976
4 0.8969234496124031 0.40061773255813954 0.00993217054263566 0.023619186046511628
4 0.9226017441860465 0.3820857558139535 0.017199612403100775 0.014898255813953489
4 0.9480377906976745 0.38172238372093026 0.016715116279069766 0.014171511627906976
4 0.9729893410852714 0.38172238372093026 0.016715116279069766 0.014171511627906976
4 0.9800145348837209 0.4031613372093023 0.01623062015503876 0.014171511627906976
4 0.9373788759689923 0.4856468023255814 0.017199612403100775 0.015625
4 0.8969234496124031 0.46384447674418605 0.016715116279069766 0.014898255813953489
4 0.5960513565891473 0.7487281976744186 0.010416666666666666 0.02434593023255814
4 0.6101017441860465 0.7494549418604651 0.00993217054263566 0.02434593023255814
4 0.8867490310077519 0.6237281976744186 0.01623062015503876 0.014898255813953489
4 0.5320978682170543 0.6760537790697675 0.017684108527131783 0.014898255813953489
4 0.5182897286821705 0.7018531976744186 0.017684108527131783 0.014898255813953489
4 0.706031976744186 0.6898619186046512 0.01623062015503876 0.015625
4 0.5209544573643411 0.6473473837209303 0.017684108527131783 0.014898255813953489
4 0.5214389534883721 0.6280886627906976 0.017684108527131783 0.014898255813953489
4 0.5219234496124031 0.6084665697674418 0.017684108527131783 0.014898255813953489
4 0.5224079457364341 0.5892078488372093 0.017684108527131783 0.014898255813953489
4 0.5282218992248062 0.990734011627907 0.017684108527131783 0.014898255813953489
4 0.5287063953488372 0.9707485465116279 0.017684108527131783 0.014898255813953489
4 0.5287063953488372 0.9478561046511628 0.017684108527131783 0.014898255813953489
4 0.5291908914728682 0.9285973837209303 0.017684108527131783 0.014898255813953489
4 0.5284641472868217 0.9082485465116279 0.017684108527131783 0.014898255813953489
4 0.5551114341085271 0.8653706395348837 0.017684108527131783 0.014898255813953489
4 0.5560804263565892 0.8897165697674418 0.017684108527131783 0.014898255813953489
4 0.5708575581395349 0.9856468023255814 0.017684108527131783 0.014898255813953489
4 0.5740067829457365 0.5225290697674418 0.019622093023255814 0.04505813953488372
4 0.5115067829457365 0.5243459302325582 0.020106589147286823 0.04578488372093023
4 0.9751695736434108 0.7054869186046512 0.023013565891472867 0.02071220930232558
4 0.8368459302325582 0.360828488372093 0.019622093023255814 0.04433139534883721
4 0.8131056201550387 0.36537063953488375 0.013323643410852713 0.03306686046511628
4 0.8995881782945736 0.6749636627906976 0.013323643410852713 0.0345203488372093
4 0.7623546511627907 0.3606468023255814 0.0436046511627907 0.03670058139534884
5 0.967781007751938 0.5234375 0.03972868217054264 0.03815406976744186