1 0.2842781007751938 0.8203125 0.014777131782945737 0.013444767441860465
1 0.2842781007751938 0.8439316860465116 0.015746124031007752 0.014171511627906976
1 0.15201065891472867 0.6742369186046512 0.00944767441860465 0.023619186046511628
1 0.21959786821705427 0.8268531976744186 0.008963178294573644 0.023619186046511628
1 0.17478197674418605 0.43332122093023256 0.00944767441860465 0.023619186046511628
1 0.11906492248062016 0.6698764534883721 0.013323643410852713 0.03597383720930233
1 0.1767199612403101 0.8253997093023255 0.012354651162790697 0.03597383720930233
1 0.13674903100775193 0.6706031976744186 0.013323643410852713 0.03597383720930233
1 0.20651647286821706 0.8261264534883721 0.00944767441860465 0.023619186046511628
1 0.19367732558139536 0.8275799418604651 0.00944767441860465 0.023619186046511628
1 0.39910368217054265 0.7261991279069767 0.013323643410852713 0.03670058139534884
1 0.38190406976744184 0.7145712209302325 0.00944767441860465 0.023619186046511628
1 0.1658187984496124 0.5815770348837209 0.00944767441860465 0.023619186046511628
1 0.2154796511627907 0.44494912790697677 0.04675387596899225 0.03888081395348837
1 0.31140988372093026 0.4387718023255814 0.02446705426356589 0.022165697674418606
1 0.22710755813953487 0.4809229651162791 0.015261627906976744 0.013444767441860465
1 0.22686531007751937 0.5009084302325582 0.015746124031007752 0.014171511627906976
1 0.30438468992248063 0.5227107558139535 0.015261627906976744 0.014171511627906976
1 0.37221414728682173 0.5339752906976745 0.015261627906976744 0.014898255813953489
1 0.3065649224806202 0.46384447674418605 0.014777131782945737 0.013444767441860465
1 0.3065649224806202 0.48455668604651164 0.015746124031007752 0.014171511627906976
1 0.5001211240310077 0.540515988372093 0.014777131782945737 0.013444767441860465
1 0.5006056201550387 0.5670421511627907 0.015746124031007752 0.014171511627906976
1 0.5006056201550387 0.5899345930232558 0.014777131782945737 0.013444767441860465
1 0.5006056201550387 0.615734011627907 0.015746124031007752 0.014171511627906976
1 0.46669089147286824 0.6753270348837209 0.014777131782945737 0.013444767441860465
1 0.46669089147286824 0.7025799418604651 0.015746124031007752 0.014171511627906976
1 0.41993701550387597 0.6553415697674418 0.014777131782945737 0.013444767441860465
1 0.41945251937984496 0.6760537790697675 0.015746124031007752 0.014171511627906976
1 0.15152616279069767 0.5808502906976745 0.00944767441860465 0.023619186046511628
1 0.13965600775193798 0.5808502906976745 0.00944767441860465 0.023619186046511628
1 0.36858042635658916 0.7025799418604651 0.00944767441860465 0.023619186046511628
1 0.35574127906976744 0.7018531976744186 0.00944767441860465 0.023619186046511628
1 0.37584786821705424 0.7992369186046512 0.015746124031007752 0.013444767441860465
1 0.4279312015503876 0.8057776162790697 0.012839147286821706 0.03670058139534884
1 0.4482800387596899 0.7977834302325582 0.00944767441860465 0.023619186046511628
1 0.267078488372093 0.8762718023255814 0.023982558139534885 0.01998546511627907
2 0.07013081395348837 0.5038154069767442 0.014292635658914728 0.0345203488372093
2 0.07061531007751938 0.44712936046511625 0.014292635658914728 0.0345203488372093
0 0.43786337209302323 0.5614098837209303 0.019137596899224806 0.04505813953488372
0 0.2596899224806202 0.668968023255814 0.13323643410852712 0.19912790697674418
4 0.06746608527131782 0.396984011627907 0.01623062015503876 0.013444767441860465
4 0.11179748062015504 0.5227107558139535 0.010416666666666666 0.02507267441860465
4 0.08926841085271318 0.568859011627907 0.010416666666666666 0.02434593023255814
4 0.11155523255813954 0.5666787790697675 0.00993217054263566 0.02434593023255814
4 0.46039244186046513 0.7988735465116279 0.008963178294573644 0.021438953488372093
4 0.37584786821705424 0.7814316860465116 0.015746124031007752 0.013444767441860465
4 0.45506298449612403 0.5009084302325582 0.015261627906976744 0.014898255813953489
4 0.454578488372093 0.526344476744186 0.01623062015503876 0.014171511627906976
4 0.45506298449612403 0.4507630813953488 0.015261627906976744 0.014898255813953489
4 0.45506298449612403 0.47547238372093026 0.01623062015503876 0.014171511627906976
4 0.2554505813953488 0.48964389534883723 0.015746124031007752 0.014898255813953489
4 0.14328972868217055 0.5274345930232558 0.015261627906976744 0.014898255813953489
4 0.14280523255813954 0.5485101744186046 0.01623062015503876 0.014171511627906976
4 0.14328972868217055 0.4831031976744186 0.015261627906976744 0.014898255813953489
4 0.14377422480620156 0.5041787790697675 0.01623062015503876 0.014171511627906976
4 0.3707606589147287 0.573219476744186 0.015261627906976744 0.014898255813953489
4 0.3712451550387597 0.5928415697674418 0.01623062015503876 0.014171511627906976
4 0.41339631782945735 0.4500363372093023 0.015261627906976744 0.014898255813953489
4 0.41339631782945735 0.47401889534883723 0.01623062015503876 0.014171511627906976
4 0.41291182170542634 0.5001816860465116 0.015261627906976744 0.014898255813953489
4 0.41242732558139533 0.5241642441860465 0.01623062015503876 0.014171511627906976
4 0.15637112403100775 0.7712572674418605 0.00993217054263566 0.02507267441860465
4 0.06770833333333333 0.5730377906976745 0.019622093023255814 0.042877906976744186
4 0.2131782945736434 0.8766351744186046 0.028585271317829456 0.02943313953488372
4 0.1408672480620155 0.8828125 0.02252906976744186 0.01998546511627907
4 0.514656007751938 0.4867369186046512 0.02252906976744186 0.01998546511627907
4 0.2537548449612403 0.9006177325581395 0.02252906976744186 0.01998546511627907
4 0.4630571705426357 0.8432049418604651 0.02252906976744186 0.01998546511627907
4 0.34169089147286824 0.47547238372093026 0.02252906976744186 0.01998546511627907
4 0.41291182170542634 0.38571947674418605 0.02252906976744186 0.01998546511627907
4 0.29869186046511625 0.3835392441860465 0.028585271317829456 0.02943313953488372
4 0.15079941860465115 0.44040697674418605 0.019622093023255814 0.04433139534883721
5 0.11385658914728682 0.38898982558139533 0.04312015503875969 0.03597383720930233