1 0.7530281007751938 0.15316133720930233 0.015261627906976744 0.013444767441860465
1 0.7542393410852714 0.19313226744186046 0.015746124031007752 0.014171511627906976
1 0.6856831395348837 0.07612645348837209 0.008963178294573644 0.023619186046511628
1 0.7128149224806202 0.07721656976744186 0.00944767441860465 0.022165697674418606
1 0.7537548449612403 0.17314680232558138 0.015746124031007752 0.014171511627906976
1 0.7263808139534884 0.15861191860465115 0.008963178294573644 0.022892441860465115
1 0.6030765503875969 0.3399345930232558 0.013808139534883721 0.035247093023255814
1 0.6212451550387597 0.37336482558139533 0.00993217054263566 0.02507267441860465
1 0.6248788759689923 0.5025436046511628 0.015261627906976744 0.012354651162790697
1 0.5706153100775194 0.34265988372093026 0.015746124031007752 0.012354651162790697
1 0.5347625968992248 0.47946947674418605 0.015746124031007752 0.013444767441860465
1 0.9136385658914729 0.39734738372093026 0.00993217054263566 0.02434593023255814
1 0.9262354651162791 0.396984011627907 0.00944767441860465 0.023619186046511628
1 0.9424660852713178 0.39553052325581395 0.014777131782945737 0.03597383720930233
1 0.9051598837209303 0.2610828488372093 0.00993217054263566 0.02507267441860465
1 0.952640503875969 0.5194404069767442 0.00944767441860465 0.022892441860465115
1 0.6558866279069767 0.5877543604651163 0.010416666666666666 0.023619186046511628
1 0.6355377906976745 0.5906613372093024 0.014777131782945737 0.03670058139534884
1 0.702156007751938 0.603015988372093 0.015261627906976744 0.014171511627906976
0 0.7642926356589147 0.40261627906976744 0.2136627906976744 0.3183139534883721
4 0.9477955426356589 0.27634447674418605 0.017684108527131783 0.014898255813953489
4 0.5287063953488372 0.2291061046511628 0.017684108527131783 0.014898255813953489
4 0.5277374031007752 0.20875726744186046 0.017684108527131783 0.014898255813953489
4 0.5282218992248062 0.1894985465116279 0.017684108527131783 0.014898255813953489
4 0.5231346899224806 0.3570130813953488 0.015261627906976744 0.014898255813953489
4 0.5211967054263565 0.30287063953488375 0.01623062015503876 0.015625
4 0.5681928294573644 0.28688226744186046 0.016715116279069766 0.015625
4 0.5914486434108527 0.45984738372093026 0.017199612403100775 0.014171511627906976
4 0.5962936046511628 0.4823764534883721 0.016715116279069766 0.014898255813953489
4 0.515625 0.38172238372093026 0.015746124031007752 0.014171511627906976
4 0.5507509689922481 0.38317587209302323 0.017199612403100775 0.014171511627906976
4 0.5710998062015504 0.45912063953488375 0.00993217054263566 0.02434593023255814
4 0.5291908914728682 0.08993459302325581 0.017684108527131783 0.014898255813953489
4 0.5287063953488372 0.06994912790697674 0.017684108527131783 0.014898255813953489
4 0.5289486434108527 0.049600290697674417 0.017684108527131783 0.014898255813953489
4 0.6483769379844961 0.09175145348837209 0.017684108527131783 0.014898255813953489
4 0.5287063953488372 0.03034156976744186 0.017684108527131783 0.014898255813953489
4 0.5282218992248062 0.01035610465116279 0.017684108527131783 0.014898255813953489
4 0.5287063953488372 0.17023982558139536 0.017684108527131783 0.014898255813953489
4 0.5282218992248062 0.15025436046511628 0.017684108527131783 0.014898255813953489
4 0.5282218992248062 0.12917877906976744 0.017684108527131783 0.014898255813953489
4 0.5277374031007752 0.10992005813953488 0.017684108527131783 0.014898255813953489
4 0.9477955426356589 0.25563226744186046 0.017684108527131783 0.014898255813953489
4 0.7128149224806202 0.15679505813953487 0.010416666666666666 0.02507267441860465
4 0.7263808139534884 0.10010901162790697 0.00993217054263566 0.02434593023255814
4 0.7893653100775194 0.17205668604651161 0.015746124031007752 0.016351744186046513
4 0.5287063953488372 0.26980377906976744 0.017684108527131783 0.014898255813953489
4 0.5287063953488372 0.24981831395348839 0.017684108527131783 0.014898255813953489
4 0.9279312015503876 0.4518531976744186 0.00993217054263566 0.027252906976744186
4 0.9141230620155039 0.45912063953488375 0.008963178294573644 0.025799418604651164
4 0.9330184108527132 0.5128997093023255 0.010416666666666666 0.02434593023255814
4 0.9216327519379846 0.5445130813953488 0.017199612403100775 0.015625
4 0.9519137596899225 0.5539607558139535 0.016715116279069766 0.014898255813953489
4 0.9279312015503876 0.3163154069767442 0.017199612403100775 0.015625
4 0.6173691860465116 0.032885174418604654 0.023498062015503876 0.019258720930232558
5 0.6805959302325582 0.11609738372093023 0.01187015503875969 0.03670058139534884
5 0.6495881782945736 0.15461482558139536 0.02252906976744186 0.017805232558139535
5 0.6849563953488372 0.16696947674418605 0.02252906976744186 0.017805232558139535