1 0.01877422480620155 0.40207122093023256 0.008963178294573644 0.022165697674418606
1 0.013444767441860465 0.3624636627906977 0.008963178294573644 0.022892441860465115
1 0.012960271317829458 0.2857921511627907 0.010416666666666666 0.025799418604651164
1 0.25157461240310075 0.23564680232558138 0.008963178294573644 0.023619186046511628
1 0.21838662790697674 0.31813226744186046 0.00944767441860465 0.023619186046511628
1 0.23195251937984496 0.31813226744186046 0.008963178294573644 0.023619186046511628
1 0.24866763565891473 0.31304505813953487 0.013808139534883721 0.03597383720930233
1 0.22420058139534885 0.23528343023255813 0.00944767441860465 0.023619186046511628
1 0.23776647286821706 0.23528343023255813 0.008963178294573644 0.023619186046511628
1 0.06891957364341085 0.07976017441860465 0.00944767441860465 0.023619186046511628
1 0.08248546511627906 0.07976017441860465 0.008963178294573644 0.023619186046511628
0 0.11361434108527131 0.329578488372093 0.13178294573643412 0.41351744186046513
4 0.01804748062015504 0.5819404069767442 0.019622093023255814 0.014898255813953489
4 0.05777616279069767 0.603015988372093 0.017199612403100775 0.014171511627906976
4 0.22371608527131784 0.38063226744186046 0.008963178294573644 0.023619186046511628
4 0.14522771317829458 0.5739462209302325 0.013323643410852713 0.0345203488372093
4 0.08878391472868218 0.044876453488372096 0.023498062015503876 0.021438953488372093
4 0.12269864341085271 0.0677688953488372 0.023498062015503876 0.021438953488372093