1 0.531734496124031 0.42986918604651164 0.05329457364341085 0.0436046511627907
1 0.5427567829457365 0.47492732558139533 0.02688953488372093 0.02252906976744186
1 0.5088420542635659 0.5933866279069767 0.025920542635658916 0.02180232558139535
1 0.7474563953488372 0.4811046511627907 0.027374031007751938 0.02180232558139535
1 0.7474563953488372 0.4407703488372093 0.02640503875968992 0.02180232558139535
1 0.7476986434108527 0.29433139534883723 0.02688953488372093 0.02252906976744186
1 0.7364341085271318 0.5259811046511628 0.03343023255813953 0.03379360465116279
1 0.7370397286821705 0.565406976744186 0.025920542635658916 0.02252906976744186
1 0.8012354651162791 0.2699854651162791 0.027374031007751938 0.02252906976744186
1 0.9170300387596899 0.8370276162790697 0.016715116279069766 0.039607558139534885
1 0.5208333333333334 0.6678779069767442 0.029554263565891473 0.07412790697674419
1 0.46039244186046513 0.8034156976744186 0.027858527131782947 0.07412790697674419
1 0.46124031007751937 0.9420421511627907 0.028585271317829456 0.07521802325581395
4 0.49382267441860467 0.4921875 0.032703488372093026 0.03234011627906977
4 0.44367732558139533 0.4127906976744186 0.02688953488372093 0.02252906976744186
4 0.6105862403100775 0.2877906976744186 0.027374031007751938 0.023255813953488372
4 0.45651647286821706 0.651344476744186 0.02640503875968992 0.02434593023255814
4 0.6757509689922481 0.2703488372093023 0.027374031007751938 0.023255813953488372
4 0.610828488372093 0.321765988372093 0.02640503875968992 0.02434593023255814
4 0.7474563953488372 0.35992005813953487 0.02640503875968992 0.02434593023255814
4 0.6876211240310077 0.48019622093023256 0.02640503875968992 0.02434593023255814
4 0.45506298449612403 0.6168241279069767 0.02640503875968992 0.02434593023255814
4 0.5882994186046512 0.5817587209302325 0.02640503875968992 0.02252906976744186
4 0.7474563953488372 0.326671511627907 0.02640503875968992 0.02252906976744186
4 0.5983527131782945 0.4342296511627907 0.028585271317829456 0.023255813953488372
4 0.6868943798449613 0.5148982558139535 0.02688953488372093 0.023255813953488372
4 0.6873788759689923 0.5537790697674418 0.02688953488372093 0.023255813953488372
4 0.6878633720930233 0.5881177325581395 0.02640503875968992 0.02434593023255814
4 0.45603197674418605 0.5833938953488372 0.02688953488372093 0.02434593023255814
4 0.736312984496124 0.598655523255814 0.02688953488372093 0.02434593023255814
4 0.5899951550387597 0.6168241279069767 0.027858527131782947 0.02507267441860465
4 0.6075581395348837 0.3784520348837209 0.029069767441860465 0.07667151162790697
4 0.6114341085271318 0.49945494186046513 0.029069767441860465 0.07667151162790697
0 0.908672480620155 0.5218023255813954 0.1821705426356589 0.4629360465116279
4 0.9382267441860465 0.837390988372093 0.015019379844961241 0.03888081395348837
4 0.9910368217054264 0.8537427325581395 0.015503875968992248 0.03888081395348837
4 0.9755329457364341 0.9166061046511628 0.015503875968992248 0.03888081395348837
4 0.9532461240310077 0.9107921511627907 0.015503875968992248 0.03888081395348837
0 0.6849563953488372 0.36355377906976744 0.05499031007751938 0.13117732558139536