1 0.052931201550387594 0.33575581395348836 0.027374031007751938 0.023255813953488372
1 0.01126453488372093 0.6771438953488372 0.021560077519379845 0.04760174418604651
4 0.049781976744186045 0.6996729651162791 0.027374031007751938 0.02507267441860465
1 0.049176356589147284 0.6488008720930233 0.03391472868217054 0.03306686046511628
1 0.04590600775193798 0.6091933139534884 0.027374031007751938 0.02434593023255814
1 0.04566375968992248 0.5755813953488372 0.02688953488372093 0.023255813953488372
1 0.140625 0.6764171511627907 0.01623062015503876 0.041061046511627904
1 0.14813468992248063 0.4894622093023256 0.021560077519379845 0.05159883720930233
1 0.1812015503875969 0.4889171511627907 0.020348837209302327 0.04905523255813953
1 0.20167151162790697 0.5797601744186046 0.01623062015503876 0.041787790697674417
1 0.2089389534883721 0.6656976744186046 0.027374031007751938 0.07921511627906977
1 0.24224806201550386 0.6707848837209303 0.015019379844961241 0.042877906976744186
1 0.26477713178294576 0.6691497093023255 0.015019379844961241 0.041061046511627904
1 0.32085755813953487 0.634265988372093 0.032703488372093026 0.03379360465116279
1 0.423328488372093 0.6284520348837209 0.03173449612403101 0.03234011627906977
1 0.31359011627906974 0.47674418604651164 0.02640503875968992 0.02252906976744186
1 0.29857073643410853 0.4296875 0.05159883720930233 0.041787790697674417
1 0.27289244186046513 0.3789970930232558 0.03221899224806202 0.030523255813953487
1 0.21196705426356588 0.4031613372093023 0.015019379844961241 0.03888081395348837
1 0.32848837209302323 0.34992732558139533 0.025193798449612403 0.023255813953488372
1 0.34689922480620156 0.3039607558139535 0.03343023255813953 0.03234011627906977
1 0.5732800387596899 0.47837936046511625 0.021075581395348836 0.048328488372093026
1 0.5993217054263565 0.47401889534883723 0.015019379844961241 0.039607558139534885
1 0.5989583333333334 0.5477834302325582 0.05062984496124031 0.0403343023255814
1 0.5878149224806202 0.42205668604651164 0.03173449612403101 0.03306686046511628
1 0.5875726744186046 0.38299418604651164 0.025920542635658916 0.02252906976744186
1 0.6018653100775194 0.33230377906976744 0.02640503875968992 0.02434593023255814
1 0.34653585271317827 0.2545421511627907 0.02688953488372093 0.02507267441860465
1 0.4421027131782946 0.20912063953488372 0.03391472868217054 0.03306686046511628
1 0.4792877906976744 0.19749273255813954 0.016715116279069766 0.03888081395348837
1 0.5683139534883721 0.1907703488372093 0.03343023255813953 0.03488372093023256
1 0.5643168604651163 0.2532703488372093 0.02640503875968992 0.023255813953488372
1 0.6025920542635659 0.19712936046511628 0.01623062015503876 0.039607558139534885
1 0.6710271317829457 0.19712936046511628 0.015019379844961241 0.041787790697674417
1 0.5902374031007752 0.08884447674418605 0.01623062015503876 0.041061046511627904
1 0.5391230620155039 0.08811773255813954 0.017199612403100775 0.039607558139534885
1 0.515625 0.08993459302325581 0.01623062015503876 0.0403343023255814
4 0.037063953488372096 0.16006540697674418 0.015503875968992248 0.03888081395348837
4 0.03657945736434109 0.08702761627906977 0.015019379844961241 0.039607558139534885
2 0.004481589147286822 0.14407703488372092 0.008963178294573644 0.04324127906976744
0 0.005329457364341085 0.45603197674418605 0.01065891472868217 0.2318313953488372
4 0.1398982558139535 0.6135537790697675 0.01623062015503876 0.041061046511627904
4 0.16969476744186046 0.6686046511627907 0.022044573643410854 0.0501453488372093
4 0.4643895348837209 0.6838662790697675 0.03439922480620155 0.03488372093023256
4 0.4009205426356589 0.6914970930232558 0.04941860465116279 0.0436046511627907
4 0.3700339147286822 0.6337209302325582 0.027374031007751938 0.023255813953488372
1 0.34411337209302323 0.5886627906976745 0.027374031007751938 0.02252906976744186
5 0.3029312015503876 0.5601380813953488 0.03125 0.026526162790697673
5 0.24781976744186046 0.5203488372093024 0.06831395348837209 0.06468023255813954
0 0.17017926356589147 0.37082122093023256 0.04675387596899225 0.07085755813953488
0 0.21887112403100775 0.33684593023255816 0.0375484496124031 0.03488372093023256
2 0.2609011627906977 0.33066860465116277 0.03439922480620155 0.027616279069767442
4 0.297843992248062 0.2948764534883721 0.027374031007751938 0.025799418604651164
4 0.5232558139534884 0.661155523255814 0.025193798449612403 0.02507267441860465
4 0.5247093023255814 0.6947674418604651 0.030038759689922482 0.023255813953488372
4 0.5204699612403101 0.6215479651162791 0.027374031007751938 0.02507267441860465
4 0.6289970930232558 0.4954578488372093 0.02688953488372093 0.02507267441860465
4 0.6930717054263565 0.5683139534883721 0.03343023255813953 0.03488372093023256
4 0.7038517441860465 0.39952761627906974 0.025920542635658916 0.025799418604651164
4 0.34338662790697677 0.5210755813953488 0.02688953488372093 0.02252906976744186
4 0.3438711240310077 0.5545058139534884 0.02688953488372093 0.023255813953488372
4 0.3283672480620155 0.3855377906976744 0.025920542635658916 0.02252906976744186
0 0.4568798449612403 0.42950581395348836 0.09689922480620156 0.32194767441860467
4 0.41412306201550386 0.2421875 0.027374031007751938 0.02507267441860465
4 0.6917393410852714 0.19567587209302326 0.01623062015503876 0.03888081395348837
4 0.5003633720930233 0.19712936046511628 0.01623062015503876 0.03888081395348837
4 0.5228924418604651 0.19676598837209303 0.01623062015503876 0.03888081395348837
4 0.6241521317829457 0.19640261627906977 0.01623062015503876 0.03888081395348837
4 0.5868459302325582 0.2923328488372093 0.027374031007751938 0.02507267441860465
4 0.704093992248062 0.2923328488372093 0.027374031007751938 0.02507267441860465
0 0.6460755813953488 0.2703488372093023 0.029554263565891473 0.07340116279069768
4 0.5611676356589147 0.34356831395348836 0.02688953488372093 0.02434593023255814
4 0.6580668604651163 0.3257630813953488 0.02688953488372093 0.02434593023255814
4 0.560077519379845 0.08920784883720931 0.015019379844961241 0.0403343023255814
4 0.717781007751938 0.0768531976744186 0.015019379844961241 0.0403343023255814
4 0.7176598837209303 0.005632267441860465 0.014777131782945737 0.01126453488372093
4 0.6306928294573644 0.08793604651162791 0.02252906976744186 0.050872093023255814
5 0.6815649224806202 0.07721656976744186 0.04675387596899225 0.03234011627906977
5 0.6017441860465116 0.013626453488372093 0.04748062015503876 0.027252906976744186
5 0.6812015503875969 0.004542151162790698 0.046027131782945735 0.009084302325581396
4 0.06395348837209303 0.47165697674418605 0.015988372093023256 0.03924418604651163