1 0.49963662790697677 0.7959665697674418 0.03173449612403101 0.031613372093023256
1 0.49152131782945735 0.6760537790697675 0.03488372093023256 0.03379360465116279
1 0.6273013565891473 0.6037427325581395 0.021075581395348836 0.04760174418604651
1 0.1378391472868217 0.5365188953488372 0.015019379844961241 0.03888081395348837
1 0.16388081395348839 0.5406976744186046 0.022044573643410854 0.050872093023255814
1 0.15939922480620156 0.42296511627906974 0.025193798449612403 0.02180232558139535
1 0.16024709302325582 0.45675872093023256 0.02688953488372093 0.023255813953488372
1 0.20167151162790697 0.4565770348837209 0.027858527131782947 0.02434593023255814
1 0.2541182170542636 0.428234011627907 0.015503875968992248 0.0403343023255814
1 0.19113372093023256 0.541969476744186 0.015019379844961241 0.03888081395348837
1 0.21753875968992248 0.5414244186046512 0.015019379844961241 0.0377906976744186
1 0.23934108527131784 0.541969476744186 0.014534883720930232 0.0403343023255814
1 0.2507267441860465 0.614280523255814 0.015019379844961241 0.039607558139534885
1 0.2800387596899225 0.27634447674418605 0.015503875968992248 0.039607558139534885
1 0.30305232558139533 0.2754360465116279 0.015019379844961241 0.042877906976744186
1 0.4226017441860465 0.27361918604651164 0.022044573643410854 0.050872093023255814
1 0.4490067829457364 0.27289244186046513 0.016715116279069766 0.04433139534883721
1 0.4795300387596899 0.27307412790697677 0.01623062015503876 0.0403343023255814
0 0.020348837209302327 0.5218023255813954 0.040697674418604654 0.4629360465116279
4 0.02567829457364341 0.916969476744186 0.015503875968992248 0.03888081395348837
4 0.5671027131782945 0.9369549418604651 0.015019379844961241 0.0403343023255814
4 0.7176598837209303 0.9854651162790697 0.014777131782945737 0.028343023255813952
4 0.5667393410852714 0.7830668604651163 0.02688953488372093 0.02252906976744186
4 0.7170542635658915 0.912609011627907 0.015019379844961241 0.0403343023255814
4 0.5257994186046512 0.8800872093023255 0.02688953488372093 0.02252906976744186
4 0.5662548449612403 0.8510174418604651 0.02688953488372093 0.02252906976744186
5 0.6017441860465116 0.9963662790697675 0.04748062015503876 0.006540697674418605
5 0.6047722868217055 0.9253270348837209 0.047238372093023256 0.03379360465116279
5 0.6173691860465116 0.8172238372093024 0.04675387596899225 0.030523255813953487
5 0.6805959302325582 0.9078851744186046 0.04626937984496124 0.03306686046511628
5 0.6812015503875969 0.9883720930232558 0.046027131782945735 0.02252906976744186
4 0.6603682170542635 0.8283066860465116 0.015503875968992248 0.039607558139534885
4 0.6190649224806202 0.7492732558139535 0.02640503875968992 0.02252906976744186
4 0.5669815891472868 0.7489098837209303 0.02640503875968992 0.02180232558139535
4 0.4434350775193798 0.7441860465116279 0.025920542635658916 0.023255813953488372
4 0.41993701550387597 0.7107558139534884 0.027374031007751938 0.02252906976744186
4 0.3974079457364341 0.6538880813953488 0.027374031007751938 0.02507267441860465
4 0.5626211240310077 0.6762354651162791 0.016715116279069766 0.0377906976744186
4 0.5995639534883721 0.603015988372093 0.015503875968992248 0.039607558139534885
4 0.6523740310077519 0.6026526162790697 0.015503875968992248 0.0403343023255814
5 0.6841085271317829 0.676780523255814 0.028585271317829456 0.02434593023255814
5 0.48716085271317827 0.729469476744186 0.028585271317829456 0.02434593023255814
5 0.5227713178294574 0.729469476744186 0.028585271317829456 0.02434593023255814
5 0.6148255813953488 0.6760537790697675 0.028585271317829456 0.02434593023255814
5 0.6497093023255814 0.6760537790697675 0.028585271317829456 0.02434593023255814
5 0.5703730620155039 0.6102834302325582 0.017199612403100775 0.04614825581395349
4 0.2059108527131783 0.6090116279069767 0.05329457364341085 0.0436046511627907
0 0.40782461240310075 0.48601017441860467 0.279796511627907 0.23655523255813954
4 0.3664001937984496 0.27598110465116277 0.01623062015503876 0.039607558139534885
4 0.1590358527131783 0.25962936046511625 0.027374031007751938 0.025799418604651164
4 0.1595203488372093 0.3319404069767442 0.02640503875968992 0.02434593023255814
4 0.1592781007751938 0.365734011627907 0.027858527131782947 0.02507267441860465
4 0.2315891472868217 0.42750726744186046 0.015503875968992248 0.041061046511627904
0 0.22395833333333334 0.3424781976744186 0.048207364341085274 0.08757267441860465