1 0.4568798449612403 0.06686046511627906 0.028585271317829456 0.07340116279069768
1 0.9652374031007752 0.2449127906976744 0.027374031007751938 0.02252906976744186
1 0.9239341085271318 0.23401162790697674 0.028585271317829456 0.023255813953488372
1 0.7612645348837209 0.40661337209302323 0.027374031007751938 0.023255813953488372
1 0.8362403100775194 0.27961482558139533 0.03488372093023256 0.03234011627906977
1 0.8821463178294574 0.28015988372093026 0.027374031007751938 0.02180232558139535
1 0.8825096899224806 0.24691133720930233 0.028585271317829456 0.02507267441860465
1 0.7377664728682171 0.32776162790697677 0.027374031007751938 0.023255813953488372
1 0.7387354651162791 0.36119186046511625 0.027374031007751938 0.02252906976744186
1 0.8068071705426356 0.39952761627906974 0.01623062015503876 0.041061046511627904
1 0.8069282945736435 0.48455668604651164 0.015019379844961241 0.0403343023255814
1 0.8065649224806202 0.5325218023255814 0.02640503875968992 0.02434593023255814
1 0.8075339147286822 0.5879360465116279 0.02688953488372093 0.02252906976744186
1 0.8078972868217055 0.6335392441860465 0.03343023255813953 0.031613372093023256
1 0.7086967054263565 0.6865915697674418 0.027374031007751938 0.02434593023255814
1 0.7084544573643411 0.6517078488372093 0.027374031007751938 0.02434593023255814
4 0.7091812015503876 0.6173691860465116 0.027374031007751938 0.023255813953488372
1 0.7051841085271318 0.5779433139534884 0.03343023255813953 0.03306686046511628
1 0.7008236434108527 0.34356831395348836 0.015019379844961241 0.03888081395348837
1 0.6474079457364341 0.4011627906976744 0.02640503875968992 0.02180232558139535
1 0.6471656976744186 0.436046511627907 0.02688953488372093 0.02180232558139535
1 0.6476501937984496 0.47056686046511625 0.02688953488372093 0.023255813953488372
1 0.6474079457364341 0.5039970930232558 0.027374031007751938 0.02252906976744186
1 0.6476501937984496 0.5374273255813954 0.025920542635658916 0.02180232558139535
1 0.6474079457364341 0.5723110465116279 0.027374031007751938 0.02180232558139535
4 0.6510416666666666 0.6113735465116279 0.03609496124031008 0.03379360465116279
4 0.6507994186046512 0.6564316860465116 0.03657945736434109 0.03379360465116279
1 0.940406976744186 0.6607921511627907 0.015503875968992248 0.041061046511627904
1 0.9630571705426356 0.6829578488372093 0.01623062015503876 0.039607558139534885
1 0.9878875968992248 0.6838662790697675 0.015503875968992248 0.042877906976744186
4 0.9046753875968992 0.2005813953488372 0.027858527131782947 0.02252906976744186
4 0.36252422480620156 0.6542514534883721 0.02640503875968992 0.02507267441860465
4 0.5557170542635659 0.14044331395348839 0.015503875968992248 0.03888081395348837
2 0.9956395348837209 0.14407703488372092 0.008236434108527133 0.04324127906976744
4 0.9685077519379846 0.08666424418604651 0.015503875968992248 0.03888081395348837
4 0.950218023255814 0.1542514534883721 0.02640503875968992 0.02507267441860465
4 0.6554021317829457 0.3268531976744186 0.02640503875968992 0.02507267441860465
4 0.700702519379845 0.5370639534883721 0.02640503875968992 0.02252906976744186
4 0.700702519379845 0.40007267441860467 0.02640503875968992 0.02252906976744186
4 0.700218023255814 0.43495639534883723 0.02640503875968992 0.02252906976744186
4 0.700702519379845 0.4680232558139535 0.02640503875968992 0.02252906976744186
4 0.700702519379845 0.5021802325581395 0.02640503875968992 0.02252906976744186
4 0.7607800387596899 0.4518531976744186 0.027374031007751938 0.02434593023255814
0 0.7613856589147286 0.546875 0.04796511627906977 0.07267441860465117
0 0.9262354651162791 0.45603197674418605 0.14704457364341086 0.2318313953488372
4 0.7921511627906976 0.6847747093023255 0.015503875968992248 0.041787790697674417
4 0.7429748062015504 0.6840479651162791 0.015503875968992248 0.0403343023255814
4 0.7657461240310077 0.6847747093023255 0.015503875968992248 0.0403343023255814
4 0.6549176356589147 0.3606468023255814 0.02640503875968992 0.02507267441860465
4 0.8264292635658915 0.6891351744186046 0.02640503875968992 0.02434593023255814