1 0.48800872093023256 0.3940770348837209 0.022044573643410854 0.017805232558139535
1 0.12100290697674419 0.23601017441860464 0.013808139534883721 0.03379360465116279
1 0.01877422480620155 0.2058502906976744 0.012839147286821706 0.03234011627906977
0 0.4114583333333333 0.002543604651162791 0.042877906976744186 0.005087209302325582
0 0.13844476744186046 0.06958575581395349 0.24733527131782945 0.13917151162790697
0 0.3850532945736434 0.2142078488372093 0.12766472868217055 0.3862645348837209
4 0.019016472868217053 0.25417877906976744 0.013323643410852713 0.03306686046511628
4 0.21451065891472867 0.2363735465116279 0.013323643410852713 0.03306686046511628
4 0.2292877906976744 0.2363735465116279 0.013323643410852713 0.03306686046511628
4 0.24503391472868216 0.2371002906976744 0.013323643410852713 0.03306686046511628
4 0.2598110465116279 0.23782703488372092 0.013323643410852713 0.03306686046511628
4 0.2976017441860465 0.22292877906976744 0.013323643410852713 0.03306686046511628
4 0.28282461240310075 0.1764171511627907 0.013323643410852713 0.03306686046511628
4 0.2961482558139535 0.03724563953488372 0.013323643410852713 0.03306686046511628
4 0.2850048449612403 0.32757994186046513 0.012354651162790697 0.02943313953488372
4 0.1595203488372093 0.32976017441860467 0.012354651162790697 0.02943313953488372
4 0.2392199612403101 0.32830668604651164 0.012354651162790697 0.02943313953488372
4 0.3548934108527132 0.0041787790697674415 0.02180232558139535 0.008357558139534883
4 0.19367732558139536 0.32757994186046513 0.012839147286821706 0.030886627906976744
4 0.17647771317829458 0.37917877906976744 0.012839147286821706 0.030886627906976744
4 0.1408672480620155 0.37990552325581395 0.013323643410852713 0.03234011627906977
4 0.1408672480620155 0.32830668604651164 0.013323643410852713 0.03234011627906977
4 0.10985949612403101 0.37990552325581395 0.013323643410852713 0.03234011627906977
4 0.10985949612403101 0.32830668604651164 0.013323643410852713 0.03234011627906977
4 0.01877422480620155 0.37990552325581395 0.013323643410852713 0.03234011627906977
4 0.01877422480620155 0.32830668604651164 0.013323643410852713 0.03234011627906977
4 0.08006298449612403 0.37990552325581395 0.013323643410852713 0.03234011627906977
4 0.07957848837209303 0.32903343023255816 0.013323643410852713 0.03234011627906977
4 0.04905523255813953 0.37990552325581395 0.013323643410852713 0.03234011627906977
4 0.04953972868217054 0.32903343023255816 0.013323643410852713 0.03234011627906977
4 0.26925872093023256 0.32794331395348836 0.012354651162790697 0.031613372093023256
4 0.1595203488372093 0.38026889534883723 0.012354651162790697 0.031613372093023256
4 0.17623546511627908 0.32794331395348836 0.012354651162790697 0.031613372093023256
4 0.2091812015503876 0.32867005813953487 0.012354651162790697 0.031613372093023256
4 0.2544815891472868 0.32867005813953487 0.012354651162790697 0.031613372093023256
4 0.22395833333333334 0.32867005813953487 0.01187015503875969 0.031613372093023256