1 0.5984738372093024 0.5321584302325582 0.011385658914728682 0.028706395348837208
1 0.6139777131782945 0.5325218023255814 0.01187015503875969 0.030886627906976744
1 0.6469234496124031 0.5279796511627907 0.018168604651162792 0.04142441860465116
1 0.6973110465116279 0.5310683139534884 0.01187015503875969 0.030886627906976744
1 0.8116521317829457 0.6809593023255814 0.022044573643410854 0.0625
1 0.812015503875969 0.7447311046511628 0.041666666666666664 0.03234011627906977
1 0.5674660852713178 0.9318677325581395 0.0249515503875969 0.023619186046511628
1 0.9398013565891473 0.9583938953488372 0.021075581395348836 0.017805232558139535
1 0.8128633720930233 0.7937863372093024 0.021560077519379845 0.017078488372093022
1 0.7823401162790697 0.7937863372093024 0.021560077519379845 0.017078488372093022
1 0.7377664728682171 0.7578125 0.016715116279069766 0.03815406976744186
1 0.7145106589147286 0.7727107558139535 0.012839147286821706 0.030886627906976744
1 0.7285610465116279 0.8152252906976745 0.012354651162790697 0.02943313953488372
1 0.7440649224806202 0.8243095930232558 0.01187015503875969 0.02943313953488372
1 0.7590843023255814 0.8235828488372093 0.011385658914728682 0.030886627906976744
1 0.7132994186046512 0.8913517441860465 0.021075581395348836 0.06468023255813954
1 0.734375 0.8926235465116279 0.01187015503875969 0.030886627906976744
1 0.8523498062015504 0.7698037790697675 0.021075581395348836 0.017805232558139535
1 0.8523498062015504 0.7941497093023255 0.021075581395348836 0.017805232558139535
1 0.5679505813953488 0.9660247093023255 0.0249515503875969 0.025799418604651164
1 0.7418846899224806 0.9445857558139535 0.021075581395348836 0.017805232558139535
1 0.7418846899224806 0.9718386627906976 0.021075581395348836 0.017805232558139535
1 0.48752422480620156 0.8864462209302325 0.01187015503875969 0.030159883720930234
1 0.5032703488372093 0.8864462209302325 0.01187015503875969 0.031613372093023256
1 0.45954457364341084 0.6393531976744186 0.027616279069767442 0.02507267441860465
1 0.46124031007751937 0.7498183139534884 0.02810077519379845 0.026526162790697673
1 0.45978682170542634 0.6709665697674418 0.02810077519379845 0.026526162790697673
1 0.4642684108527132 0.723655523255814 0.022044573643410854 0.01998546511627907
1 0.5272529069767442 0.9487645348837209 0.021560077519379845 0.06322674418604651
1 0.7937257751937985 0.6061046511627907 0.04530038759689922 0.053052325581395346
1 0.6157945736434108 0.942405523255814 0.03439922480620155 0.07013081395348837
0 0.5921753875968992 0.7227470930232558 0.16593992248062014 0.2507267441860465
0 0.8389050387596899 0.918968023255814 0.12209302325581395 0.1613372093023256
4 0.5003633720930233 0.5321584302325582 0.01187015503875969 0.031613372093023256
4 0.6280281007751938 0.5332485465116279 0.012839147286821706 0.030886627906976744
4 0.5039970930232558 0.5772165697674418 0.013323643410852713 0.030886627906976744
4 0.6820494186046512 0.5317950581395349 0.012354651162790697 0.030886627906976744
4 0.5836967054263565 0.5325218023255814 0.012354651162790697 0.030886627906976744
4 0.5681928294573644 0.993640988372093 0.027374031007751938 0.011991279069767442
4 0.4624515503875969 0.8130450581395349 0.027131782945736434 0.02507267441860465
4 0.7371608527131783 0.7018531976744186 0.027131782945736434 0.02507267441860465
4 0.9337451550387597 0.787609011627907 0.012839147286821706 0.031613372093023256
4 0.4637839147286822 0.864280523255814 0.022044573643410854 0.01998546511627907
4 0.6670300387596899 0.5321584302325582 0.012839147286821706 0.030159883720930234
4 0.5308866279069767 0.5321584302325582 0.012839147286821706 0.030159883720930234
4 0.4622093023255814 0.7839752906976745 0.026647286821705425 0.025799418604651164
4 0.5158672480620154 0.5332485465116279 0.012354651162790697 0.030886627906976744
4 0.4645106589147287 0.7000363372093024 0.021560077519379845 0.018531976744186048
4 0.658672480620155 0.9451308139534884 0.03439922480620155 0.05886627906976744
4 0.49963662790697677 0.9498546511627907 0.022044573643410854 0.059593023255813955