1 0.1030765503875969 0.6960392441860465 0.012354651162790697 0.03234011627906977
1 0.11809593023255814 0.6964026162790697 0.01187015503875969 0.031613372093023256
1 0.009084302325581396 0.696765988372093 0.012354651162790697 0.03234011627906977
1 0.024588178294573642 0.6964026162790697 0.01187015503875969 0.031613372093023256
1 0.039607558139534885 0.696765988372093 0.012354651162790697 0.03234011627906977
1 0.05511143410852713 0.6964026162790697 0.01187015503875969 0.031613372093023256
1 0.30535368217054265 0.6284520348837209 0.012354651162790697 0.031613372093023256
1 0.44997577519379844 0.7777979651162791 0.01187015503875969 0.030886627906976744
1 0.3550145348837209 0.9525799418604651 0.021075581395348836 0.016351744186046513
1 0.2910610465116279 0.9067950581395349 0.012354651162790697 0.030886627906976744
1 0.30583817829457366 0.9554869186046512 0.013323643410852713 0.02943313953488372
0 0.3862645348837209 0.7503633720930233 0.048207364341085274 0.09229651162790697
0 0.4114583333333333 0.9652979651162791 0.042877906976744186 0.06867732558139535
0 0.13844476744186046 0.885719476744186 0.24733527131782945 0.22783430232558138
4 0.2898498062015504 0.9554869186046512 0.013323643410852713 0.03306686046511628
4 0.4591812015503876 0.9787427325581395 0.013323643410852713 0.031613372093023256
4 0.24285368217054262 0.603015988372093 0.013323643410852713 0.03379360465116279
4 0.30535368217054265 0.681140988372093 0.013323643410852713 0.03379360465116279
4 0.3220687984496124 0.6280886627906976 0.013323643410852713 0.03379360465116279
4 0.37366763565891475 0.6288154069767442 0.013323643410852713 0.03379360465116279
4 0.4630571705426357 0.6495276162790697 0.013323643410852713 0.03379360465116279
4 0.39789244186046513 0.8221293604651163 0.021560077519379845 0.019258720930232558
4 0.35671027131782945 0.8737281976744186 0.021560077519379845 0.019258720930232558
4 0.35719476744186046 0.8995276162790697 0.021560077519379845 0.019258720930232558
4 0.42986918604651164 0.8908066860465116 0.021560077519379845 0.019258720930232558
4 0.3548934108527132 0.9941860465116279 0.02180232558139535 0.010901162790697675
4 0.07231104651162791 0.696765988372093 0.012839147286821706 0.03234011627906977
4 0.08708817829457365 0.6964026162790697 0.012839147286821706 0.031613372093023256
4 0.35549903100775193 0.9761991279069767 0.020106589147286823 0.019258720930232558