1 0.5812742248062015 0.19840116279069767 0.021560077519379845 0.06322674418604651
1 0.8860222868217055 0.08866279069767442 0.021560077519379845 0.06322674418604651
1 0.9109738372093024 0.04669331395348837 0.011385658914728682 0.02943313953488372
1 0.6619428294573644 0.18731831395348839 0.011385658914728682 0.031613372093023256
1 0.830062984496124 0.06558866279069768 0.021560077519379845 0.018531976744186048
1 0.798812984496124 0.06631540697674419 0.021075581395348836 0.018531976744186048
1 0.8218265503875969 0.14698401162790697 0.01187015503875969 0.030886627906976744
1 0.5031492248062015 0.023800872093023256 0.04215116279069767 0.03234011627906977
1 0.5692829457364341 0.03143168604651163 0.026647286821705425 0.02507267441860465
1 0.5577761627906976 0.13753633720930233 0.020591085271317828 0.017805232558139535
1 0.861797480620155 0.09938226744186046 0.011385658914728682 0.031613372093023256
1 0.6045300387596899 0.18804505813953487 0.011385658914728682 0.031613372093023256
1 0.544452519379845 0.37590843023255816 0.011385658914728682 0.031613372093023256
1 0.7317102713178295 0.09429505813953488 0.011385658914728682 0.031613372093023256
1 0.7159641472868217 0.09429505813953488 0.011385658914728682 0.031613372093023256
1 0.5611676356589147 0.37518168604651164 0.011385658914728682 0.031613372093023256
1 0.48752422480620156 0.054324127906976744 0.021560077519379845 0.019258720930232558
1 0.6207606589147286 0.18877180232558138 0.011385658914728682 0.031613372093023256
1 0.6355377906976745 0.18877180232558138 0.011385658914728682 0.031613372093023256
1 0.8055959302325582 0.25054505813953487 0.017199612403100775 0.037427325581395346
1 0.7847625968992248 0.33303052325581395 0.01187015503875969 0.031613372093023256
1 0.7852470930232558 0.3820857558139535 0.01187015503875969 0.030886627906976744
1 0.7634447674418605 0.3328488372093023 0.017199612403100775 0.03997093023255814
1 0.6047722868217055 0.34320494186046513 0.012354651162790697 0.031613372093023256
1 0.5979893410852714 0.27307412790697677 0.012354651162790697 0.030886627906976744
1 0.6437742248062015 0.2734375 0.011385658914728682 0.031613372093023256
1 0.6585513565891473 0.2741642441860465 0.011385658914728682 0.031613372093023256
1 0.8995881782945736 0.38244912790697677 0.011385658914728682 0.030159883720930234
1 0.5690406976744186 0.10592296511627906 0.04215116279069767 0.037427325581395346
1 0.7048207364341085 0.334484011627907 0.04433139534883721 0.03306686046511628
1 0.5824854651162791 0.3561046511627907 0.02252906976744186 0.06322674418604651
1 0.5123546511627907 0.35846656976744184 0.03488372093023256 0.06795058139534883
0 0.7747093023255814 0.23401162790697674 0.0377906976744186 0.0559593023255814
0 0.5195009689922481 0.2245639534883721 0.05499031007751938 0.04869186046511628
0 0.8389050387596899 0.011082848837209303 0.12209302325581395 0.022165697674418606
4 0.5681928294573644 0.006540697674418605 0.027374031007751938 0.01308139534883721
4 0.7120881782945736 0.1829578488372093 0.012839147286821706 0.030886627906976744
4 0.4945494186046512 0.11755087209302326 0.012839147286821706 0.030886627906976744
4 0.6188226744186046 0.07467296511627906 0.012839147286821706 0.030886627906976744
4 0.6963420542635659 0.1822311046511628 0.012839147286821706 0.030886627906976744
4 0.9337451550387597 0.27707122093023256 0.012839147286821706 0.030886627906976744
4 0.9485222868217055 0.2774345930232558 0.012839147286821706 0.030886627906976744
4 0.5829699612403101 0.2734375 0.012839147286821706 0.030886627906976744
4 0.7401889534883721 0.34211482558139533 0.012839147286821706 0.030886627906976744
4 0.9642684108527132 0.27707122093023256 0.012839147286821706 0.030886627906976744
4 0.9790455426356589 0.2767078488372093 0.012839147286821706 0.030886627906976744
4 0.6532218992248062 0.34211482558139533 0.012839147286821706 0.030886627906976744
4 0.5176841085271318 0.28797238372093026 0.040697674418604654 0.031613372093023256
4 0.9112160852713178 0.0950218023255814 0.013808139534883721 0.031613372093023256
4 0.8991036821705426 0.32830668604651164 0.012354651162790697 0.03234011627906977
4 0.6134932170542635 0.2741642441860465 0.012839147286821706 0.030159883720930234
4 0.9586967054263565 0.37990552325581395 0.013323643410852713 0.03234011627906977
4 0.9586967054263565 0.32830668604651164 0.013323643410852713 0.03234011627906977
4 0.9281734496124031 0.37990552325581395 0.013323643410852713 0.03234011627906977
4 0.9276889534883721 0.32830668604651164 0.013323643410852713 0.03234011627906977
4 0.9892199612403101 0.37917877906976744 0.013323643410852713 0.03234011627906977
4 0.9887354651162791 0.32830668604651164 0.013323643410852713 0.03234011627906977
4 0.7922722868217055 0.1451671511627907 0.012839147286821706 0.031613372093023256
4 0.674297480620155 0.2727107558139535 0.012839147286821706 0.031613372093023256
4 0.7760416666666666 0.1451671511627907 0.012839147286821706 0.031613372093023256
4 0.6495881782945736 0.11137354651162791 0.012354651162790697 0.030159883720930234
4 0.6343265503875969 0.11137354651162791 0.012354651162790697 0.030159883720930234
5 0.8449612403100775 0.33884447674418605 0.03197674418604651 0.08175872093023256