1 0.4006782945736434 0.13935319767441862 0.013565891472868217 0.030159883720930234
1 0.420906007751938 0.14189680232558138 0.013808139534883721 0.030886627906976744
1 0.5898740310077519 0.06340843023255814 0.022286821705426358 0.017805232558139535
1 0.5904796511627907 0.09156976744186046 0.022044573643410854 0.018168604651162792
1 0.716327519379845 0.4725654069767442 0.015019379844961241 0.03306686046511628
1 0.7518168604651163 0.2116642441860465 0.012839147286821706 0.030886627906976744
1 0.9210271317829457 0.282703488372093 0.02180232558139535 0.01744186046511628
1 0.9222383720930233 0.3172238372093023 0.03924418604651163 0.030523255813953487
1 0.9926114341085271 0.3477470930232558 0.014292635658914728 0.029796511627906978
1 0.9966085271317829 0.3848110465116279 0.006298449612403101 0.03343023255813953
1 0.8601017441860465 0.32830668604651164 0.042877906976744186 0.02943313953488372
1 0.8435077519379846 0.2220203488372093 0.011143410852713179 0.029796511627906978
1 0.8587693798449613 0.22311046511627908 0.011143410852713179 0.030523255813953487
0 0.8088662790697675 0.06813226744186046 0.3323643410852713 0.13626453488372092
0 0.9373788759689923 0.4186046511627907 0.08163759689922481 0.06540697674418605
4 0.860343992248062 0.37082122093023256 0.04239341085271318 0.030159883720930234
4 0.8625242248062015 0.4075218023255814 0.04433139534883721 0.03306686046511628
4 0.8624031007751938 0.44549418604651164 0.046027131782945735 0.030523255813953487
4 0.997093023255814 0.3039607558139535 0.005329457364341085 0.016351744186046513
0 0.4680232558139535 0.052688953488372096 0.12693798449612403 0.10537790697674419
0 0.6963420542635659 0.3366642441860465 0.1504360465116279 0.1849563953488372
4 0.9688711240310077 0.318859011627907 0.020106589147286823 0.019258720930232558