1 0.01937984496124031 0.509265988372093 0.012112403100775194 0.028706395348837208
1 0.13699127906976744 0.5788517441860465 0.0501453488372093 0.04869186046511628
1 0.17902131782945738 0.5877543604651163 0.014534883720930232 0.0345203488372093
1 0.1380813953488372 0.6431686046511628 0.04844961240310078 0.04941860465116279
1 0.1509205426356589 0.7183866279069767 0.02567829457364341 0.015988372093023256
1 0.1224563953488372 0.7550872093023255 0.02252906976744186 0.016715116279069766
1 0.03221899224806202 0.748546511627907 0.02374031007751938 0.020348837209302327
1 0.046875 0.813953488372093 0.02252906976744186 0.01744186046511628
1 0.07957848837209303 0.8546511627906976 0.012839147286821706 0.034156976744186045
1 0.046027131782945735 0.8428415697674418 0.022286821705426358 0.017078488372093022
1 0.016351744186046513 0.9044331395348837 0.016715116279069766 0.0377906976744186
1 0.3542877906976744 0.8255813953488372 0.013323643410852713 0.03197674418604651
1 0.3542877906976744 0.7634447674418605 0.013808139534883721 0.03561046511627907
1 0.3534399224806202 0.6940406976744186 0.012596899224806201 0.032703488372093026
1 0.34556686046511625 0.9138808139534884 0.021560077519379845 0.01744186046511628
1 0.3178294573643411 0.537609011627907 0.014050387596899225 0.031613372093023256
4 0.003633720930232558 0.4881904069767442 0.007267441860465116 0.028706395348837208
4 0.017805232558139535 0.459484011627907 0.013808139534883721 0.02943313953488372
4 0.07122093023255814 0.4876453488372093 0.013565891472868217 0.03343023255813953
4 0.05377906976744186 0.48728197674418605 0.015988372093023256 0.03125
4 0.08854166666666667 0.48800872093023256 0.014292635658914728 0.032703488372093026
4 0.33200096899224807 0.6911337209302325 0.013323643410852713 0.030523255813953487
4 0.3341812015503876 0.7612645348837209 0.013323643410852713 0.03343023255813953
4 0.33478682170542634 0.8257630813953488 0.012596899224806201 0.030886627906976744
4 0.34593023255813954 0.8839026162790697 0.022771317829457363 0.02071220930232558
4 0.34593023255813954 0.9865552325581395 0.023255813953488372 0.01744186046511628
4 0.2847625968992248 0.9700218023255814 0.0249515503875969 0.02071220930232558
4 0.04348352713178295 0.7176598837209303 0.020106589147286823 0.016715116279069766
4 0.12294089147286821 0.7807049418604651 0.02252906976744186 0.017805232558139535
4 0.1693313953488372 0.842296511627907 0.023255813953488372 0.019622093023255814
4 0.078125 0.9347747093023255 0.020591085271317828 0.01998546511627907
4 0.03185562015503876 0.973655523255814 0.020591085271317828 0.01998546511627907
4 0.0534156976744186 0.9067950581395349 0.012354651162790697 0.02943313953488372
1 0.16848352713178294 0.8163154069767442 0.020591085271317828 0.019258720930232558