1 0.39353197674418605 0.6909520348837209 0.014292635658914728 0.030886627906976744
1 0.43132267441860467 0.6905886627906976 0.014292635658914728 0.030886627906976744
1 0.5887839147286822 0.6598837209302325 0.022044573643410854 0.015261627906976744
1 0.6778100775193798 0.584484011627907 0.020833333333333332 0.015625
1 0.5841812015503876 0.7716206395348837 0.022044573643410854 0.014898255813953489
1 0.5701308139534884 0.8046875 0.022044573643410854 0.017078488372093022
1 0.5850290697674418 0.8928052325581395 0.01986434108527132 0.015261627906976744
1 0.5851501937984496 0.9182412790697675 0.020591085271317828 0.016715116279069766
1 0.7602955426356589 0.5637718023255814 0.015261627906976744 0.03306686046511628
1 0.8135901162790697 0.5641351744186046 0.013323643410852713 0.028706395348837208
1 0.8367248062015504 0.5632267441860465 0.01308139534883721 0.032703488372093026
1 0.9121850775193798 0.5565043604651163 0.012839147286821706 0.028706395348837208
1 0.9755329457364341 0.5775799418604651 0.012596899224806201 0.030886627906976744
1 0.9927325581395349 0.5775799418604651 0.012596899224806201 0.02943313953488372
0 0.8088662790697675 0.821765988372093 0.3323643410852713 0.35574127906976744
4 0.46002906976744184 0.4914607558139535 0.011627906976744186 0.02943313953488372
4 0.4780765503875969 0.4929142441860465 0.012354651162790697 0.02943313953488372
4 0.502422480620155 0.4949127906976744 0.012112403100775194 0.028343023255813952
4 0.5208333333333334 0.49055232558139533 0.011143410852713179 0.029069767441860465
4 0.5466327519379846 0.4914607558139535 0.014292635658914728 0.030886627906976744
4 0.563468992248062 0.49055232558139533 0.015019379844961241 0.03197674418604651
4 0.5812742248062015 0.49200581395348836 0.012839147286821706 0.034156976744186045
4 0.5989583333333334 0.49164244186046513 0.015746124031007752 0.03343023255813953
4 0.6173691860465116 0.49164244186046513 0.013323643410852713 0.032703488372093026
4 0.4640261627906977 0.5437863372093024 0.020591085271317828 0.016351744186046513
4 0.45276162790697677 0.5703125 0.018410852713178296 0.017805232558139535
4 0.4528827519379845 0.6011991279069767 0.018653100775193797 0.017805232558139535
4 0.6767199612403101 0.49182412790697677 0.012354651162790697 0.02943313953488372
4 0.6951308139534884 0.48928052325581395 0.012354651162790697 0.030886627906976744
4 0.7128149224806202 0.490734011627907 0.013323643410852713 0.030159883720930234
4 0.7307412790697675 0.49037063953488375 0.012839147286821706 0.030886627906976744
4 0.749031007751938 0.4890988372093023 0.012112403100775194 0.029069767441860465
4 0.7671996124031008 0.4909156976744186 0.01308139534883721 0.030523255813953487
4 0.7847625968992248 0.48964389534883723 0.013808139534883721 0.03234011627906977
4 0.8022044573643411 0.49000726744186046 0.015746124031007752 0.03306686046511628
4 0.8190406976744186 0.48964389534883723 0.015019379844961241 0.02943313953488372
4 0.8385416666666666 0.48964389534883723 0.01187015503875969 0.031613372093023256
4 0.8562257751937985 0.490734011627907 0.017199612403100775 0.030886627906976744
4 0.8934108527131783 0.49109738372093026 0.01695736434108527 0.03306686046511628
4 0.874031007751938 0.4898255813953488 0.014050387596899225 0.03125
4 0.9089147286821705 0.4898255813953488 0.011143410852713179 0.028343023255813952
4 0.9276889534883721 0.49164244186046513 0.014292635658914728 0.03343023255813953
4 0.9458575581395349 0.49037063953488375 0.015261627906976744 0.03234011627906977
4 0.9642684108527132 0.4894622093023256 0.014292635658914728 0.032703488372093026
4 0.9802567829457365 0.48691860465116277 0.014292635658914728 0.030523255813953487
4 0.9963662790697675 0.4881904069767442 0.006782945736434108 0.028706395348837208
0 0.4680232558139535 0.8633720930232558 0.12693798449612403 0.27252906976744184