1 0.033551356589147284 0.020348837209302327 0.0249515503875969 0.021075581395348836
1 0.041787790697674417 0.058502906976744186 0.0438468992248062 0.029069767441860465
1 0.032097868217054265 0.09538517441860465 0.020591085271317828 0.019258720930232558
1 0.023982558139534885 0.14898255813953487 0.01308139534883721 0.03125
1 0.04190891472868217 0.14880087209302326 0.013565891472868217 0.03306686046511628
1 0.060562015503875966 0.1477107558139535 0.013565891472868217 0.0345203488372093
1 0.053052325581395346 0.2474563953488372 0.02131782945736434 0.021075581395348836
1 0.014050387596899225 0.3477470930232558 0.02810077519379845 0.029796511627906978
1 0.017684108527131783 0.3848110465116279 0.035368217054263566 0.03343023255813953
1 0.0849079457364341 0.46148255813953487 0.02688953488372093 0.025436046511627907
1 0.08515019379844961 0.4934593023255814 0.027374031007751938 0.023982558139534885
1 0.10731589147286821 0.5323401162790697 0.046027131782945735 0.029796511627906978
1 0.125 0.38263081395348836 0.01986434108527132 0.016715116279069766
1 0.12487887596899225 0.40734011627906974 0.02252906976744186 0.01744186046511628
1 0.1124031007751938 0.2988735465116279 0.040697674418604654 0.030159883720930234
1 0.11858042635658915 0.2316497093023256 0.012839147286821706 0.030159883720930234
1 0.1352955426356589 0.23601017441860464 0.014292635658914728 0.03379360465116279
1 0.15479651162790697 0.23201308139534885 0.016472868217054265 0.03815406976744186
1 0.17453972868217055 0.23292151162790697 0.018168604651162792 0.038517441860465115
1 0.22516957364341086 0.2389171511627907 0.010416666666666666 0.030159883720930234
1 0.09593023255813954 0.2162063953488372 0.02131782945736434 0.059593023255813955
1 0.24236918604651161 0.15770348837209303 0.012354651162790697 0.027616279069767442
1 0.35901162790697677 0.31867732558139533 0.04263565891472868 0.030523255813953487
1 0.3536821705426357 0.2832485465116279 0.027131782945736434 0.02071220930232558
1 0.36094961240310075 0.3581031976744186 0.0436046511627907 0.027252906976744186
1 0.34084302325581395 0.5443313953488372 0.015019379844961241 0.03197674418604651
1 0.3752422480620155 0.5425145348837209 0.011627906976744186 0.028343023255813952
1 0.34338662790697677 0.6351744186046512 0.023013565891472867 0.061046511627906974
1 0.3684593023255814 0.6366279069767442 0.022286821705426358 0.061046511627906974
1 0.36882267441860467 0.7567223837209303 0.023013565891472867 0.062136627906976744
1 0.2185077519379845 0.6242732558139535 0.031007751937984496 0.02616279069767442
1 0.3533187984496124 0.22801598837209303 0.017199612403100775 0.04614825581395349
1 0.37306201550387597 0.23800872093023256 0.011627906976744186 0.03197674418604651
1 0.2596899224806202 0.06595203488372094 0.03391472868217054 0.06359011627906977
1 0.28875968992248063 0.04142441860465116 0.01308139534883721 0.030523255813953487
1 0.055232558139534885 0.34629360465116277 0.024709302325581394 0.020348837209302327
0 0.23267926356589147 0.40134447674418605 0.1310562015503876 0.17986918604651161
4 0.11942829457364341 0.0612281976744186 0.02131782945736434 0.06286337209302326
4 0.14462209302325582 0.06395348837209303 0.020348837209302327 0.05813953488372093
4 0.16799903100775193 0.06304505813953488 0.018653100775193797 0.0592296511627907
4 0.19367732558139536 0.06486191860465117 0.023013565891472867 0.06795058139534883
4 0.22020348837209303 0.0625 0.022771317829457363 0.061046511627906974
4 0.29626937984496127 0.1569767441860465 0.013565891472868217 0.032703488372093026
4 0.3339389534883721 0.24000726744186046 0.015746124031007752 0.03597383720930233
4 0.2600532945736434 0.23746366279069767 0.012354651162790697 0.028706395348837208
4 0.19912790697674418 0.2285610465116279 0.014050387596899225 0.03488372093023256
4 0.12378875968992248 0.329578488372093 0.020833333333333332 0.0188953488372093
4 0.1247577519379845 0.35519622093023256 0.022771317829457363 0.019258720930232558
4 0.12487887596899225 0.4329578488372093 0.023013565891472867 0.014898255813953489
4 0.12584786821705427 0.4609375 0.023013565891472867 0.01998546511627907
4 0.35707364341085274 0.5410610465116279 0.014050387596899225 0.029069767441860465
4 0.30583817829457366 0.6071947674418605 0.021560077519379845 0.061046511627906974
4 0.28185562015503873 0.6088299418604651 0.02252906976744186 0.05777616279069767
4 0.25763081395348836 0.606468023255814 0.022044573643410854 0.0625
4 0.00811531007751938 0.3039607558139535 0.01623062015503876 0.016351744186046513
4 0.053052325581395346 0.21729651162790697 0.020348837209302327 0.019622093023255814
4 0.14813468992248063 0.5995639534883721 0.020591085271317828 0.057412790697674417
4 0.17090600775193798 0.6002906976744186 0.020591085271317828 0.057412790697674417
4 0.12366763565891473 0.6024709302325582 0.020591085271317828 0.057412790697674417
4 0.2033672480620155 0.5833938953488372 0.012839147286821706 0.030886627906976744
4 0.1355377906976744 0.17023982558139536 0.012839147286821706 0.031613372093023256
4 0.3533187984496124 0.16696947674418605 0.012839147286821706 0.03234011627906977
1 0.3072916666666667 0.2396438953488372 0.011385658914728682 0.027252906976744186
0 0.19137596899224807 0.15061773255813954 0.031007751937984496 0.08103197674418605