1 0.14486434108527133 0.22220203488372092 0.040213178294573645 0.048328488372093026
1 0.14486434108527133 0.28143168604651164 0.040213178294573645 0.04760174418604651
1 0.1441375968992248 0.334484011627907 0.03875968992248062 0.031613372093023256
1 0.16121608527131784 0.37245639534883723 0.014292635658914728 0.013808139534883721
1 0.13977713178294573 0.38644622093023256 0.011627906976744186 0.030159883720930234
1 0.15455426356589147 0.4511264534883721 0.011627906976744186 0.030159883720930234
1 0.1457122093023256 0.5257994186046512 0.021560077519379845 0.059593023255813955
1 0.17005813953488372 0.5259811046511628 0.00872093023255814 0.01998546511627907
1 0.11373546511627906 0.5247093023255814 0.020106589147286823 0.057412790697674417
1 0.08200096899224807 0.5250726744186046 0.020591085271317828 0.05813953488372093
1 0.37221414728682173 0.44694767441860467 0.020591085271317828 0.01744186046511628
1 0.3873546511627907 0.4097020348837209 0.03924418604651163 0.030886627906976744
1 0.38783914728682173 0.3664607558139535 0.03827519379844961 0.02943313953488372
1 0.3218265503875969 0.13898982558139536 0.025436046511627907 0.025799418604651164
1 0.3385416666666667 0.20930232558139536 0.03125 0.06322674418604651
1 0.37681686046511625 0.21075581395348839 0.032703488372093026 0.06468023255813954
1 0.4251453488372093 0.1582485465116279 0.041182170542635656 0.04905523255813953
1 0.4251453488372093 0.2160247093023256 0.041182170542635656 0.04760174418604651
1 0.2755571705426357 0.10701308139534883 0.025920542635658916 0.025799418604651164
1 0.2714389534883721 0.08030523255813954 0.014777131782945737 0.013808139534883721
1 0.21511627906976744 0.2832485465116279 0.00872093023255814 0.02071220930232558
1 0.25290697674418605 0.2836119186046512 0.00872093023255814 0.021438953488372093
1 0.26719961240310075 0.2836119186046512 0.008236434108527133 0.021438953488372093
1 0.19137596899224807 0.2843386627906977 0.009205426356589148 0.02434593023255814
1 0.22093023255813954 0.22801598837209303 0.00872093023255814 0.022892441860465115
1 0.23558624031007752 0.22783430232558138 0.008963178294573644 0.023982558139534885
1 0.31407461240310075 0.27252906976744184 0.012354651162790697 0.029796511627906978
1 0.3654312015503876 0.5703125 0.013808139534883721 0.014898255813953489
1 0.3952277131782946 0.5714026162790697 0.014777131782945737 0.012718023255813954
1 0.28391472868217055 0.6587936046511628 0.02131782945736434 0.057412790697674417
1 0.3072916666666667 0.6126453488372093 0.00944767441860465 0.023255813953488372
1 0.20687984496124032 0.6597020348837209 0.01744186046511628 0.03888081395348837
1 0.32037306201550386 0.7232921511627907 0.008963178294573644 0.01998546511627907
1 0.32703488372093026 0.7545421511627907 0.015503875968992248 0.014171511627906976
1 0.3500484496124031 0.7418241279069767 0.015503875968992248 0.015625
1 0.34992732558139533 0.7599927325581395 0.014292635658914728 0.014171511627906976
1 0.37415213178294576 0.7603561046511628 0.014292635658914728 0.013444767441860465
1 0.373546511627907 0.7930595930232558 0.015988372093023256 0.013444767441860465
1 0.28379360465116277 0.754905523255814 0.00944767441860465 0.022165697674418606
1 0.3651889534883721 0.5172601744186046 0.014292635658914728 0.014171511627906976
0 0.02180232558139535 0.282703488372093 0.03827519379844961 0.036337209302325583
0 0.3449612403100775 0.09411337209302326 0.03827519379844961 0.03197674418604651
0 0.11434108527131782 0.4498546511627907 0.02374031007751938 0.056686046511627904
0 0.3694282945736434 0.654796511627907 0.04263565891472868 0.0377906976744186
0 0.3175872093023256 0.7985101744186046 0.01744186046511628 0.043968023255813955
0 0.020106589147286823 0.4175145348837209 0.03875968992248062 0.03197674418604651
0 0.2567829457364341 0.4440406976744186 0.12209302325581395 0.18386627906976744
4 0.3500484496124031 0.7923328488372093 0.015503875968992248 0.014898255813953489
4 0.374031007751938 0.7240188953488372 0.015988372093023256 0.014171511627906976
4 0.374031007751938 0.7421875 0.015988372093023256 0.013444767441860465
4 0.3080184108527132 0.723655523255814 0.00993217054263566 0.022165697674418606
4 0.296390503875969 0.7498183139534884 0.00944767441860465 0.02071220930232558
4 0.2724079457364341 0.7556322674418605 0.00944767441860465 0.022165697674418606
4 0.3653100775193798 0.5899345930232558 0.015503875968992248 0.014171511627906976
4 0.3951065891472868 0.5902979651162791 0.015503875968992248 0.013444767441860465
4 0.31940406976744184 0.5990188953488372 0.008963178294573644 0.021438953488372093
4 0.33103197674418605 0.6004723837209303 0.00944767441860465 0.021438953488372093
4 0.26199127906976744 0.598655523255814 0.010416666666666666 0.022165697674418606
4 0.24164244186046513 0.5993822674418605 0.00944767441860465 0.022165697674418606
4 0.21887112403100775 0.6071947674418605 0.00944767441860465 0.024709302325581394
4 0.34653585271317827 0.31468023255813954 0.00944767441860465 0.023255813953488372
4 0.2870639534883721 0.28215843023255816 0.01695736434108527 0.014898255813953489
4 0.2753149224806202 0.2292877906976744 0.00993217054263566 0.023255813953488372
4 0.29881298449612403 0.22874273255813954 0.010416666666666666 0.022165697674418606
4 0.2479408914728682 0.22874273255813954 0.00993217054263566 0.02071220930232558
4 0.2082122093023256 0.22837936046511628 0.00993217054263566 0.021438953488372093
4 0.203125 0.2839752906976744 0.00944767441860465 0.021438953488372093
4 0.17102713178294573 0.17605377906976744 0.017926356589147287 0.014171511627906976
4 0.15334302325581395 0.0014534883720930232 0.014534883720930232 0.0029069767441860465
4 0.15225290697674418 0.01398982558139535 0.014292635658914728 0.014171511627906976
4 0.17647771317829458 0.005813953488372093 0.015746124031007752 0.011627906976744186
4 0.016472868217054265 0.23128633720930233 0.016472868217054265 0.014171511627906976
4 0.16763565891472867 0.6253633720930233 0.040213178294573645 0.032703488372093026