1 0.03197674418604651 0.3710029069767442 0.06395348837209303 0.03125
1 0.025799418604651164 0.46184593023255816 0.020591085271317828 0.01744186046511628
1 0.1511627906976744 0.47946947674418605 0.04215116279069767 0.03306686046511628
1 0.21911337209302326 0.45566860465116277 0.020591085271317828 0.018168604651162792
1 0.21281492248062014 0.6869549418604651 0.018653100775193797 0.03888081395348837
1 0.02749515503875969 0.6197311046511628 0.027858527131782947 0.026526162790697673
1 0.06407461240310078 0.6230014534883721 0.018653100775193797 0.03888081395348837
1 0.19173934108527133 0.6869549418604651 0.018653100775193797 0.03888081395348837
1 0.11010174418604651 0.6517078488372093 0.018653100775193797 0.03888081395348837
1 0.08805717054263566 0.6517078488372093 0.018653100775193797 0.03888081395348837
1 0.3525920542635659 0.618640988372093 0.02640503875968992 0.02507267441860465
1 0.24503391472868216 0.6346293604651163 0.02640503875968992 0.02507267441860465
1 0.24503391472868216 0.6662427325581395 0.02640503875968992 0.02507267441860465
1 0.1511627906976744 0.5470566860465116 0.009205426356589148 0.01998546511627907
1 0.13905038759689922 0.5466933139534884 0.009205426356589148 0.021438953488372093
1 0.11773255813953488 0.9787427325581395 0.018410852713178296 0.03888081395348837
1 0.13868701550387597 0.9478561046511628 0.007994186046511628 0.022165697674418606
1 0.06286337209302326 0.9703851744186046 0.008963178294573644 0.022165697674418606
1 0.07497577519379844 0.9700218023255814 0.00944767441860465 0.021438953488372093
1 0.08757267441860465 0.9692950581395349 0.008963178294573644 0.021438953488372093
1 0.09920058139534883 0.9703851744186046 0.008478682170542635 0.022165697674418606
1 0.13844476744186046 0.8973473837209303 0.008478682170542635 0.02071220930232558
1 0.16533430232558138 0.899890988372093 0.014292635658914728 0.014171511627906976
1 0.18834786821705427 0.9100654069767442 0.014777131782945737 0.013444767441860465
1 0.11446220930232558 0.8962572674418605 0.008963178294573644 0.021438953488372093
1 0.13214631782945738 0.8490188953488372 0.014777131782945737 0.013444767441860465
1 0.13238856589147288 0.8671875 0.014292635658914728 0.014171511627906976
1 0.11203972868217055 0.8170421511627907 0.007994186046511628 0.022165697674418606
1 0.1660610465116279 0.7374636627906976 0.00993217054263566 0.02071220930232558
1 0.1779312015503876 0.7378270348837209 0.008963178294573644 0.01998546511627907
1 0.20227713178294573 0.768531976744186 0.02180232558139535 0.061046511627906974
1 0.23074127906976744 0.7523619186046512 0.008478682170542635 0.021438953488372093
1 0.24261143410852712 0.7519985465116279 0.00944767441860465 0.02071220930232558
1 0.2604166666666667 0.7616279069767442 0.0188953488372093 0.0377906976744186
1 0.12887596899224807 0.8094113372093024 0.017926356589147287 0.041061046511627904
1 0.13699127906976744 0.7316497093023255 0.008478682170542635 0.021438953488372093
1 0.29893410852713176 0.8630087209302325 0.020833333333333332 0.061046511627906974
1 0.32776162790697677 0.870094476744186 0.017926356589147287 0.03888081395348837
1 0.2938468992248062 0.9296875 0.020348837209302327 0.018531976744186048
1 0.028343023255813952 0.6575218023255814 0.015503875968992248 0.014171511627906976
1 0.0625 0.6640625 0.015503875968992248 0.014171511627906976
1 0.0625 0.6818677325581395 0.015503875968992248 0.014171511627906976
1 0.03827519379844961 0.6775072674418605 0.015503875968992248 0.014171511627906976
1 0.02374031007751938 0.48528343023255816 0.015988372093023256 0.014171511627906976
2 0.09508236434108527 0.4851017441860465 0.03464147286821705 0.03125
0 0.17199612403100775 0.9576671511627907 0.0188953488372093 0.04469476744186047
0 0.3168604651162791 0.7870639534883721 0.03875968992248062 0.03561046511627907
0 0.31419573643410853 0.5679505813953488 0.022286821705426358 0.06031976744186047
0 0.03670058139534884 0.8214026162790697 0.07340116279069768 0.18132267441860464
0 0.38808139534883723 0.5683139534883721 0.02131782945736434 0.05813953488372093
4 0.15334302325581395 0.9943677325581395 0.014534883720930232 0.010537790697674418
4 0.17647771317829458 0.9980014534883721 0.015746124031007752 0.0032703488372093025
4 0.33018410852713176 0.9285973837209303 0.016472868217054265 0.014898255813953489
4 0.14958817829457363 0.8577398255813954 0.00993217054263566 0.022165697674418606
4 0.11179748062015504 0.778343023255814 0.00944767441860465 0.023982558139534885
4 0.12512112403100775 0.7320130813953488 0.00944767441860465 0.022165697674418606
4 0.10065406976744186 0.713844476744186 0.010416666666666666 0.021438953488372093
4 0.25314922480620156 0.4565770348837209 0.015503875968992248 0.014898255813953489
4 0.007388565891472868 0.6640625 0.00944767441860465 0.021438953488372093
4 0.054142441860465115 0.5661337209302325 0.013323643410852713 0.03125
4 0.05402131782945736 0.5099927325581395 0.018410852713178296 0.041061046511627904
4 0.36603682170542634 0.8986191860465116 0.040697674418604654 0.03488372093023256