1 0.6035610465116279 0.011082848837209303 0.02640503875968992 0.022165697674418606
1 0.6464389534883721 0.011082848837209303 0.008478682170542635 0.022165697674418606
1 0.6715116279069767 0.015079941860465117 0.015019379844961241 0.013444767441860465
1 0.715843023255814 0.010901162790697675 0.007751937984496124 0.02180232558139535
1 0.7491521317829457 0.010719476744186046 0.008478682170542635 0.021438953488372093
1 0.5049660852713178 0.40443313953488375 0.008963178294573644 0.02180232558139535
1 0.5500242248062015 0.404796511627907 0.008478682170542635 0.021075581395348836
1 0.4962451550387597 0.12536337209302326 0.008478682170542635 0.019622093023255814
1 0.5572916666666666 0.1257267441860465 0.008478682170542635 0.02180232558139535
1 0.6621850775193798 0.12609011627906977 0.008963178294573644 0.021075581395348836
1 0.6980377906976745 0.12645348837209303 0.008478682170542635 0.020348837209302327
1 0.7714389534883721 0.09738372093023256 0.008478682170542635 0.02252906976744186
1 0.7734980620155039 0.010719476744186046 0.009205426356589148 0.021438953488372093
1 0.7854893410852714 0.010537790697674418 0.008478682170542635 0.021075581395348836
1 0.517078488372093 0.404796511627907 0.008478682170542635 0.021075581395348836
1 0.5741279069767442 0.4055232558139535 0.007751937984496124 0.021075581395348836
1 0.6015019379844961 0.40588662790697677 0.025193798449612403 0.02616279069767442
1 0.6510416666666666 0.49127906976744184 0.013323643410852713 0.01308139534883721
1 0.6775678294573644 0.40443313953488375 0.026647286821705425 0.024709302325581394
1 0.6564922480620154 0.45930232558139533 0.026647286821705425 0.024709302325581394
1 0.6797480620155039 0.49164244186046513 0.026647286821705425 0.024709302325581394
1 0.8573158914728682 0.34901889534883723 0.00872093023255814 0.02071220930232558
1 0.750484496124031 0.40606831395348836 0.00872093023255814 0.02071220930232558
1 0.7705910852713178 0.40534156976744184 0.00872093023255814 0.02071220930232558
1 0.7894864341085271 0.40606831395348836 0.00872093023255814 0.02071220930232558
1 0.9875242248062015 0.36464389534883723 0.016715116279069766 0.03815406976744186
1 0.9330184108527132 0.13898982558139536 0.025920542635658916 0.025799418604651164
1 0.9390746124031008 0.1693313953488372 0.015261627906976744 0.014534883720930232
1 0.9029796511627907 0.10773982558139535 0.016715116279069766 0.03815406976744186
1 0.9630571705426356 0.27525436046511625 0.016715116279069766 0.03815406976744186
1 0.981952519379845 0.23128633720930233 0.020106589147286823 0.019258720930232558
1 0.9855862403100775 0.27598110465116277 0.016715116279069766 0.03815406976744186
1 0.9636627906976745 0.03470203488372093 0.015988372093023256 0.012718023255813954
1 0.5393653100775194 0.47492732558139533 0.012354651162790697 0.029796511627906978
0 0.8640988372093024 0.001816860465116279 0.031492248062015504 0.003633720930232558
0 0.8443556201550387 0.05250726744186047 0.03076550387596899 0.045421511627906974
0 0.6597625968992248 0.5425145348837209 0.032703488372093026 0.05886627906976744
0 0.513202519379845 0.26526162790697677 0.15431201550387597 0.13662790697674418
0 0.8737887596899225 0.25090843023255816 0.06589147286821706 0.11300872093023256
0 0.7312257751937985 0.26671511627906974 0.15431201550387597 0.13662790697674418
4 0.8777858527131783 0.1555232558139535 0.010416666666666666 0.023982558139534885
4 0.8661579457364341 0.1555232558139535 0.00993217054263566 0.023982558139534885
4 0.8370881782945736 0.09520348837209303 0.010416666666666666 0.023982558139534885
4 0.8254602713178295 0.09593023255813954 0.00993217054263566 0.023982558139534885
4 0.8743943798449613 0.10574127906976744 0.010416666666666666 0.023982558139534885
4 0.8627664728682171 0.10574127906976744 0.00993217054263566 0.023982558139534885
4 0.8994670542635659 0.006904069767441861 0.009689922480620155 0.013808139534883721
4 0.8225532945736435 0.005087209302325582 0.016715116279069766 0.010174418604651164
4 0.8445978682170543 0.3495639534883721 0.00944767441860465 0.023255813953488372
4 0.5626211240310077 0.40534156976744184 0.008963178294573644 0.021438953488372093
4 0.5381540697674418 0.4049781976744186 0.008963178294573644 0.022165697674418606
4 0.48098352713178294 0.40443313953488375 0.00944767441860465 0.023982558139534885
4 0.49285368217054265 0.4042514534883721 0.008478682170542635 0.022165697674418606
4 0.4577277131782946 0.39807412790697677 0.014777131782945737 0.014171511627906976
4 0.4590600775193798 0.43259447674418605 0.015503875968992248 0.014898255813953489
4 0.7165697674418605 0.40098110465116277 0.015503875968992248 0.012718023255813954
4 0.5410610465116279 0.5352470930232558 0.00944767441860465 0.023255813953488372
4 0.5301598837209303 0.011627906976744186 0.00944767441860465 0.023255813953488372
4 0.5440891472868217 0.010901162790697675 0.009689922480620155 0.02180232558139535
4 0.6745397286821705 0.12645348837209303 0.00944767441860465 0.023255813953488372
4 0.6868943798449613 0.12627180232558138 0.00944767441860465 0.01998546511627907
4 0.6613372093023255 0.06449854651162791 0.015988372093023256 0.012718023255813954
4 0.6716327519379846 0.045239825581395346 0.014777131782945737 0.014171511627906976
4 0.5311288759689923 0.1302688953488372 0.014777131782945737 0.014898255813953489
4 0.7171753875968992 0.07122093023255814 0.00944767441860465 0.023255813953488372
4 0.7295300387596899 0.07103924418604651 0.00944767441860465 0.01998546511627907
4 0.4405281007751938 0.050690406976744186 0.008963178294573644 0.022165697674418606
4 0.4327761627906977 0.006904069767441861 0.01623062015503876 0.013808139534883721
4 0.40903585271317827 0.006904069767441861 0.015746124031007752 0.013808139534883721
4 0.38747577519379844 0.0061773255813953485 0.01623062015503876 0.012354651162790697