1 0.48594961240310075 0.4752906976744186 0.01308139534883721 0.012354651162790697
1 0.5862403100775194 0.5461482558139535 0.014534883720930232 0.012354651162790697
1 0.6167635658914729 0.5463299418604651 0.014050387596899225 0.014171511627906976
1 0.6292393410852714 0.48219476744186046 0.008963178294573644 0.02180232558139535
1 0.48328488372093026 0.559593023255814 0.008236434108527133 0.020348837209302327
1 0.5077519379844961 0.559593023255814 0.008236434108527133 0.020348837209302327
1 0.5930232558139535 0.515625 0.008236434108527133 0.020348837209302327
1 0.6048934108527132 0.515625 0.008236434108527133 0.020348837209302327
1 0.7496366279069767 0.6260901162790697 0.010901162790697675 0.03343023255813953
1 0.7810077519379846 0.6119186046511628 0.008236434108527133 0.020348837209302327
1 0.8212209302325582 0.4851017441860465 0.008236434108527133 0.020348837209302327
1 0.8330910852713178 0.4851017441860465 0.008236434108527133 0.020348837209302327
1 0.6053779069767442 0.5950218023255814 0.02567829457364341 0.027252906976744186
1 0.5525678294573644 0.6190043604651163 0.014050387596899225 0.012718023255813954
1 0.5806686046511628 0.6402616279069767 0.014050387596899225 0.012354651162790697
1 0.5520833333333334 0.7480014534883721 0.014050387596899225 0.012718023255813954
1 0.5515988372093024 0.7794331395348837 0.014050387596899225 0.012354651162790697
1 0.5520833333333334 0.6558866279069767 0.014050387596899225 0.012354651162790697
1 0.5272529069767442 0.681140988372093 0.017684108527131783 0.03815406976744186
1 0.5576550387596899 0.6867732558139535 0.008236434108527133 0.021075581395348836
1 0.7344961240310077 0.485828488372093 0.008236434108527133 0.020348837209302327
1 0.7466085271317829 0.485828488372093 0.008236434108527133 0.020348837209302327
1 0.7928779069767442 0.6119186046511628 0.008236434108527133 0.020348837209302327
1 0.8049903100775194 0.6119186046511628 0.008236434108527133 0.020348837209302327
1 0.778343023255814 0.5490552325581395 0.014050387596899225 0.012354651162790697
1 0.8226744186046512 0.7152979651162791 0.02616279069767442 0.0279796511627907
1 0.622577519379845 0.6244549418604651 0.014050387596899225 0.012718023255813954
1 0.622093023255814 0.6464389534883721 0.014050387596899225 0.012354651162790697
1 0.5515988372093024 0.8003270348837209 0.014050387596899225 0.012718023255813954
1 0.5142926356589147 0.9603924418604651 0.014050387596899225 0.012354651162790697
1 0.5501453488372093 0.8223110465116279 0.014050387596899225 0.012354651162790697
1 0.5433624031007752 0.8604651162790697 0.014050387596899225 0.012354651162790697
1 0.5433624031007752 0.8917151162790697 0.014050387596899225 0.012354651162790697
1 0.4813468992248062 0.8993459302325582 0.014050387596899225 0.012354651162790697
1 0.48183139534883723 0.8680959302325582 0.014050387596899225 0.012354651162790697
1 0.528343023255814 0.9236918604651163 0.014050387596899225 0.012354651162790697
1 0.528827519379845 0.9414970930232558 0.014050387596899225 0.012354651162790697
1 0.4528827519379845 0.899890988372093 0.018653100775193797 0.037427325581395346
1 0.6035610465116279 0.9978197674418605 0.02640503875968992 0.003633720930232558
1 0.6464389534883721 0.9994549418604651 0.008478682170542635 0.0003633720930232558
1 0.7491521317829457 0.9994549418604651 0.008478682170542635 0.0003633720930232558
1 0.8367248062015504 0.8937136627906976 0.026647286821705425 0.027252906976744186
1 0.8323643410852714 0.9451308139534884 0.008236434108527133 0.020348837209302327
1 0.7734980620155039 0.9994549418604651 0.009205426356589148 0.0003633720930232558
1 0.938468992248062 0.3710029069767442 0.12257751937984496 0.03125
1 0.9133963178294574 0.8913517441860465 0.014777131782945737 0.01308139534883721
1 0.918968023255814 0.9087936046511628 0.015261627906976744 0.014534883720930232
1 0.9192102713178295 0.9273255813953488 0.014777131782945737 0.01308139534883721
1 0.8278827519379846 0.7594476744186046 0.013323643410852713 0.013808139534883721
1 0.7980862403100775 0.7594476744186046 0.015261627906976744 0.015261627906976744
1 0.8160125968992248 0.7794331395348837 0.014777131782945737 0.013808139534883721
1 0.9146075581395349 0.7096656976744186 0.014292635658914728 0.012354651162790697
1 0.8121366279069767 0.8346656976744186 0.013808139534883721 0.01308139534883721
1 0.8116521317829457 0.8561046511627907 0.014777131782945737 0.01308139534883721
1 0.9143653100775194 0.7267441860465116 0.013808139534883721 0.01308139534883721
1 0.9148498062015504 0.7460029069767442 0.014777131782945737 0.01308139534883721
1 0.9298691860465116 0.9722020348837209 0.008963178294573644 0.021438953488372093
1 0.780765503875969 0.5746729651162791 0.01986434108527132 0.018531976744186048
1 0.7972383720930233 0.6755087209302325 0.014050387596899225 0.012354651162790697
1 0.7662306201550387 0.6289970930232558 0.008236434108527133 0.020348837209302327
1 0.4987887596899225 0.7116642441860465 0.02131782945736434 0.017078488372093022
2 0.920421511627907 0.5501453488372093 0.03464147286821705 0.030523255813953487
0 0.8640988372093024 0.9876453488372093 0.031492248062015504 0.023982558139534885
0 0.5319767441860465 0.49963662790697677 0.020348837209302327 0.057412790697674417
0 0.5191375968992248 0.604469476744186 0.01744186046511628 0.041061046511627904
0 0.6739341085271318 0.8244912790697675 0.18410852713178294 0.2754360465116279
0 0.9758963178294574 0.8214026162790697 0.047722868217054265 0.18132267441860464
0 0.4894622093023256 0.7837936046511628 0.03076550387596899 0.05886627906976744
4 0.9419815891472868 0.9720203488372093 0.010416666666666666 0.023982558139534885
4 0.970203488372093 0.973655523255814 0.015503875968992248 0.014171511627906976
4 0.8994670542635659 0.9954578488372093 0.009689922480620155 0.008357558139534883
4 0.8225532945736435 0.9976380813953488 0.016715116279069766 0.003997093023255814
4 0.906734496124031 0.8730014534883721 0.016472868217054265 0.013444767441860465
4 0.9110949612403101 0.854469476744186 0.01744186046511628 0.014171511627906976
4 0.9064922480620154 0.834484011627907 0.01695736434108527 0.014171511627906976
4 0.843265503875969 0.8352107558139535 0.016472868217054265 0.014171511627906976
4 0.8531976744186046 0.854469476744186 0.016472868217054265 0.014171511627906976
4 0.8848110465116279 0.8610101744186046 0.00944767441860465 0.02071220930232558
4 0.7976017441860465 0.943859011627907 0.00944767441860465 0.021438953488372093
4 0.8094718992248062 0.9442223837209303 0.00944767441860465 0.022165697674418606
4 0.812015503875969 0.8003270348837209 0.015503875968992248 0.014171511627906976
4 0.9187257751937985 0.6282703488372093 0.00944767441860465 0.023255813953488372
4 0.9407703488372093 0.6291787790697675 0.00993217054263566 0.022165697674418606
4 0.8697916666666666 0.6104651162790697 0.00993217054263566 0.023255813953488372
4 0.8264292635658915 0.6124636627906976 0.00944767441860465 0.01998546511627907
4 0.8544089147286822 0.6756904069767442 0.015988372093023256 0.014898255813953489
4 0.8318798449612403 0.6771438953488372 0.015503875968992248 0.014898255813953489
4 0.8554990310077519 0.7274709302325582 0.010416666666666666 0.024709302325581394
4 0.5440891472868217 0.9994549418604651 0.009689922480620155 0.0003633720930232558
4 0.4327761627906977 0.9990915697674418 0.01623062015503876 0.0010901162790697674
4 0.40903585271317827 0.9990915697674418 0.015746124031007752 0.0010901162790697674
4 0.38747577519379844 0.9987281976744186 0.01623062015503876 0.001816860465116279
4 0.4123062015503876 0.9525799418604651 0.015988372093023256 0.016351744186046513
4 0.4123062015503876 0.9696584302325582 0.015988372093023256 0.013444767441860465
4 0.43495639534883723 0.9696584302325582 0.014777131782945737 0.013444767441860465
4 0.4442829457364341 0.9485828488372093 0.015503875968992248 0.014171511627906976
4 0.4735949612403101 0.8312136627906976 0.015503875968992248 0.013444767441860465
4 0.4733527131782946 0.8497456395348837 0.015988372093023256 0.014898255813953489
4 0.5107800387596899 0.8966206395348837 0.010416666666666666 0.022165697674418606
4 0.5205910852713178 0.8635537790697675 0.016472868217054265 0.014171511627906976
4 0.5234980620155039 0.7363735465116279 0.01744186046511628 0.014171511627906976
4 0.5546269379844961 0.5503270348837209 0.014777131782945737 0.014171511627906976
4 0.5552325581395349 0.5692223837209303 0.01695736434108527 0.013444767441860465
4 0.5209544573643411 0.5592296511627907 0.00993217054263566 0.023255813953488372
4 0.6287548449612403 0.5143531976744186 0.00944767441860465 0.021438953488372093
4 0.5812742248062015 0.4816497093023256 0.00944767441860465 0.021438953488372093
4 0.6164001937984496 0.5150799418604651 0.00944767441860465 0.021438953488372093
4 0.6050145348837209 0.4809229651162791 0.00944767441860465 0.021438953488372093
4 0.5926598837209303 0.4816497093023256 0.00944767441860465 0.021438953488372093
4 0.5817587209302325 0.5154433139534884 0.010416666666666666 0.022165697674418606
4 0.48667635658914726 0.49436773255813954 0.01695736434108527 0.012718023255813954
4 0.48643410852713176 0.5118095930232558 0.015503875968992248 0.014898255813953489
4 0.43471414728682173 0.5239825581395349 0.010416666666666666 0.024709302325581394
4 0.4717781007751938 0.5555959302325582 0.00993217054263566 0.023255813953488372
4 0.4960029069767442 0.5599563953488372 0.008963178294573644 0.023255813953488372