1 0.1749031007751938 0.3757267441860465 0.020348837209302327 0.015988372093023256
1 0.5829699612403101 0.9978197674418605 0.018653100775193797 0.003633720930232558
1 0.6460755813953488 0.6442587209302325 0.0188953488372093 0.015261627906976744
1 0.35804263565891475 0.7792514534883721 0.018410852713178296 0.017078488372093022
1 0.42962693798449614 0.9954578488372093 0.019137596899224806 0.008357558139534883
1 0.4742005813953488 0.995094476744186 0.018653100775193797 0.009084302325581396
1 0.5289486434108527 0.9976380813953488 0.019137596899224806 0.003997093023255814
1 0.6213662790697675 0.8023255813953488 0.0188953488372093 0.015261627906976744
1 0.391593992248062 0.9932776162790697 0.018653100775193797 0.012718023255813954
1 0.6243943798449613 0.9978197674418605 0.019137596899224806 0.003633720930232558
1 0.4021317829457364 0.7142078488372093 0.018410852713178296 0.017078488372093022
1 0.6196705426356589 0.7256540697674418 0.0188953488372093 0.015261627906976744
1 0.4060077519379845 0.8054142441860465 0.018410852713178296 0.017078488372093022
1 0.4006782945736434 0.865734011627907 0.0188953488372093 0.017805232558139535
1 0.6128875968992248 0.9004360465116279 0.018410852713178296 0.015988372093023256
1 0.6690891472868217 0.9215116279069767 0.0188953488372093 0.015988372093023256
1 0.6690891472868217 0.9487645348837209 0.0188953488372093 0.015988372093023256
1 0.5700096899224806 0.6451671511627907 0.018410852713178296 0.017078488372093022
1 0.44694767441860467 0.6449854651162791 0.0188953488372093 0.015261627906976744
1 0.4929748062015504 0.6451671511627907 0.018410852713178296 0.017078488372093022
1 0.5314922480620154 0.6457122093023255 0.0188953488372093 0.015261627906976744
1 0.4009205426356589 0.6458938953488372 0.018410852713178296 0.017078488372093022
1 0.6085271317829457 0.6442587209302325 0.0188953488372093 0.015261627906976744
1 0.4011627906976744 0.9322311046511628 0.0188953488372093 0.017078488372093022
1 0.0559593023255814 0.6936773255813954 0.01937984496124031 0.015988372093023256
1 0.12015503875968993 0.7536337209302325 0.018410852713178296 0.015988372093023256
1 0.06031976744186047 0.8902616279069767 0.01937984496124031 0.015988372093023256
1 0.05935077519379845 0.8615552325581395 0.01937984496124031 0.015988372093023256
1 0.009326550387596898 0.7585392441860465 0.018653100775193797 0.016351744186046513
1 0.009326550387596898 0.7327398255813954 0.018653100775193797 0.016351744186046513
1 0.009326550387596898 0.8108648255813954 0.018653100775193797 0.016351744186046513
1 0.009326550387596898 0.7850654069767442 0.018653100775193797 0.016351744186046513
1 0.009326550387596898 0.8635537790697675 0.018653100775193797 0.016351744186046513
1 0.009326550387596898 0.8377543604651163 0.018653100775193797 0.016351744186046513
1 0.009568798449612403 0.9227834302325582 0.019137596899224806 0.016351744186046513
1 0.009326550387596898 0.8904433139534884 0.018653100775193797 0.016351744186046513
1 0.11555232558139535 0.9760174418604651 0.01937984496124031 0.015988372093023256
1 0.889171511627907 0.9816497093023255 0.017684108527131783 0.017078488372093022
1 0.9280523255813954 0.9781976744186046 0.0188953488372093 0.015261627906976744
1 0.9786821705426356 0.8740915697674418 0.01937984496124031 0.017078488372093022
1 0.8235222868217055 0.5872093023255814 0.017684108527131783 0.015988372093023256
1 0.9343507751937985 0.4331395348837209 0.01986434108527132 0.015988372093023256
1 0.8076550387596899 0.2449127906976744 0.018410852713178296 0.015988372093023256
4 0.11555232558139535 0.9493095930232558 0.01986434108527132 0.017805232558139535
4 0.1751453488372093 0.3475654069767442 0.0188953488372093 0.017805232558139535
4 0.17562984496124032 0.4042514534883721 0.0188953488372093 0.017805232558139535
4 0.2751937984496124 0.3726380813953488 0.01986434108527132 0.017805232558139535
4 0.13687015503875968 0.5510537790697675 0.01986434108527132 0.017805232558139535
4 0.007994186046511628 0.5941133720930233 0.015988372093023256 0.018168604651162792
4 0.2280765503875969 0.4042514534883721 0.021560077519379845 0.018531976744186048
4 0.17587209302325582 0.551780523255814 0.01937984496124031 0.019258720930232558
4 0.19670542635658914 0.6210029069767442 0.023255813953488372 0.02252906976744186
4 0.4941860465116279 0.3023255813953488 0.023255813953488372 0.02252906976744186
4 0.19622093023255813 0.5832122093023255 0.023255813953488372 0.02252906976744186
4 0.4937015503875969 0.26526162790697677 0.023255813953488372 0.02252906976744186
4 0.38420542635658916 0.5114462209302325 0.020348837209302327 0.019258720930232558
4 0.007751937984496124 0.6199127906976745 0.015503875968992248 0.018168604651162792
4 0.11918604651162791 0.8392078488372093 0.01986434108527132 0.017805232558139535
4 0.11749031007751938 0.8977107558139535 0.018410852713178296 0.017078488372093022
4 0.11555232558139535 0.923328488372093 0.01986434108527132 0.020348837209302327
4 0.6688468992248062 0.8951671511627907 0.020348837209302327 0.019258720930232558
4 0.2449127906976744 0.9703851744186046 0.020348837209302327 0.019258720930232558
4 0.6681201550387597 0.9956395348837209 0.02131782945736434 0.007994186046511628
4 0.9543362403100775 0.45984738372093026 0.022044573643410854 0.017805232558139535
4 0.8677325581395349 0.8435683139534884 0.025193798449612403 0.02507267441860465
4 0.2757994186046512 0.4022529069767442 0.020106589147286823 0.015988372093023256
4 0.008478682170542635 0.6991279069767442 0.01695736434108527 0.018168604651162792