1 0.5247093023255814 0.30450581395348836 0.0188953488372093 0.015988372093023256
1 0.5658914728682171 0.27252906976744184 0.01937984496124031 0.015988372093023256
1 0.6253633720930233 0.31213662790697677 0.011385658914728682 0.027616279069767442
1 0.6741763565891473 0.32867005813953487 0.0188953488372093 0.017078488372093022
1 0.721656976744186 0.48382994186046513 0.0188953488372093 0.017805232558139535
1 0.7710755813953488 0.49309593023255816 0.015503875968992248 0.03488372093023256
1 0.4956395348837209 0.6974927325581395 0.0188953488372093 0.017078488372093022
1 0.35247093023255816 0.3301235465116279 0.0436046511627907 0.09774709302325581
1 0.4167877906976744 0.36900436046511625 0.03561046511627907 0.09920058139534883
1 0.908187984496124 0.21566133720930233 0.01986434108527132 0.017078488372093022
1 0.7928779069767442 0.49400436046511625 0.015019379844961241 0.031613372093023256
4 0.4876453488372093 0.041969476744186045 0.020348837209302327 0.017078488372093022
4 0.5987160852713178 0.08666424418604651 0.021560077519379845 0.017805232558139535
0 0.7606589147286822 0.02180232558139535 0.050872093023255814 0.0436046511627907
2 0.9647529069767442 0.18986191860465115 0.025920542635658916 0.026526162790697673
2 0.9000726744186046 0.12518168604651161 0.025920542635658916 0.026526162790697673
2 0.9017684108527132 0.1647892441860465 0.025920542635658916 0.026526162790697673
4 0.9637839147286822 0.08248546511627906 0.016715116279069766 0.036337209302325583
4 0.9635416666666666 0.12972383720930233 0.017199612403100775 0.03561046511627907
4 0.9630571705426356 0.24981831395348839 0.017684108527131783 0.03379360465116279
4 0.9639050387596899 0.21566133720930233 0.01937984496124031 0.017078488372093022
0 0.6951308139534884 0.28379360465116277 0.052083333333333336 0.05159883720930233
3 0.6258478682170543 0.24636627906976744 0.04239341085271318 0.042877906976744186
5 0.3064437984496124 0.24073401162790697 0.020348837209302327 0.03379360465116279
5 0.5254360465116279 0.27089389534883723 0.020348837209302327 0.03379360465116279
5 0.4367732558139535 0.2610828488372093 0.020348837209302327 0.03379360465116279
4 0.3322432170542636 0.24127906976744187 0.01187015503875969 0.029796511627906978
4 0.3477470930232558 0.24255087209302326 0.012839147286821706 0.031613372093023256
4 0.4725048449612403 0.2616279069767442 0.021075581395348836 0.020348837209302327
4 0.4728682170542636 0.2850654069767442 0.01986434108527132 0.018531976744186048
4 0.5250726744186046 0.3301235465116279 0.022044573643410854 0.018531976744186048
4 0.5657703488372093 0.32976017441860467 0.021560077519379845 0.019258720930232558
4 0.5878149224806202 0.30505087209302323 0.012839147286821706 0.03306686046511628
2 0.6070736434108527 0.3054142441860465 0.0188953488372093 0.03379360465116279
4 0.6408672480620154 0.3125 0.012354651162790697 0.029796511627906978
4 0.7125726744186046 0.32867005813953487 0.02252906976744186 0.018531976744186048
4 0.7527858527131783 0.2877906976744186 0.022044573643410854 0.021075581395348836
4 0.7536337209302325 0.31159156976744184 0.020348837209302327 0.018531976744186048
4 0.8691860465116279 0.21529796511627908 0.020348837209302327 0.017805232558139535
4 0.9257509689922481 0.26071947674418605 0.012839147286821706 0.03306686046511628
4 0.9313226744186046 0.31359011627906974 0.017684108527131783 0.037063953488372096
4 0.9623304263565892 0.31504360465116277 0.017199612403100775 0.03488372093023256
4 0.7218992248062015 0.5081758720930233 0.020348837209302327 0.017805232558139535
3 0.8246124031007752 0.49473110465116277 0.029069767441860465 0.06068313953488372
3 0.6051356589147286 0.6911337209302325 0.05281007751937984 0.05159883720930233
4 0.3123788759689923 0.7145712209302325 0.02252906976744186 0.02507267441860465
4 0.3123788759689923 0.6815043604651163 0.02252906976744186 0.02507267441860465
2 0.3862645348837209 0.6595203488372093 0.017684108527131783 0.03488372093023256
5 0.4309593023255814 0.659156976744186 0.02374031007751938 0.0501453488372093
5 0.4319282945736434 0.575218023255814 0.02374031007751938 0.0501453488372093