1 0.0818798449612403 0.16042877906976744 0.010658914728682162 0.026526162790697673
1 0.7418846899224806 0.017623546511627907 0.014777131782945752 0.03234011627906977
1 0.704578488372093 0.06795058139534883 0.0186531007751939 0.015988372093023256
1 0.8651889534883721 0.04905523255813953 0.017684108527131807 0.014534883720930232
1 0.9487645348837209 0.029069767441860465 0.017684108527131807 0.015988372093023256
1 0.5583817829457366 0.10065406976744186 0.10852713178294575 0.0755813953488372
0 0.11300872093023268 0.17205668604651161 0.0181686046511628 0.045421511627906974
0 0.35852713178294576 0.10392441860465117 0.04457364341085272 0.16279069767441862
0 0.27434593023255816 0.20003633720930233 0.032703488372093026 0.02943313953488372
0 0.7089389534883721 0.0234375 0.030281007751937906 0.02943313953488372
0 0.446342054263566 0.2663517441860465 0.0675872093023256 0.14244186046511628
0 0.7524224806201552 0.46148255813953487 0.05426356589147276 0.06322674418604651
0 0.8884830776722669 0.013263081395348836 0.04723642561480399 0.026526162790697673
0 0.13963963963963963 0.048873546511627904 0.27927927927927926 0.09774709302325581
4 0.22662306201550392 0.20984738372093023 0.023498062015503866 0.023619186046511628
4 0.04324127906976754 0.18877180232558138 0.02349806201550388 0.02434593023255814
4 0.36688468992248063 0.28797238372093026 0.018168604651162743 0.03597383720930233
4 0.4548207364341085 0.10519622093023256 0.015261627906976799 0.0345203488372093
4 0.5008478682170543 0.610828488372093 0.019137596899224837 0.01744186046511628
4 0.5006056201550387 0.5523255813953488 0.018653100775193845 0.01744186046511628
4 0.5006056201550387 0.5148982558139535 0.019622093023255772 0.01744186046511628
4 0.9487645348837209 0.5906613372093024 0.02252906976744183 0.022165697674418606
4 0.9490067829457366 0.5347020348837209 0.022044573643410895 0.02507267441860465
4 0.9114583333333334 0.4413154069767442 0.02252906976744183 0.02434593023255814
4 0.60453003875969 0.6262718023255814 0.01623062015503878 0.0345203488372093
4 0.915092054263566 0.588844476744186 0.012839147286821787 0.028706395348837208
4 0.9480155831507183 0.006904069767441861 0.0192354516678841 0.013808139534883721
4 0.7601655709763818 0.01398982558139535 0.011200389578767957 0.0279796511627907
4 0.8617974806201552 0.1816860465116279 0.022044573643410895 0.015988372093023256
4 0.9289001937984497 0.11046511627906977 0.022044573643410895 0.015988372093023256
4 0.7731346899224806 0.5615915697674418 0.019622093023255772 0.04905523255813953
4 0.7498788759689924 0.5608648255813954 0.019137596899224837 0.04905523255813953
5 0.6411094961240311 0.5594113372093024 0.015261627906976688 0.035247093023255814
5 0.6411094961240311 0.5081758720930233 0.015261627906976688 0.035247093023255814
5 0.328125 0.48455668604651164 0.015261627906976799 0.035247093023255814
5 0.329578488372093 0.43259447674418605 0.015261627906976799 0.035247093023255814
5 0.7125726744186048 0.5521438953488372 0.015261627906976688 0.035247093023255814
5 0.3300629844961242 0.5368822674418605 0.015261627906976799 0.035247093023255814
5 0.3300629844961242 0.7003997093023255 0.015261627906976799 0.035247093023255814
5 0.3300629844961242 0.6491642441860465 0.015261627906976799 0.035247093023255814
5 0.329578488372093 0.5961119186046512 0.015261627906976799 0.035247093023255814
5 0.640625 0.4551235465116279 0.015261627906976688 0.035247093023255814
5 0.883842054263566 0.5823037790697675 0.02495155038759695 0.02434593023255814