1 0.5715843023255814 0.8357558139534884 0.01187015503875969 0.029069767441860465
1 0.8386627906976745 0.39280523255813954 0.010174418604651164 0.029069767441860465
1 0.9932170542635659 0.40443313953488375 0.01065891472868217 0.028343023255813952
1 0.9932170542635659 0.44622093023255816 0.01065891472868217 0.027616279069767442
1 0.9602713178294574 0.6900436046511628 0.015503875968992248 0.036337209302325583
5 0.012718023255813954 0.5337936046511628 0.017684108527131783 0.037063953488372096
5 0.012718023255813954 0.4320494186046512 0.017684108527131783 0.037063953488372096
5 0.012718023255813954 0.4836482558139535 0.017684108527131783 0.037063953488372096
4 0.048328488372093026 0.3644622093023256 0.01623062015503876 0.036337209302325583
4 0.15358527131782945 0.38172238372093026 0.01986434108527132 0.018531976744186048
4 0.15382751937984496 0.4405886627906977 0.01937984496124031 0.018531976744186048
4 0.15285852713178294 0.4772892441860465 0.018410852713178296 0.018531976744186048
5 0.32473352713178294 0.559593023255814 0.017684108527131783 0.03561046511627907
5 0.32521802325581395 0.2936046511627907 0.017684108527131783 0.03561046511627907
5 0.32521802325581395 0.34375 0.017684108527131783 0.03561046511627907
5 0.32570251937984496 0.39789244186046513 0.017684108527131783 0.03561046511627907
5 0.32424903100775193 0.4574854651162791 0.017684108527131783 0.03561046511627907
5 0.32546027131782945 0.5083575581395349 0.017684108527131783 0.03561046511627907
0 0.20760658914728683 0.7274709302325582 0.06734496124031007 0.14462209302325582
4 0.2858527131782946 0.7054869186046512 0.014050387596899225 0.03306686046511628
4 0.4261143410852713 0.7856104651162791 0.02374031007751938 0.02252906976744186
4 0.6099806201550387 0.8092296511627907 0.023255813953488372 0.02252906976744186
4 0.1970687984496124 0.8882630813953488 0.01623062015503876 0.03379360465116279
0 0.37887596899224807 0.796875 0.03343023255813953 0.03488372093023256
0 0.5404554263565892 0.8250363372093024 0.0188953488372093 0.04614825581395349
0 0.5109011627906976 0.9474927325581395 0.29021317829457366 0.10428779069767442
4 0.7237160852713178 0.9781976744186046 0.017199612403100775 0.036337209302325583
4 0.7711967054263565 0.9596656976744186 0.017684108527131783 0.036337209302325583
4 0.7702277131782945 0.9082485465116279 0.021075581395348836 0.019258720930232558
4 0.9084302325581395 0.9562136627906976 0.01986434108527132 0.017805232558139535
4 0.9367732558139535 0.9798328488372093 0.01937984496124031 0.017078488372093022
4 0.9367732558139535 0.9565770348837209 0.01937984496124031 0.018531976744186048
4 0.908187984496124 0.979469476744186 0.01937984496124031 0.019258720930232558
4 0.9795300387596899 0.9603924418604651 0.012354651162790697 0.029796511627906978
0 0.9869186046511628 0.8693677325581395 0.024709302325581394 0.026526162790697673
0 0.8999515503875969 0.8693677325581395 0.05426356589147287 0.06867732558139535
4 0.8998304263565892 0.7703488372093024 0.012354651162790697 0.030523255813953487
4 0.9158187984496124 0.7696220930232558 0.01187015503875969 0.030523255813953487
4 0.9359253875968992 0.6911337209302325 0.011385658914728682 0.030523255813953487
4 0.9356831395348837 0.6488008720930233 0.01187015503875969 0.03306686046511628
4 0.9689922480620154 0.6437136627906976 0.020348837209302327 0.017805232558139535
0 0.9905523255813954 0.5786700581395349 0.018410852713178296 0.04760174418604651
4 0.8987403100775194 0.548328488372093 0.018410852713178296 0.037063953488372096
0 0.8781492248062015 0.4246002906976744 0.05281007751937984 0.062136627906976744
2 0.9440406976744186 0.42550872093023256 0.015503875968992248 0.036337209302325583
4 0.9771075581395349 0.404796511627907 0.01187015503875969 0.030523255813953487
4 0.9775920542635659 0.44712936046511625 0.011385658914728682 0.03306686046511628
4 0.7976017441860465 0.33412063953488375 0.012354651162790697 0.03306686046511628
4 0.8204941860465116 0.32249273255813954 0.020348837209302327 0.019258720930232558
5 0.8213420542635659 0.2825218023255814 0.02640503875968992 0.02507267441860465
1 0.9009205426356589 0.26308139534883723 0.08284883720930232 0.125
0 0.29421027131782945 0.8869912790697675 0.048207364341085274 0.1620639534883721
0 0.0939922480620155 0.8915334302325582 0.10949612403100775 0.07521802325581395