1 0.4846172480620155 0.5543241279069767 0.01187015503875969 0.026526162790697673
1 0.4842538759689923 0.6150072674418605 0.010174418604651164 0.02507267441860465
1 0.3553779069767442 0.754905523255814 0.018410852713178296 0.017078488372093022
1 0.3551356589147287 0.7881540697674418 0.0188953488372093 0.015988372093023256
1 0.7013081395348837 0.9587572674418605 0.01937984496124031 0.018531976744186048
1 0.7860949612403101 0.9407703488372093 0.0188953488372093 0.015988372093023256
1 0.9473110465116279 0.9235101744186046 0.017199612403100775 0.017078488372093022
1 0.9101259689922481 0.9740188953488372 0.015019379844961241 0.03234011627906977
4 0.24297480620155038 0.28724563953488375 0.02374031007751938 0.02507267441860465
4 0.35683139534883723 0.451671511627907 0.020348837209302327 0.021075581395348836
4 0.3563468992248062 0.423328488372093 0.020348837209302327 0.021075581395348836
3 0.3553779069767442 0.540515988372093 0.018410852713178296 0.017805232558139535
3 0.4596656976744186 0.5548691860465116 0.011385658914728682 0.027616279069767442
3 0.4585755813953488 0.614280523255814 0.01065891472868217 0.026526162790697673
5 0.7681686046511628 0.40588662790697677 0.023255813953488372 0.023255813953488372
2 0.45373062015503873 0.36228197674418605 0.023255813953488372 0.023255813953488372
2 0.5380329457364341 0.36300872093023256 0.023255813953488372 0.023255813953488372
5 0.5743701550387597 0.43568313953488375 0.04408914728682171 0.04433139534883721
5 0.42877906976744184 0.43568313953488375 0.04893410852713178 0.04433139534883721
5 0.47601744186046513 0.43640988372093026 0.04893410852713178 0.04433139534883721
5 0.5281007751937985 0.43640988372093026 0.04893410852713178 0.04433139534883721
4 0.7037306201550387 0.3971656976744186 0.02422480620155039 0.023255813953488372
4 0.7034883720930233 0.45330668604651164 0.024709302325581394 0.025799418604651164
4 0.7407945736434108 0.5472383720930233 0.02374031007751938 0.023255813953488372
4 0.7377664728682171 0.3997093023255814 0.011385658914728682 0.030523255813953487
4 0.903343023255814 0.42805232558139533 0.01937984496124031 0.05159883720930233
4 0.8800872093023255 0.42805232558139533 0.01937984496124031 0.05159883720930233
5 0.9400436046511628 0.43859011627906974 0.017684108527131783 0.037063953488372096
0 0.9007994186046512 0.5288880813953488 0.056443798449612406 0.06286337209302326
4 0.44416182170542634 0.5548691860465116 0.012839147286821706 0.029069767441860465
5 0.43786337209302323 0.7287427325581395 0.03076550387596899 0.07013081395348837
5 0.5257994186046512 0.709484011627907 0.03076550387596899 0.07013081395348837
2 0.3539244186046512 0.6991279069767442 0.015503875968992248 0.036337209302325583
4 0.4808624031007752 0.7490915697674418 0.020348837209302327 0.017078488372093022
4 0.5715843023255814 0.7331031976744186 0.021075581395348836 0.019258720930232558
4 0.4434350775193798 0.8731831395348837 0.012354651162790697 0.030523255813953487
4 0.4589389534883721 0.873546511627907 0.011385658914728682 0.028343023255813952
4 0.4434350775193798 0.8164970930232558 0.012354651162790697 0.030523255813953487
4 0.4589389534883721 0.8168604651162791 0.011385658914728682 0.028343023255813952
5 0.5575339147286822 0.8731831395348837 0.017199612403100775 0.03488372093023256
4 0.4434350775193798 0.8164970930232558 0.012354651162790697 0.030523255813953487
4 0.4589389534883721 0.8168604651162791 0.011385658914728682 0.028343023255813952
5 0.49188468992248063 0.8168604651162791 0.017199612403100775 0.03488372093023256
5 0.40758236434108525 0.8710029069767442 0.017199612403100775 0.03488372093023256
5 0.40806686046511625 0.8161337209302325 0.017199612403100775 0.03488372093023256
5 0.4914001937984496 0.8739098837209303 0.017199612403100775 0.03488372093023256
4 0.7893653100775194 0.8070494186046512 0.022044573643410854 0.020348837209302327
4 0.720687984496124 0.8768168604651163 0.020348837209302327 0.020348837209302327
4 0.7028827519379846 0.9821947674418605 0.021075581395348836 0.020348837209302327
0 0.7606589147286822 0.9807412790697675 0.050872093023255814 0.0377906976744186
4 0.890625 0.9760174418604651 0.012354651162790697 0.030523255813953487
0 0.9419815891472868 0.9685683139534884 0.03221899224806202 0.031613372093023256