1 0.24297480620155038 0.8219476744186046 0.018410852713178296 0.015988372093023256
1 0.326671511627907 0.6542514534883721 0.017684108527131783 0.017805232558139535
1 0.2976017441860465 0.5881177325581395 0.018653100775193797 0.015625
1 0.3654312015503876 0.6544331395348837 0.017684108527131783 0.015261627906976744
1 0.3656734496124031 0.6831395348837209 0.017199612403100775 0.015988372093023256
1 0.28948643410852715 0.9712936046511628 0.0188953488372093 0.015988372093023256
4 0.4265988372093023 0.381359011627907 0.020348837209302327 0.017805232558139535
4 0.4258720930232558 0.29669331395348836 0.020348837209302327 0.017805232558139535
4 0.5070251937984496 0.4100654069767442 0.020348837209302327 0.018531976744186048
4 0.29844961240310075 0.5347020348837209 0.020348837209302327 0.019258720930232558
4 0.40431201550387597 0.6822311046511628 0.01937984496124031 0.019258720930232558
4 0.24563953488372092 0.7877906976744186 0.024709302325581394 0.023255813953488372
4 0.3369670542635659 0.9082485465116279 0.0188953488372093 0.019258720930232558
1 0.9993943798449613 0.7585392441860465 0.0007267441860465116 0.016351744186046513
1 0.9993943798449613 0.7327398255813954 0.0007267441860465116 0.016351744186046513
1 0.9993943798449613 0.8108648255813954 0.0007267441860465116 0.016351744186046513
1 0.9993943798449613 0.7850654069767442 0.0007267441860465116 0.016351744186046513
1 0.9993943798449613 0.8635537790697675 0.0007267441860465116 0.016351744186046513
1 0.9993943798449613 0.8377543604651163 0.0007267441860465116 0.016351744186046513
1 0.9996366279069767 0.9227834302325582 0.00024224806201550387 0.016351744186046513
1 0.9993943798449613 0.8904433139534884 0.0007267441860465116 0.016351744186046513
1 0.9454941860465116 0.887718023255814 0.01937984496124031 0.015988372093023256
1 0.9454941860465116 0.8619186046511628 0.01937984496124031 0.015988372093023256
4 0.9978197674418605 0.5941133720930233 0.003875968992248062 0.018168604651162792
4 0.997577519379845 0.6199127906976745 0.00436046511627907 0.018168604651162792
4 0.9969718992248062 0.6991279069767442 0.0055717054263565895 0.018168604651162792