1 0.3248546511627907 0.1457122093023256 0.018410852713178296 0.015988372093023256
1 0.3539244186046512 0.26726017441860467 0.01937984496124031 0.017078488372093022
1 0.3321220930232558 0.44894622093023256 0.0188953488372093 0.018531976744186048
1 0.32873062015503873 0.5601380813953488 0.0188953488372093 0.017078488372093022
1 0.6315406976744186 0.5343386627906976 0.018410852713178296 0.017078488372093022
1 0.7704699612403101 0.6082848837209303 0.017684108527131783 0.015988372093023256
1 0.34060077519379844 0.6796875 0.0188953488372093 0.017078488372093022
4 0.5864825581395349 0.5339752906976745 0.025193798449612403 0.02434593023255814
4 0.32570251937984496 0.17678052325581395 0.021075581395348836 0.018531976744186048
4 0.3533187984496124 0.2945130813953488 0.021075581395348836 0.018531976744186048
4 0.34060077519379844 0.3581031976744186 0.025193798449612403 0.02434593023255814
4 0.5862403100775194 0.5666787790697675 0.02374031007751938 0.018531976744186048
4 0.5859980620155039 0.6008357558139535 0.02422480620155039 0.025799418604651164
1 0.8496850775193798 0.3624636627906977 0.021075581395348836 0.017078488372093022
1 0.8981346899224806 0.36155523255813954 0.017684108527131783 0.015261627906976744
1 0.8137112403100775 0.6082848837209303 0.0188953488372093 0.015988372093023256
4 0.8561046511627907 0.49509447674418605 0.0188953488372093 0.019258720930232558
4 0.8949854651162791 0.4961845930232558 0.021075581395348836 0.017805232558139535
4 0.8312742248062015 0.41660610465116277 0.021075581395348836 0.018531976744186048
4 0.8687015503875969 0.4160610465116279 0.01937984496124031 0.015988372093023256