1 0.7896075581395349 0.07757994186046512 0.011385658914728682 0.026526162790697673
1 0.7526647286821705 0.46838662790697677 0.024709302325581394 0.02252906976744186
1 0.752422480620155 0.501453488372093 0.02422480620155039 0.02252906976744186
1 0.7521802325581395 0.5347020348837209 0.02374031007751938 0.02434593023255814
1 0.7521802325581395 0.5719476744186046 0.02374031007751938 0.02252906976744186
4 0.2772529069767442 0.021257267441860465 0.01623062015503876 0.03379360465116279
4 0.2767684108527132 0.06449854651162791 0.016715116279069766 0.03306686046511628
4 0.2762839147286822 0.10574127906976744 0.017684108527131783 0.03488372093023256
4 0.2766472868217054 0.14861918604651161 0.018410852713178296 0.03488372093023256
4 0.2757994186046512 0.19040697674418605 0.017684108527131783 0.0377906976744186
4 0.2754360465116279 0.23328488372093023 0.01937984496124031 0.03488372093023256
4 0.2757994186046512 0.27289244186046513 0.022044573643410854 0.020348837209302327
4 0.2756782945736434 0.3125 0.018410852713178296 0.036337209302325583
4 0.2751937984496124 0.3546511627906977 0.0188953488372093 0.03561046511627907
0 0.09798934108527131 0.1537063953488372 0.14752906976744187 0.2194767441860465
5 0.22601744186046513 0.6004723837209303 0.04941860465116279 0.04905523255813953
5 0.2711967054263566 0.5995639534883721 0.025920542635658916 0.029796511627906978
4 0.4416182170542636 0.4147892441860465 0.02422480620155039 0.02507267441860465
4 0.5016957364341085 0.4153343023255814 0.02422480620155039 0.027616279069767442
4 0.5299176356589147 0.4147892441860465 0.022044573643410854 0.02434593023255814
4 0.5586240310077519 0.41587936046511625 0.02374031007751938 0.02507267441860465
4 0.5862403100775194 0.41660610465116277 0.02422480620155039 0.02507267441860465
4 0.6140988372093024 0.4171511627906977 0.02374031007751938 0.027616279069767442
4 0.643047480620155 0.41660610465116277 0.02252906976744186 0.026526162790697673
5 0.6952519379844961 0.5459665697674418 0.02374031007751938 0.02507267441860465
5 0.6952519379844961 0.4812863372093023 0.02374031007751938 0.02507267441860465
5 0.6560077519379846 0.5496002906976745 0.02374031007751938 0.02507267441860465
5 0.6564922480620154 0.4921875 0.02374031007751938 0.02507267441860465
4 0.7967538759689923 0.5212572674418605 0.023255813953488372 0.054142441860465115
4 0.7971172480620154 0.42441860465116277 0.012354651162790697 0.029796511627906978
4 0.7046996124031008 0.3893531976744186 0.01986434108527132 0.017805232558139535
4 0.9580910852713178 0.41151889534883723 0.025193798449612403 0.02507267441860465
4 0.9761385658914729 0.47093023255813954 0.03657945736434109 0.030523255813953487
4 0.9763808139534884 0.5406976744186046 0.03609496124031008 0.029796511627906978
0 0.8835998062015504 0.5118095930232558 0.10537790697674419 0.0846656976744186
5 0.8821463178294574 0.36664244186046513 0.017684108527131783 0.036337209302325583
0 0.815406976744186 0.3094113372093023 0.05329457364341085 0.07085755813953488
5 0.8819040697674418 0.27761627906976744 0.01623062015503876 0.0377906976744186
5 0.8737887596899225 0.09411337209302326 0.024709302325581394 0.027616279069767442
5 0.8762112403100775 0.1529796511627907 0.015503875968992248 0.037063953488372096
4 0.7229893410852714 0.2805232558139535 0.016715116279069766 0.037063953488372096
4 0.7609011627906976 0.2859738372093023 0.015019379844961241 0.03488372093023256
4 0.7227470930232558 0.3234011627906977 0.01623062015503876 0.03561046511627907
4 0.7232315891472868 0.19222383720930233 0.017199612403100775 0.03488372093023256
4 0.7229893410852714 0.15007267441860464 0.016715116279069766 0.03488372093023256
4 0.7151162790697675 0.24091569767441862 0.020348837209302327 0.021075581395348836
0 0.969234496124031 0.11646075581395349 0.04893410852713178 0.07739825581395349
0 0.5109011627906976 0.1620639534883721 0.29021317829457366 0.3241279069767442
4 0.7238372093023255 0.07267441860465117 0.018410852713178296 0.036337209302325583
4 0.7234738372093024 0.025436046511627907 0.017684108527131783 0.03561046511627907
4 0.7583575581395349 0.07739825581395349 0.012354651162790697 0.029796511627906978
4 0.7736191860465116 0.07703488372093023 0.012354651162790697 0.029069767441860465
4 0.8272771317829457 0.051780523255813955 0.0188953488372093 0.018531976744186048
1 0.9893410852713178 0.22946947674418605 0.01986434108527132 0.017078488372093022