1 0.855499031007752 0.4961845930232558 0.015261627906976688 0.03306686046511628
1 0.8765746124031009 0.4961845930232558 0.015261627906976688 0.03306686046511628
1 0.9269622093023258 0.5058139534883721 0.01719961240310087 0.015988372093023256
1 0.974200581395349 0.6598837209302325 0.017684108527131807 0.014534883720930232
1 0.7414001937984497 0.7757994186046512 0.017684108527131807 0.01744186046511628
2 0.7496366279069769 0.8664607558139535 0.02156007751937996 0.022165697674418606
2 0.6866521317829457 0.8010537790697675 0.02156007751937996 0.022165697674418606
2 0.7491521317829457 0.8268531976744186 0.02156007751937996 0.022165697674418606
0 0.9537306201550387 0.7054869186046512 0.04602713178294575 0.048328488372093026
0 0.5549903100775194 0.8404796511627907 0.14292635658914726 0.21148255813953487
0 0.8884830776722669 0.9740188953488372 0.04723642561480399 0.05123546511627907
0 0.13963963963963963 0.8390261627906976 0.27927927927927926 0.32122093023255816
3 0.8257025193798451 0.49582122093023256 0.02979651162790697 0.05050872093023256
4 0.11979166666666667 0.5808502906976745 0.023013565891472874 0.02507267441860465
4 0.2082122093023257 0.5804869186046512 0.023982558139534857 0.02434593023255814
4 0.009739469198928659 0.5824854651162791 0.019478938397857318 0.025436046511627907
4 0.036216085271317866 0.5819404069767442 0.023982558139534885 0.02434593023255814
4 0.06359011627906971 0.5801235465116279 0.023013565891472874 0.02507267441860465
4 0.09193313953488388 0.5797601744186046 0.023982558139534885 0.02434593023255814
4 0.1481346899224806 0.5804869186046512 0.023982558139534857 0.02434593023255814
4 0.6866521317829457 0.8599200581395349 0.018168604651162743 0.03234011627906977
4 0.6866521317829457 0.9082485465116279 0.018168604651162743 0.03379360465116279
4 0.3746366279069769 0.6397165697674418 0.018168604651162743 0.03234011627906977
4 0.37415213178294576 0.6815043604651163 0.018168604651162743 0.03379360465116279
4 0.3746366279069769 0.7599927325581395 0.018168604651162743 0.03234011627906977
4 0.6861676356589148 0.6756904069767442 0.018168604651162743 0.03379360465116279
4 0.6856831395348839 0.7410973837209303 0.018168604651162743 0.03234011627906977
4 0.37415213178294576 0.8868095930232558 0.018168604651162743 0.03379360465116279
4 0.37415213178294576 0.9285973837209303 0.018168604651162743 0.03234011627906977
4 0.3736676356589148 0.9703851744186046 0.018168604651162743 0.03379360465116279
4 0.37415213178294576 0.801780523255814 0.018168604651162743 0.03379360465116279
4 0.3746366279069769 0.8450218023255814 0.018168604651162743 0.03234011627906977
4 0.7181443798449613 0.676780523255814 0.018168604651162743 0.03379360465116279
4 0.7799176356589148 0.7747093023255814 0.019622093023255772 0.016715116279069766
4 0.6864098837209303 0.7754360465116279 0.02010658914728693 0.018168604651162792
4 0.9480155831507183 0.998546511627907 0.0192354516678841 0.002180232558139535
4 0.7237160852713178 0.7309229651162791 0.012839147286821787 0.028706395348837208
4 0.9364098837209303 0.6598837209302325 0.019137596899224837 0.015988372093023256
4 0.8954699612403102 0.7020348837209303 0.019622093023255772 0.018168604651162792
4 0.7601655709763818 0.9992732558139535 0.011200389578767957 0.0007267441860465116
4 0.9262354651162791 0.48219476744186046 0.019622093023255772 0.018168604651162792
4 0.3736676356589148 0.7214752906976745 0.021075581395348802 0.01998546511627907
4 0.8954699612403102 0.6787790697674418 0.0186531007751939 0.018168604651162792
5 0.0035305575846116388 0.5069040697674418 0.0070611151692232775 0.024709302325581394
5 0.0035305575846116388 0.4480377906976744 0.0070611151692232775 0.024709302325581394
5 0.42466085271317844 0.3937136627906977 0.048449612403100764 0.046875
5 0.37730135658914726 0.396984011627907 0.024467054263565904 0.025799418604651164