1 0.8974079457364341 0.4969113372093023 0.02252906976744183 0.021438953488372093
1 0.8971656976744187 0.5303415697674418 0.022044573643410895 0.02071220930232558
1 0.8974079457364341 0.42714389534883723 0.02252906976744183 0.021438953488372093
1 0.8971656976744187 0.4642078488372093 0.022044573643410895 0.02071220930232558
1 0.6033187984496124 0.6006540697674418 0.018168604651162743 0.014534883720930232
1 0.4826792635658915 0.7085755813953488 0.017684108527131807 0.01744186046511628
1 0.5461482558139534 0.7093023255813954 0.017684108527131807 0.015988372093023256
1 0.6629118217054264 0.7721656976744186 0.018168604651162743 0.015988372093023256
1 0.8631298449612403 0.9209665697674418 0.009689922480620262 0.025799418604651164
0 0.5188953488372093 0.631359011627907 0.04893410852713181 0.1028343023255814
0 0.6816860465116279 0.8833575581395349 0.04602713178294575 0.0755813953488372
0 0.7659883720930233 0.4901889534883721 0.1022286821705427 0.08284883720930232
0 0.5816375968992248 0.46584302325581395 0.10513565891472876 0.08575581395348837
0 0.6727228682170543 0.6925872093023255 0.05329457364341089 0.06976744186046512
0 0.835029069767442 0.6911337209302325 0.05329457364341089 0.06976744186046512
0 0.6727228682170543 0.6925872093023255 0.05329457364341089 0.06976744186046512
0 0.9990260530801072 0.8390261627906976 0.0014609203798392988 0.32122093023255816
3 0.483890503875969 0.5143531976744186 0.022044573643410895 0.02071220930232558
3 0.483890503875969 0.47910610465116277 0.022044573643410895 0.02071220930232558
3 0.483890503875969 0.4445857558139535 0.022044573643410895 0.02071220930232558
3 0.483890503875969 0.4093386627906977 0.022044573643410895 0.02071220930232558
3 0.6495881782945736 0.588844476744186 0.021075581395348802 0.022165697674418606
4 0.9291424418604651 0.9253270348837209 0.01623062015503878 0.03379360465116279
4 0.891109496124031 0.7131177325581395 0.016715116279069717 0.03306686046511628
4 0.6234253875968992 0.6920421511627907 0.015746124031007846 0.03306686046511628
4 0.9281734496124031 0.6753270348837209 0.01623062015503878 0.03379360465116279
4 0.9281734496124031 0.7174781976744186 0.01719961240310087 0.03234011627906977
4 0.9276889534883721 0.8065043604651163 0.01623062015503878 0.03379360465116279
4 0.9276889534883721 0.848655523255814 0.01719961240310087 0.03234011627906977
4 0.9286579457364342 0.9718386627906976 0.01719961240310087 0.03234011627906977
4 0.9980521061602142 0.5824854651162791 0.0034088142196250304 0.025436046511627907
4 0.8531976744186047 0.5743095930232558 0.012112403100775163 0.0279796511627907
4 0.6917393410852714 0.5877543604651163 0.022044573643410895 0.021438953488372093
4 0.4758963178294574 0.27452761627906974 0.022044573643410895 0.021438953488372093
4 0.4763808139534884 0.3090479651162791 0.022044573643410895 0.021438953488372093
4 0.8249757751937985 0.9476744186046512 0.017684108527131807 0.01744186046511628
4 0.6735707364341086 0.5310683139534884 0.035610465116279084 0.0279796511627907
4 0.5621366279069768 0.3152252906976744 0.035610465116279084 0.0279796511627907
4 0.9465843023255814 0.6097383720930233 0.021075581395348802 0.018168604651162792
4 0.8540455426356589 0.47874273255813954 0.019622093023255772 0.05123546511627907
4 0.673812984496124 0.4609375 0.036094961240310024 0.028706395348837208
4 0.8941375968992248 0.9220566860465116 0.01114341085271307 0.0279796511627907
4 0.9359253875968992 0.7569040697674418 0.02010658914728693 0.01744186046511628
4 0.8786337209302326 0.9213299418604651 0.012112403100775163 0.030886627906976744
5 0.7782218992248062 0.9038880813953488 0.022044573643410895 0.022165697674418606
5 0.7767684108527132 0.8472020348837209 0.01623062015503878 0.03670058139534884
5 0.990382274166058 0.5069040697674418 0.018748478207937666 0.024709302325581394
5 0.9548207364341086 0.5176235465116279 0.025920542635658822 0.02434593023255814
5 0.990382274166058 0.4480377906976744 0.018748478207937666 0.024709302325581394
5 0.9538517441860466 0.45148982558139533 0.025920542635658822 0.02434593023255814
5 0.7690164728682171 0.7214752906976745 0.01623062015503878 0.03670058139534884
5 0.768531976744186 0.6335392441860465 0.01623062015503878 0.03670058139534884