1 0.693919573643411 0.3097747093023256 0.015746124031007846 0.0345203488372093
1 0.6568556201550387 0.3789970930232558 0.017684108527131807 0.014534883720930232
1 0.6193071705426357 0.42151162790697677 0.018168604651162743 0.015988372093023256
1 0.6620639534883721 0.5543241279069767 0.010658914728682134 0.027252906976744186
1 0.6615794573643411 0.5950218023255814 0.011627906976744228 0.0279796511627907
1 0.6241521317829457 0.6068313953488372 0.01719961240310087 0.015261627906976744
1 0.8168604651162791 0.6051962209302325 0.010174418604651198 0.026526162790697673
2 0.7118459302325582 0.5739462209302325 0.014292635658914817 0.031613372093023256
2 0.6226986434108527 0.5739462209302325 0.014292635658914817 0.031613372093023256
0 0.665576550387597 0.13244912790697674 0.024467054263565793 0.027252906976744186
0 0.6253633720930233 0.13099563953488372 0.024467054263565793 0.027252906976744186
0 0.6636385658914729 0.42169331395348836 0.019622093023255772 0.046875
0 0.752906976744186 0.13117732558139536 0.05426356589147276 0.07340116279069768
0 0.77640503875969 0.5759447674418605 0.05135658914728693 0.06031976744186047
0 0.9990260530801072 0.048873546511627904 0.0014609203798392988 0.09774709302325581
4 0.9286579457364342 0.019440406976744186 0.01719961240310087 0.03234011627906977
4 0.8816618217054264 0.03797238372093023 0.01719961240310087 0.03234011627906977
4 0.575218023255814 0.0546875 0.018168604651162743 0.035247093023255814
4 0.5148982558139534 0.24073401162790697 0.016715116279069717 0.0345203488372093
4 0.7159641472868218 0.02071220930232558 0.019622093023255772 0.016715116279069766
4 0.7443071705426357 0.043968023255813955 0.017684108527131807 0.015261627906976744
4 0.7383720930232559 0.2291061046511628 0.010658914728682134 0.028706395348837208
4 0.7538759689922482 0.22874273255813954 0.012112403100775163 0.02943313953488372
4 0.7556928294573644 0.4511264534883721 0.016715116279069717 0.03379360465116279
4 0.6773255813953489 0.553234011627907 0.010658914728682134 0.02943313953488372
4 0.6778100775193798 0.5953851744186046 0.010658914728682134 0.028706395348837208
4 0.47226259689922484 0.47438226744186046 0.017684108527131807 0.03597383720930233
4 0.8349079457364341 0.6762354651162791 0.0186531007751939 0.015988372093023256
4 0.8575581395348838 0.665515988372093 0.01114341085271307 0.02943313953488372
4 0.6252422480620156 0.19131540697674418 0.011627906976744228 0.0279796511627907
4 0.881904069767442 0.09029796511627906 0.020591085271317866 0.019258720930232558
4 0.6722383720930233 0.039425872093023256 0.011627906976744228 0.0279796511627907
4 0.7166908914728684 0.043968023255813955 0.018168604651162743 0.016715116279069766
4 0.6246366279069768 0.5410610465116279 0.019137596899224837 0.016715116279069766
4 0.7440649224806202 0.020348837209302327 0.019137596899224837 0.015988372093023256
4 0.6849563953488372 0.35574127906976744 0.02010658914728693 0.01744186046511628
4 0.717781007751938 0.30832122093023256 0.011627906976744228 0.028706395348837208
4 0.717296511627907 0.3515625 0.011627906976744228 0.028706395348837208
4 0.6566133720930233 0.35574127906976744 0.02010658914728693 0.01744186046511628
5 0.6570978682170543 0.30832122093023256 0.02495155038759695 0.02434593023255814
5 0.6418362403100776 0.04705668604651163 0.02495155038759695 0.02434593023255814
5 0.6570978682170543 0.21275436046511628 0.02495155038759695 0.02434593023255814
5 0.8332122093023256 0.7171148255813954 0.025920542635658822 0.02434593023255814