1 0.5829699612403101 0.006722383720930232 0.018653100775193797 0.013444767441860465
1 0.42962693798449614 0.0034520348837209303 0.019137596899224806 0.006904069767441861
1 0.4742005813953488 0.003997093023255814 0.018653100775193797 0.007994186046511628
1 0.5289486434108527 0.005632267441860465 0.019137596899224806 0.01126453488372093
1 0.391593992248062 0.002180232558139535 0.018653100775193797 0.00436046511627907
1 0.6243943798449613 0.005813953488372093 0.019137596899224806 0.011627906976744186
1 0.3500484496124031 0.04251453488372093 0.0188953488372093 0.015988372093023256
1 0.38820251937984496 0.07376453488372094 0.017684108527131783 0.015988372093023256
1 0.4784399224806202 0.12808866279069767 0.02374031007751938 0.02434593023255814
1 0.37863372093023256 0.13317587209302326 0.0188953488372093 0.018531976744186048
1 0.6964631782945736 0.10374273255813954 0.01986434108527132 0.019258720930232558
1 0.2010658914728682 0.16624273255813954 0.0188953488372093 0.017805232558139535
1 0.2010658914728682 0.25526889534883723 0.0188953488372093 0.017805232558139535
1 0.2005813953488372 0.22946947674418605 0.0188953488372093 0.017805232558139535
1 0.2005813953488372 0.19058866279069767 0.0188953488372093 0.017805232558139535
1 0.24539728682170542 0.009629360465116279 0.01937984496124031 0.018531976744186048
1 0.24539728682170542 0.0677688953488372 0.018410852713178296 0.017805232558139535
1 0.12209302325581395 0.09865552325581395 0.020348837209302327 0.018531976744186048
1 0.04578488372093023 0.09865552325581395 0.018410852713178296 0.017078488372093022
1 0.030281007751937983 0.5579578488372093 0.0188953488372093 0.017078488372093022
1 0.3171027131782946 0.6713299418604651 0.0188953488372093 0.017805232558139535
1 0.813468992248062 0.5367005813953488 0.0188953488372093 0.015261627906976744
1 0.9406492248062015 0.36355377906976744 0.018410852713178296 0.017805232558139535
1 0.8892926356589147 0.02688953488372093 0.01937984496124031 0.015988372093023256
1 0.9515503875968992 0.02961482558139535 0.01986434108527132 0.017805232558139535
1 0.9517926356589147 0.055232558139534885 0.018410852713178296 0.015988372093023256
4 0.6681201550387597 0.0049055232558139535 0.02131782945736434 0.009811046511627907
4 0.0841812015503876 0.09829215116279069 0.021075581395348836 0.017805232558139535
4 0.24527616279069767 0.037609011627906974 0.021075581395348836 0.017805232558139535
4 0.35113856589147285 0.07321947674418605 0.021075581395348836 0.017805232558139535
4 0.5973837209302325 0.12990552325581395 0.02422480620155039 0.025799418604651164
4 0.47819767441860467 0.08920784883720931 0.02422480620155039 0.025799418604651164
4 0.5397286821705426 0.1295421511627907 0.02422480620155039 0.025799418604651164
4 0.6960998062015504 0.07539970930232558 0.021075581395348836 0.019258720930232558
4 0.6959786821705426 0.1804142441860465 0.01986434108527132 0.017805232558139535
4 0.950702519379845 0.08248546511627906 0.021075581395348836 0.020348837209302327
4 0.888687015503876 0.0534156976744186 0.021075581395348836 0.020348837209302327
4 0.8672480620155039 0.46039244186046513 0.020348837209302327 0.021075581395348836
4 0.8666424418604651 0.48601017441860467 0.021075581395348836 0.018531976744186048
4 0.8766957364341085 0.557594476744186 0.01986434108527132 0.018531976744186048
4 0.8760901162790697 0.5848473837209303 0.021560077519379845 0.017805232558139535
4 0.9269622093023255 0.5357921511627907 0.021560077519379845 0.018531976744186048
4 0.9272044573643411 0.5078125 0.021560077519379845 0.018531976744186048