4 0.7610222868217055 0.5216206395348837 0.0249515503875969 0.022165697674418606
3 0.9762596899224806 0.046875 0.014050387596899225 0.03488372093023256
1 0.951671511627907 0.048873546511627904 0.012839147286821706 0.03597383720930233
5 0.6363856589147286 0.40461482558139533 0.03972868217054264 0.03379360465116279
0 0.8367248062015504 0.3671875 0.3178294573643411 0.2859738372093023
1 0.8037790697674418 0.1269985465116279 0.11724806201550388 0.16824127906976744
1 0.9279312015503876 0.049600290697674417 0.012839147286821706 0.03597383720930233
3 0.904796511627907 0.04505813953488372 0.014050387596899225 0.03488372093023256
4 0.5830910852713178 0.2945130813953488 0.014050387596899225 0.037427325581395346
2 0.6038032945736435 0.29087936046511625 0.01187015503875969 0.03379360465116279
1 0.6656976744186046 0.37245639534883723 0.01308139534883721 0.036337209302325583
3 0.6329941860465116 0.35973837209302323 0.02374031007751938 0.021075581395348836