4 0.45033914728682173 0.4398619186046512 0.022771317829457363 0.01998546511627907
1 0.1772044573643411 0.042877906976744186 0.013323643410852713 0.032703488372093026
0 0.36555232558139533 0.03343023255813953 0.18556201550387597 0.06686046511627906
4 0.3645833333333333 0.23346656976744187 0.022771317829457363 0.01998546511627907
4 0.2541182170542636 0.3003270348837209 0.022771317829457363 0.01998546511627907
4 0.39026162790697677 0.4402252906976744 0.022771317829457363 0.01998546511627907
4 0.4173934108527132 0.23382994186046513 0.022286821705426358 0.01998546511627907
4 0.38275193798449614 0.3621002906976744 0.022286821705426358 0.01998546511627907
4 0.467781007751938 0.28815406976744184 0.022771317829457363 0.021075581395348836
1 0.45033914728682173 0.36101017441860467 0.022286821705426358 0.019258720930232558
4 0.1774467054263566 0.1595203488372093 0.012839147286821706 0.03343023255813953
4 0.5442102713178295 0.1457122093023256 0.012839147286821706 0.03343023255813953
4 0.5461482558139535 0.056322674418604654 0.012839147286821706 0.03343023255813953
0 0.596656976744186 0.014171511627906976 0.02374031007751938 0.028343023255813952
1 0.4675387596899225 0.23346656976744187 0.02422480620155039 0.022165697674418606