0 0.04130329457364341 0.8268531976744186 0.08260658914728682 0.2859738372093023
0 0.08817829457364341 0.4027979651162791 0.17635658914728683 0.2082122093023256
4 0.23873546511627908 0.5568677325581395 0.023498062015503876 0.019258720930232558
4 0.5892684108527132 0.7100290697674418 0.012839147286821706 0.03343023255813953
4 0.2378875968992248 0.6211845930232558 0.022771317829457363 0.01998546511627907
4 0.2374031007751938 0.6709665697674418 0.022771317829457363 0.01998546511627907
4 0.39316860465116277 0.37445494186046513 0.022771317829457363 0.01998546511627907
4 0.1776889534883721 0.7630813953488372 0.012839147286821706 0.034156976744186045
4 0.1772044573643411 0.6206395348837209 0.013323643410852713 0.034156976744186045
1 0.17756782945736435 0.9158793604651163 0.014050387596899225 0.035247093023255814
4 0.1769622093023256 0.8397529069767442 0.012839147286821706 0.03343023255813953
0 0.36555232558139533 0.8940770348837209 0.18556201550387597 0.21111918604651161
4 0.28924418604651164 0.6095566860465116 0.022771317829457363 0.01998546511627907
4 0.5461482558139535 0.7096656976744186 0.012839147286821706 0.03343023255813953
1 0.545421511627907 0.9284156976744186 0.012839147286821706 0.03343023255813953
1 0.5892684108527132 0.9146075581395349 0.013323643410852713 0.034156976744186045
0 0.596656976744186 0.9827398255813954 0.02374031007751938 0.03379360465116279
0 0.5938711240310077 0.6073764534883721 0.04142441860465116 0.03597383720930233
4 0.3381782945736434 0.6713299418604651 0.022771317829457363 0.01998546511627907
4 0.39268410852713176 0.41660610465116277 0.022771317829457363 0.01998546511627907
4 0.3229166666666667 0.4934593023255814 0.025193798449612403 0.02252906976744186
4 0.39292635658914726 0.49327761627906974 0.022771317829457363 0.01998546511627907
4 0.39244186046511625 0.45257994186046513 0.022771317829457363 0.01998546511627907
1 0.4430717054263566 0.6193677325581395 0.022286821705426358 0.01998546511627907