1 0.4645106589147287 0.42787063953488375 0.042877906976744186 0.0912063953488372
2 0.6348110465116279 0.4398619186046512 0.056443798449612406 0.0962936046511628
2 0.6265746124031008 0.7916061046511628 0.04966085271317829 0.0846656976744186
4 0.3601017441860465 0.8804505813953488 0.012839147286821706 0.032703488372093026
4 0.8687015503875969 0.4425872093023256 0.014534883720930232 0.03343023255813953
4 0.8435077519379846 0.4425872093023256 0.014534883720930232 0.03343023255813953
4 0.8160125968992248 0.6231831395348837 0.023498062015503876 0.02252906976744186
4 0.8168604651162791 0.5826671511627907 0.02180232558139535 0.01998546511627907
1 0.8167393410852714 0.6633357558139535 0.023498062015503876 0.019258720930232558
4 0.8166182170542635 0.7149345930232558 0.022286821705426358 0.018531976744186048
0 0.9458575581395349 0.8268531976744186 0.10780038759689922 0.2859738372093023
0 0.9623304263565892 0.4027979651162791 0.07485465116279069 0.2082122093023256