4 0.05717054263565891 0.6987645348837209 0.02131782945736434 0.018168604651162792
4 0.040213178294573645 0.3866279069767442 0.028585271317829456 0.028343023255813952
4 0.041182170542635656 0.33757267441860467 0.028585271317829456 0.028343023255813952
2 0.03972868217054264 0.4496729651162791 0.023255813953488372 0.06068313953488372
2 0.15661337209302326 0.3553779069767442 0.017684108527131783 0.05813953488372093
2 0.09871608527131782 0.45094476744186046 0.017684108527131783 0.05813953488372093
2 0.09871608527131782 0.3484738372093023 0.017684108527131783 0.05813953488372093
4 0.15794573643410853 0.42805232558139533 0.028585271317829456 0.029069767441860465
4 0.1585513565891473 0.47674418604651164 0.027374031007751938 0.029069767441860465
4 0.008236434108527133 0.6110101744186046 0.016472868217054265 0.018531976744186048
4 0.1033187984496124 0.6998546511627907 0.021560077519379845 0.020348837209302327
1 0.008599806201550387 0.6980377906976745 0.017199612403100775 0.019622093023255814
4 0.1459544573643411 0.9740188953488372 0.012839147286821706 0.03234011627906977
4 0.1466812015503876 0.8246729651162791 0.012839147286821706 0.03234011627906977
4 0.008478682170542635 0.5632267441860465 0.01695736434108527 0.019622093023255814
4 0.18059593023255813 0.9006177325581395 0.012354651162790697 0.03234011627906977
1 0.1464389534883721 0.9002543604651163 0.01187015503875969 0.03379360465116279
0 0.04154554263565891 0.8601017441860465 0.08309108527131782 0.13590116279069767
0 0.39328972868217055 0.6758720930232558 0.08938953488372094 0.2565406976744186
0 0.22008236434108527 0.6580668604651163 0.08938953488372094 0.2565406976744186
4 0.5599563953488372 0.43077761627906974 0.027858527131782947 0.026526162790697673
4 0.6626695736434108 0.9656613372093024 0.022044573643410854 0.019258720930232558
4 0.5652858527131783 0.9656613372093024 0.022044573643410854 0.019258720930232558