1 0.46814437984496127 0.5441497093023255 0.07340116279069768 0.0650436046511628
0 0.610828488372093 0.4949127906976744 0.047722868217054265 0.09520348837209303
0 0.7421269379844961 0.4652979651162791 0.05159883720930233 0.17841569767441862
4 0.8294573643410853 0.41497093023255816 0.02131782945736434 0.018168604651162792
2 0.9148498062015504 0.43695494186046513 0.022044573643410854 0.056322674418604654
2 0.9148498062015504 0.3464752906976744 0.022044573643410854 0.056322674418604654
1 0.9836482558139535 0.33757267441860467 0.022044573643410854 0.020348837209302327
4 0.983406007751938 0.4484011627906977 0.027858527131782947 0.027616279069767442
4 0.983406007751938 0.39934593023255816 0.027858527131782947 0.029069767441860465
1 0.9823158914728682 0.49909156976744184 0.02374031007751938 0.019258720930232558
4 0.8280038759689923 0.4945494186046512 0.02131782945736434 0.018168604651162792
4 0.8284883720930233 0.453125 0.02131782945736434 0.018168604651162792
4 0.9973352713178295 0.6110101744186046 0.0048449612403100775 0.018531976744186048
1 0.9967296511627907 0.6980377906976745 0.006056201550387597 0.019622093023255814
4 0.955062984496124 0.6627906976744186 0.022044573643410854 0.020348837209302327
4 0.955547480620155 0.6984011627906976 0.022044573643410854 0.020348837209302327
1 0.9292635658914729 0.8601017441860465 0.013565891472868217 0.03561046511627907
4 0.9297480620155039 0.7817950581395349 0.014534883720930232 0.03234011627906977
4 0.9289001937984496 0.9351380813953488 0.012839147286821706 0.03234011627906977
4 0.9974563953488372 0.5632267441860465 0.004602713178294574 0.019622093023255814
0 0.9966085271317829 0.8601017441860465 0.006298449612403101 0.13590116279069767
0 0.6518895348837209 0.8406613372093024 0.3682170542635659 0.3179505813953488