4 0.515625 0.2363735465116279 0.015261627906976744 0.013444767441860465
4 0.43943798449612403 0.040697674418604654 0.009689922480620155 0.021075581395348836
4 0.5734011627906976 0.0061773255813953485 0.015503875968992248 0.012354651162790697
1 0.5933866279069767 0.046511627906976744 0.008478682170542635 0.021075581395348836
0 0.48231589147286824 0.03561046511627907 0.06201550387596899 0.07122093023255814
0 0.6655765503875969 0.03815406976744186 0.09471899224806202 0.07630813953488372
1 0.6951308139534884 0.16896802325581395 0.015746124031007752 0.014534883720930232
1 0.8852955426356589 0.234375 0.015746124031007752 0.014534883720930232
1 0.7750726744186046 0.00944767441860465 0.015746124031007752 0.014534883720930232
1 0.7843992248062015 0.10138081395348837 0.009689922480620155 0.021075581395348836
1 0.7403100775193798 0.0345203488372093 0.009689922480620155 0.021075581395348836
1 0.7400678294573644 0.09593023255813954 0.009689922480620155 0.021075581395348836
4 0.873062015503876 0.265625 0.009689922480620155 0.021075581395348836
1 0.6980377906976745 0.10210755813953488 0.015746124031007752 0.014534883720930232
1 0.639171511627907 0.1002906976744186 0.015746124031007752 0.014534883720930232
1 0.6210029069767442 0.15079941860465115 0.015746124031007752 0.014534883720930232
1 0.7811288759689923 0.16533430232558138 0.015746124031007752 0.014534883720930232
1 0.7934835271317829 0.18568313953488372 0.015746124031007752 0.014534883720930232
1 0.8070494186046512 0.16533430232558138 0.015746124031007752 0.014534883720930232
1 0.861797480620155 0.17042151162790697 0.015746124031007752 0.014534883720930232
1 0.8862645348837209 0.19222383720930233 0.015746124031007752 0.014534883720930232
1 0.8857800387596899 0.21329941860465115 0.015746124031007752 0.014534883720930232
1 0.8687015503875969 0.3092296511627907 0.026647286821705425 0.029796511627906978
1 0.9477955426356589 0.21111918604651161 0.015746124031007752 0.014534883720930232
1 0.9473110465116279 0.23219476744186046 0.015746124031007752 0.014534883720930232
1 0.8484738372093024 0.2336482558139535 0.015746124031007752 0.014534883720930232
1 0.8494428294573644 0.19149709302325582 0.015746124031007752 0.014534883720930232
1 0.8489583333333334 0.21257267441860464 0.015746124031007752 0.014534883720930232
1 0.9468265503875969 0.25254360465116277 0.015746124031007752 0.014534883720930232
1 0.8217054263565892 0.30995639534883723 0.026647286821705425 0.029796511627906978
1 0.45469961240310075 0.25763081395348836 0.040697674418604654 0.03488372093023256
1 0.6143410852713178 0.2507267441860465 0.040697674418604654 0.03488372093023256
1 0.45469961240310075 0.21693313953488372 0.040697674418604654 0.03488372093023256
1 0.5870881782945736 0.3406613372093023 0.019137596899224806 0.03888081395348837
1 0.9419815891472868 0.3406613372093023 0.019137596899224806 0.03888081395348837
1 0.5541424418604651 0.30214389534883723 0.008963178294573644 0.022165697674418606
1 0.5461482558139535 0.3757267441860465 0.022044573643410854 0.061046511627906974
1 0.672843992248062 0.41151889534883723 0.014777131782945737 0.013444767441860465
4 0.5732800387596899 0.022347383720930234 0.015261627906976744 0.013444767441860465
4 0.565406976744186 0.313953488372093 0.009689922480620155 0.021075581395348836
0 0.515625 0.28106831395348836 0.039001937984496124 0.05704941860465116
0 0.640625 0.35846656976744184 0.039001937984496124 0.05704941860465116
4 0.6044089147286822 0.34120639534883723 0.009689922480620155 0.021075581395348836
1 0.9022529069767442 0.39280523255813954 0.008963178294573644 0.021075581395348836
1 0.8695494186046512 0.4018895348837209 0.008963178294573644 0.021075581395348836
1 0.8366036821705426 0.4011627906976744 0.008963178294573644 0.021075581395348836
1 0.8242490310077519 0.4018895348837209 0.008963178294573644 0.021075581395348836
1 0.8814195736434108 0.4011627906976744 0.008963178294573644 0.021075581395348836
4 0.9539728682170543 0.2852470930232558 0.009689922480620155 0.021075581395348836
1 0.9952761627906976 0.18313953488372092 0.008963178294573644 0.020348837209302327
4 0.8374515503875969 0.26744186046511625 0.009689922480620155 0.021075581395348836
3 0.8535610465116279 0.26816860465116277 0.01187015503875969 0.030523255813953487
3 0.888202519379845 0.265625 0.01187015503875969 0.030523255813953487
1 0.9854651162790697 0.2512718023255814 0.014050387596899225 0.012718023255813954
4 0.9630571705426356 0.1769622093023256 0.014777131782945737 0.014534883720930232
4 0.9806201550387597 0.20784883720930233 0.009689922480620155 0.021075581395348836
4 0.9635416666666666 0.19295058139534885 0.014777131782945737 0.014534883720930232
3 0.9402858527131783 0.2852470930232558 0.01187015503875969 0.030523255813953487
0 0.9851017441860465 0.2988735465116279 0.02931201550387597 0.05486918604651163