4 0.6574612403100775 0.7249273255813954 0.009689922480620155 0.021075581395348836
4 0.5455426356589147 0.6042877906976745 0.009689922480620155 0.021075581395348836
4 0.5404554263565892 0.6468023255813954 0.009689922480620155 0.021075581395348836
4 0.6564922480620154 0.639171511627907 0.009689922480620155 0.021075581395348836
4 0.6569767441860465 0.6802325581395349 0.009689922480620155 0.021075581395348836
1 0.6701792635658915 0.7249273255813954 0.008478682170542635 0.020348837209302327
1 0.5541424418604651 0.6907703488372093 0.008478682170542635 0.020348837209302327
4 0.7268653100775194 0.6328125 0.015261627906976744 0.013444767441860465
4 0.5110222868217055 0.7371002906976745 0.015261627906976744 0.013444767441860465
4 0.6282703488372093 0.6346293604651163 0.015261627906976744 0.013444767441860465
1 0.46911337209302323 0.9262354651162791 0.008478682170542635 0.021075581395348836
1 0.576671511627907 0.7427325581395349 0.008478682170542635 0.020348837209302327
1 0.6905281007751938 0.6876816860465116 0.012354651162790697 0.03234011627906977
1 0.674781976744186 0.6317223837209303 0.012354651162790697 0.03234011627906977
1 0.763202519379845 0.704578488372093 0.04142441860465116 0.03561046511627907
1 0.4964874031007752 0.7681686046511628 0.022044573643410854 0.019622093023255814
1 0.48728197674418605 0.9000726744186046 0.019137596899224806 0.040697674418604654
1 0.484375 0.8263081395348837 0.019137596899224806 0.040697674418604654
1 0.5546269379844961 0.7434593023255814 0.008478682170542635 0.021075581395348836
4 0.5406976744186046 0.6962209302325582 0.009689922480620155 0.021075581395348836
4 0.5271317829457365 0.9175145348837209 0.009689922480620155 0.021075581395348836
4 0.5734011627906976 0.9990915697674418 0.015503875968992248 0.0010901162790697674
1 0.5938711240310077 0.8946220930232558 0.008478682170542635 0.021075581395348836
1 0.5933866279069767 0.9429505813953488 0.008478682170542635 0.021075581395348836
0 0.6019864341085271 0.682594476744186 0.037306201550387594 0.05704941860465116
0 0.48231589147286824 0.9978197674418605 0.06201550387596899 0.003633720930232558
0 0.6655765503875969 0.9236918604651163 0.09471899224806202 0.15188953488372092
1 0.8022044573643411 0.7830668604651163 0.015746124031007752 0.014534883720930232
1 0.6273013565891473 0.8208575581395349 0.015746124031007752 0.014534883720930232
1 0.674297480620155 0.8208575581395349 0.015746124031007752 0.014534883720930232
1 0.7099079457364341 0.8201308139534884 0.015746124031007752 0.014534883720930232
1 0.7704699612403101 0.9465843023255814 0.015746124031007752 0.014534883720930232
1 0.7760416666666666 0.8546511627906976 0.015746124031007752 0.014534883720930232
1 0.9781976744186046 0.8125 0.009689922480620155 0.021075581395348836
1 0.8798449612403101 0.7318313953488372 0.027131782945736434 0.029796511627906978
1 0.7403100775193798 0.8644622093023255 0.009689922480620155 0.021075581395348836
1 0.9241763565891473 0.8045058139534884 0.009689922480620155 0.021075581395348836
1 0.8410852713178295 0.8059593023255814 0.009689922480620155 0.021075581395348836
1 0.8270348837209303 0.8059593023255814 0.009689922480620155 0.021075581395348836
1 0.8699127906976745 0.8066860465116279 0.009689922480620155 0.021075581395348836
1 0.8558624031007752 0.8059593023255814 0.009689922480620155 0.021075581395348836
1 0.9660852713178295 0.8114098837209303 0.009689922480620155 0.021075581395348836
1 0.8931686046511628 0.7921511627906976 0.009689922480620155 0.021075581395348836
1 0.8805717054263565 0.7925145348837209 0.009689922480620155 0.021075581395348836
1 0.7755571705426356 0.8862645348837209 0.015746124031007752 0.014534883720930232
4 0.5359738372093024 0.7363735465116279 0.015261627906976744 0.013444767441860465
4 0.8019622093023255 0.8206758720930233 0.015261627906976744 0.013444767441860465
4 0.7704699612403101 0.9649345930232558 0.015261627906976744 0.013444767441860465
4 0.8024467054263565 0.8010537790697675 0.015261627906976744 0.013444767441860465
4 0.9962451550387597 0.8275799418604651 0.007025193798449613 0.021438953488372093
4 0.9993943798449613 0.5098110465116279 0.0007267441860465116 0.013808139534883721
1 0.950218023255814 0.5481468023255814 0.018168604651162792 0.04251453488372093
1 0.9812257751937985 0.5488735465116279 0.018168604651162792 0.04251453488372093
1 0.9628149224806202 0.747093023255814 0.015746124031007752 0.014534883720930232
4 0.5930232558139535 0.9880087209302325 0.009689922480620155 0.021075581395348836
4 0.7403100775193798 0.9847383720930233 0.009689922480620155 0.021075581395348836
3 0.9476744186046512 0.6428052325581395 0.05717054263565891 0.09084302325581395