1 0.024588178294573642 0.07594476744186046 0.015746124031007752 0.014534883720930232
1 0.02567829457364341 0.02071220930232558 0.01695736434108527 0.014534883720930232
1 0.02507267441860465 0.03888081395348837 0.015746124031007752 0.014534883720930232
4 0.0907218992248062 0.025617732558139535 0.015261627906976744 0.013444767441860465
4 0.11773255813953488 0.006540697674418605 0.015503875968992248 0.01308139534883721
1 0.05486918604651163 0.17369186046511628 0.015746124031007752 0.014534883720930232
1 0.05608042635658915 0.15661337209302326 0.015746124031007752 0.014534883720930232
1 0.023861434108527133 0.14970930232558138 0.015746124031007752 0.014534883720930232
1 0.023861434108527133 0.18023255813953487 0.015746124031007752 0.014534883720930232
1 0.05123546511627907 0.271984011627907 0.019137596899224806 0.03888081395348837
4 0.06080426356589147 0.20530523255813954 0.009689922480620155 0.021075581395348836
3 0.046632751937984496 0.20603197674418605 0.01187015503875969 0.030523255813953487
1 0.015503875968992248 0.2519985465116279 0.014050387596899225 0.012718023255813954
3 0.24733527131782945 0.27761627906976744 0.016472868217054265 0.036337209302325583
4 0.27325581395348836 0.42405523255813954 0.009689922480620155 0.021075581395348836
4 0.4332606589147287 0.03343023255813953 0.014777131782945737 0.014534883720930232
4 0.04675387596899225 0.3546511627906977 0.009689922480620155 0.021075581395348836
4 0.2139050387596899 0.4582122093023256 0.009689922480620155 0.021075581395348836
4 0.3994670542635659 0.24527616279069767 0.009689922480620155 0.021075581395348836
4 0.2618701550387597 0.42405523255813954 0.009689922480620155 0.021075581395348836
4 0.3684593023255814 0.19585755813953487 0.009689922480620155 0.021075581395348836
4 0.3938953488372093 0.3390261627906977 0.009689922480620155 0.021075581395348836
4 0.3791182170542636 0.3390261627906977 0.009689922480620155 0.021075581395348836
4 0.3866279069767442 0.24600290697674418 0.009689922480620155 0.021075581395348836
4 0.41545542635658916 0.22565406976744187 0.009689922480620155 0.021075581395348836
4 0.21305717054263565 0.37281976744186046 0.014777131782945737 0.014534883720930232
4 0.4015261627906977 0.05377906976744186 0.014777131782945737 0.014534883720930232
1 0.233890503875969 0.4107921511627907 0.008963178294573644 0.022165697674418606
1 0.20167151162790697 0.45984738372093026 0.008963178294573644 0.022165697674418606
1 0.4427083333333333 0.15497819767441862 0.008963178294573644 0.022165697674418606
1 0.21814437984496124 0.41151889534883723 0.008963178294573644 0.022165697674418606
1 0.46124031007751937 0.15679505813953487 0.014050387596899225 0.013444767441860465
1 0.2615067829457364 0.16969476744186046 0.025436046511627907 0.02616279069767442
1 0.2596899224806202 0.3430232558139535 0.027616279069767442 0.02616279069767442
1 0.25835755813953487 0.21475290697674418 0.025920542635658916 0.02616279069767442
1 0.31468023255813954 0.20294331395348839 0.040213178294573645 0.03306686046511628
4 0.22892441860465115 0.0924781976744186 0.03972868217054264 0.03234011627906977
4 0.32630813953488375 0.11864098837209303 0.03972868217054264 0.03234011627906977
1 0.2724079457364341 0.27834302325581395 0.022044573643410854 0.059593023255813955
0 0.32606589147286824 0.3001453488372093 0.060562015503875966 0.07122093023255814
0 0.4032218992248062 0.13299418604651161 0.038517441860465115 0.05450581395348837
1 0.39377422480620156 0.2160247093023256 0.014777131782945737 0.013444767441860465
1 0.26780523255813954 0.12917877906976744 0.015261627906976744 0.013444767441860465
1 0.26780523255813954 0.11319040697674419 0.015261627906976744 0.013444767441860465
1 0.29748062015503873 0.023800872093023256 0.01937984496124031 0.04760174418604651
1 0.3246124031007752 0.023800872093023256 0.01937984496124031 0.04760174418604651
1 0.25169573643410853 0.02162063953488372 0.01937984496124031 0.04324127906976744
1 0.4332606589147287 0.05450581395348837 0.014777131782945737 0.014534883720930232
1 0.22940891472868216 0.0012718023255813954 0.012596899224806201 0.002543604651162791
1 0.19924903100775193 0.0041787790697674415 0.017684108527131783 0.008357558139534883
4 0.1690891472868217 0.009992732558139535 0.009205426356589148 0.01998546511627907
4 0.2770106589147287 0.024527616279069766 0.008963178294573644 0.022892441860465115
4 0.21426841085271317 0.033248546511627904 0.008963178294573644 0.022892441860465115
4 0.18156492248062014 0.0201671511627907 0.008963178294573644 0.022892441860465115
0 0.015019379844961241 0.2988735465116279 0.030038759689922482 0.05486918604651163
3 0.32533914728682173 0.4320494186046512 0.05717054263565891 0.09084302325581395