4 0.17659883720930233 0.6540697674418605 0.009689922480620155 0.021075581395348836
1 0.1348110465116279 0.6646075581395349 0.015746124031007752 0.014534883720930232
1 0.05438468992248062 0.6213662790697675 0.015746124031007752 0.014534883720930232
1 0.07933624031007752 0.7209302325581395 0.015746124031007752 0.014534883720930232
1 0.018289728682170544 0.8448401162790697 0.015746124031007752 0.014534883720930232
1 0.017078488372093022 0.8771802325581395 0.015746124031007752 0.014534883720930232
1 0.03330910852713178 0.9556686046511628 0.015746124031007752 0.014534883720930232
1 0.026768410852713177 0.9876453488372093 0.015746124031007752 0.014534883720930232
4 0.03330910852713178 0.9714752906976745 0.015261627906976744 0.013444767441860465
4 0.028706395348837208 0.9129723837209303 0.015261627906976744 0.013444767441860465
4 0.032097868217054265 0.5103561046511628 0.015261627906976744 0.013444767441860465
4 0.11761143410852713 0.9874636627906976 0.015261627906976744 0.013444767441860465
4 0.11773255813953488 0.9994549418604651 0.015503875968992248 0.0003633720930232558
4 0.1816860465116279 0.965843023255814 0.009689922480620155 0.021075581395348836
4 0.07776162790697674 0.576671511627907 0.009689922480620155 0.021075581395348836
4 0.0013323643410852713 0.8275799418604651 0.0026647286821705426 0.021438953488372093
4 0.09786821705426356 0.7093023255813954 0.009689922480620155 0.021075581395348836
4 0.38747577519379844 0.6749636627906976 0.015261627906976744 0.013444767441860465
4 0.007267441860465116 0.5098110465116279 0.014534883720930232 0.013808139534883721
4 0.05935077519379845 0.7111191860465116 0.009689922480620155 0.021075581395348836
1 0.07412790697674419 0.5216206395348837 0.01308139534883721 0.03234011627906977
1 0.052567829457364344 0.649890988372093 0.040213178294573645 0.03379360465116279
1 0.22710755813953487 0.6364462209302325 0.018653100775193797 0.03888081395348837
1 0.11494670542635659 0.7163880813953488 0.018653100775193797 0.03888081395348837
1 0.19561531007751937 0.6428052325581395 0.012354651162790697 0.03125
1 0.2094234496124031 0.6433502906976745 0.008478682170542635 0.022165697674418606
1 0.09144864341085271 0.9236918604651163 0.028343023255813952 0.029796511627906978
1 0.09156976744186046 0.9578488372093024 0.027131782945736434 0.025436046511627907
1 0.15031492248062014 0.938953488372093 0.018168604651162792 0.03997093023255814
1 0.13190406976744187 0.9320494186046512 0.008478682170542635 0.021075581395348836
1 0.42962693798449614 0.9349563953488372 0.019137596899224806 0.059593023255813955
1 0.29748062015503873 0.993640988372093 0.01937984496124031 0.011991279069767442
1 0.3246124031007752 0.993640988372093 0.01937984496124031 0.011991279069767442
1 0.25169573643410853 0.9914607558139535 0.01937984496124031 0.016351744186046513
1 0.38287306201550386 0.9400436046511628 0.019137596899224806 0.059593023255813955
1 0.3634932170542636 0.846656976744186 0.019137596899224806 0.059593023255813955
1 0.22940891472868216 0.9852834302325582 0.012596899224806201 0.028706395348837208
1 0.16848352713178294 0.9665697674418605 0.008963178294573644 0.020348837209302327
1 0.4279312015503876 0.7745276162790697 0.04142441860465116 0.03306686046511628
1 0.4284156976744186 0.8533793604651163 0.04142441860465116 0.03306686046511628
1 0.4284156976744186 0.8144985465116279 0.04142441860465116 0.03306686046511628
1 0.389171511627907 0.7421875 0.02252906976744186 0.018531976744186048
1 0.38723352713178294 0.7185683139534884 0.015261627906976744 0.013444767441860465
1 0.3540455426356589 0.7698037790697675 0.008963178294573644 0.022165697674418606
1 0.3809350775193798 0.7799781976744186 0.01187015503875969 0.03234011627906977
1 0.19924903100775193 0.984375 0.017684108527131783 0.030523255813953487
1 0.3594961240310077 0.9503997093023255 0.01744186046511628 0.03888081395348837
4 0.1690891472868217 0.9981831395348837 0.009205426356589148 0.0029069767441860465
4 0.3487160852713178 0.6444404069767442 0.008963178294573644 0.022892441860465115
4 0.36688468992248063 0.7803415697674418 0.008963178294573644 0.022892441860465115
1 0.2474563953488372 0.637718023255814 0.01187015503875969 0.03125
1 0.22977228682170542 0.5572311046511628 0.04142441860465116 0.03379360465116279
1 0.2612645348837209 0.6373546511627907 0.008963178294573644 0.021075581395348836
1 0.27349806201550386 0.6382630813953488 0.009689922480620155 0.022165697674418606
1 0.32982073643410853 0.6437136627906976 0.012354651162790697 0.03306686046511628
1 0.31286337209302323 0.6429869186046512 0.012354651162790697 0.03306686046511628
1 0.36179748062015504 0.6428052325581395 0.008963178294573644 0.020348837209302327
1 0.34605135658914726 0.7038517441860465 0.008963178294573644 0.020348837209302327
4 0.297843992248062 0.6411700581395349 0.008963178294573644 0.022892441860465115
4 0.07909399224806202 0.7378270348837209 0.015261627906976744 0.013444767441860465
4 0.359859496124031 0.6749636627906976 0.015261627906976744 0.013444767441860465
4 0.14704457364341086 0.737281976744186 0.009689922480620155 0.021075581395348836
0 0.24624515503875968 0.8204941860465116 0.11942829457364341 0.17659883720930233
3 0.12536337209302326 0.5659520348837209 0.05547480620155039 0.08829941860465117
3 0.07727713178294573 0.8125 0.05717054263565891 0.09084302325581395
0 0.03282461240310078 0.5726744186046512 0.03803294573643411 0.06976744186046512