1 0.4405281007751938 0.4480377906976744 0.023498062015503876 0.019622093023255814
1 0.32618701550387597 0.45094476744186046 0.023498062015503876 0.019622093023255814
0 0.12742248062015504 0.8739098837209303 0.2548449612403101 0.251453488372093
4 0.3167393410852713 0.837390988372093 0.0249515503875969 0.021438953488372093
4 0.2782218992248062 0.665515988372093 0.0249515503875969 0.022165697674418606
4 0.06189437984496124 0.5703125 0.014777131782945737 0.037427325581395346
4 0.08878391472868218 0.5695857558139535 0.014777131782945737 0.037427325581395346
4 0.11664244186046512 0.5684956395348837 0.013808139534883721 0.035247093023255814
4 0.007146317829457364 0.5697674418604651 0.014292635658914728 0.0377906976744186
4 0.033551356589147284 0.5699491279069767 0.013808139534883721 0.035247093023255814
4 0.14353197674418605 0.5684956395348837 0.013808139534883721 0.03670058139534884
4 0.43980135658914726 0.4894622093023256 0.025920542635658916 0.020348837209302327
4 0.3269137596899225 0.4901889534883721 0.025920542635658916 0.020348837209302327
2 0.33042635658914726 0.6662427325581395 0.03294573643410853 0.030159883720930234