2 0.6549176356589147 0.4089752906976744 0.021560077519379845 0.05486918604651163
2 0.5933866279069767 0.4097020348837209 0.021560077519379845 0.05486918604651163
2 0.28355135658914726 0.41188226744186046 0.021560077519379845 0.05486918604651163
2 0.21862887596899225 0.412609011627907 0.021560077519379845 0.05486918604651163
2 0.40734011627906974 0.412609011627907 0.021560077519379845 0.05486918604651163
2 0.34532461240310075 0.412609011627907 0.021560077519379845 0.05486918604651163
2 0.5304021317829457 0.41115552325581395 0.021560077519379845 0.05486918604651163
2 0.4688711240310077 0.41188226744186046 0.021560077519379845 0.05486918604651163
0 0.12742248062015504 0.0806686046511628 0.2548449612403101 0.1613372093023256
4 0.5070251937984496 0.2934229651162791 0.04699612403100775 0.0345203488372093
4 0.42102713178294576 0.2948764534883721 0.04699612403100775 0.0345203488372093