1 0.41266957364341084 0.1257267441860465 0.023498062015503876 0.020348837209302327
1 0.4635416666666667 0.12445494186046512 0.02446705426356589 0.022165697674418606
0 0.9893410852713178 0.0806686046511628 0.020833333333333332 0.1613372093023256
4 0.6212451550387597 0.0612281976744186 0.014292635658914728 0.035247093023255814
4 0.8156492248062015 0.08702761627906977 0.04748062015503876 0.03670058139534884
4 0.7575096899224806 0.08702761627906977 0.04748062015503876 0.03670058139534884
4 0.5577761627906976 0.47837936046511625 0.0249515503875969 0.022165697674418606
4 0.9599079457364341 0.22474563953488372 0.023982558139534885 0.02071220930232558
5 0.4373788759689923 0.04941860465116279 0.14704457364341086 0.09520348837209303
5 0.7686531007751938 0.49509447674418605 0.041666666666666664 0.030159883720930234
5 0.5036337209302325 0.49582122093023256 0.041666666666666664 0.030159883720930234
5 0.6368701550387597 0.4980014534883721 0.041666666666666664 0.030159883720930234