1 0.45578972868217055 0.5890261627906976 0.03512596899224806 0.06613372093023256
1 0.5139292635658915 0.5993822674418605 0.014777131782945737 0.03815406976744186
1 0.5907218992248062 0.6646075581395349 0.02446705426356589 0.020348837209302327
1 0.42986918604651164 0.7347383720930233 0.02446705426356589 0.020348837209302327
1 0.5066618217054264 0.4140625 0.02446705426356589 0.02071220930232558
1 0.701671511627907 0.41188226744186046 0.02446705426356589 0.02071220930232558
1 0.795906007751938 0.5724927325581395 0.023498062015503876 0.02071220930232558
1 0.6256056201550387 0.35119912790697677 0.014292635658914728 0.037427325581395346
1 0.4281734496124031 0.3475654069767442 0.015261627906976744 0.037427325581395346
1 0.39026162790697677 0.9136991279069767 0.013565891472868217 0.03670058139534884
2 0.38844476744186046 0.6393531976744186 0.019622093023255814 0.056322674418604654
0 0.6018653100775194 0.5619549418604651 0.047722868217054265 0.13117732558139536
0 0.5144137596899225 0.30832122093023256 0.047722868217054265 0.13117732558139536
0 0.7164486434108527 0.30759447674418605 0.047722868217054265 0.13117732558139536
0 0.8131056201550387 0.6642441860465116 0.056443798449612406 0.10755813953488372
0 0.45494186046511625 0.873546511627907 0.10271317829457365 0.11773255813953488
0 0.9893410852713178 0.8739098837209303 0.020833333333333332 0.251453488372093
4 0.4289001937984496 0.28106831395348836 0.015746124031007752 0.03670058139534884
4 0.49769864341085274 0.20948401162790697 0.023498062015503876 0.02071220930232558
4 0.6273013565891473 0.27961482558139533 0.014777131782945737 0.03670058139534884
4 0.6994912790697675 0.20730377906976744 0.023013565891472867 0.02071220930232558
4 0.5895106589147286 0.4543968023255814 0.023982558139534885 0.022165697674418606
4 0.5158672480620154 0.5332485465116279 0.014777131782945737 0.03670058139534884
4 0.34459786821705424 0.6680595930232558 0.0249515503875969 0.021438953488372093
4 0.7418846899224806 0.6226380813953488 0.014292635658914728 0.03597383720930233
4 0.8964389534883721 0.6535247093023255 0.023982558139534885 0.022165697674418606
4 0.8961967054263565 0.5710392441860465 0.014777131782945737 0.037427325581395346
4 0.9783187984496124 0.5703125 0.014777131782945737 0.037427325581395346
4 0.9240552325581395 0.5703125 0.014777131782945737 0.037427325581395346
4 0.9514292635658915 0.5714026162790697 0.013808139534883721 0.035247093023255814
4 0.999515503875969 0.5697674418604651 0.00048449612403100775 0.0377906976744186