4 0.42381298449612403 0.5179869186046512 0.023982558139534885 0.07303779069767442
0 0.1303294573643411 0.518531976744186 0.054748062015503876 0.18095930232558138
1 0.5031492248062015 0.4024345930232558 0.020833333333333332 0.04614825581395349
1 0.23631298449612403 0.014171511627906976 0.021075581395348836 0.028343023255813952
1 0.1739341085271318 0.13644622093023256 0.020833333333333332 0.04614825581395349
1 0.05862403100775194 0.20803052325581395 0.020833333333333332 0.04614825581395349
1 0.3026889534883721 0.5621366279069767 0.02882751937984496 0.030523255813953487
1 0.3855377906976744 0.06286337209302326 0.02882751937984496 0.030523255813953487
1 0.4969718992248062 0.13517441860465115 0.02882751937984496 0.030523255813953487
1 0.06455910852713179 0.015625 0.02882751937984496 0.030523255813953487
1 0.0844234496124031 0.4015261627906977 0.02882751937984496 0.030523255813953487
1 0.15152616279069767 0.39861918604651164 0.02882751937984496 0.030523255813953487
4 0.23679748062015504 0.5675872093023255 0.03125 0.030523255813953487
4 0.32061531007751937 0.013808139534883721 0.048207364341085274 0.027616279069767442
4 0.45118701550387597 0.39752906976744184 0.03125 0.030523255813953487
0 0.007025193798449613 0.10192587209302326 0.014050387596899225 0.18132267441860464
0 0.47189922480620156 0.2565406976744186 0.054748062015503876 0.18095930232558138
0 0.48074127906976744 0.05032703488372093 0.05499031007751938 0.10065406976744186
0 0.0042393410852713176 0.5192587209302325 0.008478682170542635 0.18023255813953487
0 0.005087209302325582 0.3094113372093023 0.010174418604651164 0.18132267441860464
0 0.13420542635658914 0.2768895348837209 0.054748062015503876 0.18095930232558138
0 0.3064437984496124 0.3105014534883721 0.13662790697674418 0.42986918604651164