4 0.16739341085271317 0.4367732558139535 0.04796511627906977 0.037063953488372096
4 0.2323158914728682 0.4407703488372093 0.04796511627906977 0.037063953488372096
0 0.062257751937984496 0.5021802325581395 0.09593023255813954 0.1438953488372093
1 0.5218023255813954 0.6219113372093024 0.020833333333333332 0.04614825581395349
1 0.23631298449612403 0.990734011627907 0.021075581395348836 0.017805232558139535
1 0.406734496124031 0.8849927325581395 0.020833333333333332 0.04614825581395349
1 0.12233527131782945 0.7734375 0.020833333333333332 0.04614825581395349
1 0.41472868217054265 0.4812863372093023 0.020833333333333332 0.04614825581395349
1 0.265625 0.5563226744186046 0.02882751937984496 0.030523255813953487
1 0.4998788759689923 0.8884447674418605 0.02882751937984496 0.030523255813953487
4 0.3679748062015504 0.9676598837209303 0.020348837209302327 0.04433139534883721
4 0.32061531007751937 0.9949127906976745 0.048207364341085274 0.00944767441860465
4 0.40867248062015504 0.5806686046511628 0.020348837209302327 0.04433139534883721
4 0.406734496124031 0.6780523255813954 0.020348837209302327 0.04433139534883721
4 0.29651162790697677 0.44476744186046513 0.04796511627906977 0.037063953488372096
4 0.3596172480620155 0.5554142441860465 0.03125 0.03234011627906977
0 0.046027131782945735 0.7965116279069767 0.054748062015503876 0.18095930232558138
0 0.48074127906976744 0.959484011627907 0.05499031007751938 0.08030523255813954
4 0.4586967054263566 0.6259084302325582 0.023982558139534885 0.07303779069767442
0 0.26501937984496127 0.7658066860465116 0.1875 0.28888081395348836