1 0.9539728682170543 0.3624636627906977 0.020833333333333332 0.04251453488372093
1 0.49188468992248063 0.536155523255814 0.02882751937984496 0.028706395348837208
1 0.9553052325581395 0.48601017441860467 0.02882751937984496 0.028706395348837208
1 0.955547480620155 0.5357921511627907 0.02882751937984496 0.028706395348837208
4 0.9960029069767442 0.27180232558139533 0.0075096899224806205 0.07049418604651163
4 0.997577519379845 0.389171511627907 0.00436046511627907 0.06758720930232558
4 0.4876453488372093 0.4731104651162791 0.030038759689922482 0.030523255813953487
4 0.9549418604651163 0.4355014534883721 0.030038759689922482 0.028706395348837208
4 0.9537306201550387 0.5828488372093024 0.030038759689922482 0.030523255813953487
0 0.9828003875968992 0.0962936046511628 0.03391472868217054 0.1925872093023256
0 0.8224321705426356 0.4772892441860465 0.1816860465116279 0.2714389534883721
2 0.6841085271317829 0.3695494186046512 0.08478682170542635 0.09447674418604651