1 0.07218992248062016 0.8937136627906976 0.020833333333333332 0.04251453488372093
1 0.29554263565891475 0.8591933139534884 0.020833333333333332 0.04251453488372093
1 0.3633720930232558 0.8610101744186046 0.020833333333333332 0.04251453488372093
1 0.026526162790697673 0.9256904069767442 0.02882751937984496 0.028706395348837208
4 0.3282461240310077 0.8539244186046512 0.020348837209302327 0.04505813953488372
0 0.1655765503875969 0.6179142441860465 0.26429263565891475 0.2779796511627907
0 0.057897286821705425 0.9836482558139535 0.11579457364341085 0.03197674418604651
1 0.01623062015503876 0.8615552325581395 0.03246124031007752 0.09447674418604651
3 0.4178779069767442 0.563953488372093 0.11094961240310078 0.06686046511627906
4 0.5278585271317829 0.825218023255814 0.0188953488372093 0.04505813953488372
1 0.36785368217054265 0.708030523255814 0.06128875968992248 0.14280523255813954
0 0.4737160852713178 0.6914970930232558 0.11652131782945736 0.0806686046511628
4 0.5284641472868217 0.5650436046511628 0.020106589147286823 0.04433139534883721
1 0.21463178294573643 0.864280523255814 0.020833333333333332 0.04251453488372093
0 0.33502906976744184 0.9789244186046512 0.32025193798449614 0.04142441860465116
0 0.4599079457364341 0.8553779069767442 0.10537790697674419 0.10537790697674419