1 0.35247093023255816 0.5274345930232558 0.020833333333333332 0.04251453488372093
1 0.5265261627906976 0.34484011627906974 0.020106589147286823 0.04433139534883721
1 0.13880813953488372 0.2142078488372093 0.020833333333333332 0.04251453488372093
1 0.14026162790697674 0.32067587209302323 0.020833333333333332 0.04251453488372093
1 0.07243217054263566 0.2690770348837209 0.020833333333333332 0.04251453488372093
1 0.054626937984496124 0.5801235465116279 0.02882751937984496 0.028706395348837208
4 0.1441375968992248 0.45603197674418605 0.045542635658914726 0.03488372093023256
4 0.008599806201550387 0.27180232558139533 0.017199612403100775 0.07049418604651163
4 0.010174418604651164 0.389171511627907 0.020348837209302327 0.06758720930232558
4 0.07582364341085271 0.3882630813953488 0.024709302325581394 0.07013081395348837
4 0.3185562015503876 0.5276162790697675 0.020348837209302327 0.04505813953488372
4 0.1403827519379845 0.549781976744186 0.019622093023255814 0.04505813953488372
0 0.057897286821705425 0.0962936046511628 0.11579457364341085 0.1925872093023256
0 0.048328488372093026 0.4960029069767442 0.052567829457364344 0.10247093023255814
4 0.1690891472868217 0.5505087209302325 0.020348837209302327 0.04505813953488372
1 0.528343023255814 0.17732558139534885 0.0188953488372093 0.04215116279069767
0 0.33502906976744184 0.21747819767441862 0.32025193798449614 0.43495639534883723
0 0.24903100775193798 0.5357921511627907 0.09544573643410853 0.10356104651162791