2 0.4808624031007752 0.5508720930232558 0.07800387596899225 0.10247093023255814
0 0.6813226744186046 0.5812136627906976 0.17030038759689922 0.17623546511627908
1 0.8280038759689923 0.4394985465116279 0.020833333333333332 0.04251453488372093
1 0.9464631782945736 0.6633357558139535 0.020833333333333332 0.04251453488372093
1 0.9371366279069767 0.5317950581395349 0.02882751937984496 0.028706395348837208
1 0.9407703488372093 0.5972020348837209 0.02882751937984496 0.028706395348837208
4 0.8267926356589147 0.5336119186046512 0.024709302325581394 0.07013081395348837
4 0.8888081395348837 0.787609011627907 0.036337209302325583 0.06286337209302326
4 0.9451308139534884 0.7610828488372093 0.019137596899224806 0.04324127906976744
4 0.8284883720930233 0.7894258720930233 0.036337209302325583 0.06286337209302326
4 0.827640503875969 0.6660610465116279 0.0375484496124031 0.06540697674418605
0 0.9828003875968992 0.9836482558139535 0.03391472868217054 0.03197674418604651
1 0.9680232558139535 0.8615552325581395 0.06346899224806202 0.09447674418604651