4 0.17478197674418605 0.264171511627907 0.023982558139534885 0.020348837209302327
4 0.023498062015503876 0.12427325581395349 0.022771317829457363 0.020348837209302327
4 0.052083333333333336 0.06976744186046512 0.02131782945736434 0.020348837209302327
4 0.08381782945736434 0.10428779069767442 0.02131782945736434 0.020348837209302327
4 0.05281007751937984 0.015988372093023256 0.02131782945736434 0.020348837209302327
4 0.45130813953488375 0.13590116279069767 0.02131782945736434 0.020348837209302327
4 0.07957848837209303 0.38317587209302323 0.012354651162790697 0.03306686046511628
4 0.1161579457364341 0.27089389534883723 0.012354651162790697 0.03306686046511628
4 0.10985949612403101 0.023800872093023256 0.012354651162790697 0.03306686046511628
1 0.04748062015503876 0.265625 0.03439922480620155 0.09520348837209303
5 0.12294089147286821 0.4164244186046512 0.05499031007751938 0.0377906976744186
1 0.32751937984496127 0.07903343023255814 0.011627906976744186 0.030886627906976744
1 0.3802083333333333 0.07976017441860465 0.012354651162790697 0.030886627906976744
1 0.34508236434108525 0.08012354651162791 0.012839147286821706 0.030886627906976744
1 0.344718992248062 0.1320857558139535 0.011627906976744186 0.030886627906976744
1 0.3092296511627907 0.0793968023255814 0.012354651162790697 0.030886627906976744
1 0.36325096899224807 0.13244912790697674 0.012354651162790697 0.030886627906976744
1 0.36155523255813954 0.08012354651162791 0.012354651162790697 0.030886627906976744
1 0.3624031007751938 0.027071220930232558 0.011627906976744186 0.030886627906976744
1 0.41436531007751937 0.02779796511627907 0.012354651162790697 0.030886627906976744
1 0.3792393410852713 0.028161337209302327 0.012839147286821706 0.030886627906976744
1 0.30862403100775193 0.027071220930232558 0.011627906976744186 0.030886627906976744
1 0.34411337209302323 0.026344476744186048 0.012354651162790697 0.030886627906976744
1 0.3269137596899225 0.026344476744186048 0.012839147286821706 0.030886627906976744
1 0.3964389534883721 0.027071220930232558 0.012354651162790697 0.030886627906976744
1 0.20445736434108527 0.02779796511627907 0.011627906976744186 0.030886627906976744
1 0.25714631782945735 0.026344476744186048 0.012354651162790697 0.030886627906976744
1 0.2220203488372093 0.02779796511627907 0.012839147286821706 0.030886627906976744
1 0.1514050387596899 0.02779796511627907 0.011627906976744186 0.030886627906976744
1 0.18616763565891473 0.028161337209302327 0.012354651162790697 0.030886627906976744
1 0.16824127906976744 0.028161337209302327 0.012839147286821706 0.030886627906976744
1 0.2392199612403101 0.02779796511627907 0.012354651162790697 0.030886627906976744
1 0.20300387596899225 0.07903343023255814 0.011627906976744186 0.030886627906976744
1 0.25641957364341084 0.08085029069767442 0.012354651162790697 0.030886627906976744
1 0.2220203488372093 0.08012354651162791 0.012839147286821706 0.030886627906976744
1 0.15213178294573643 0.08012354651162791 0.011627906976744186 0.030886627906976744
1 0.18689437984496124 0.08157703488372094 0.012354651162790697 0.030886627906976744
1 0.16969476744186046 0.08157703488372094 0.012839147286821706 0.030886627906976744
1 0.2392199612403101 0.08012354651162791 0.012354651162790697 0.030886627906976744
1 0.3083817829457364 0.13244912790697674 0.011627906976744186 0.030886627906976744
1 0.326671511627907 0.1328125 0.012839147286821706 0.030886627906976744
1 0.20445736434108527 0.13462936046511628 0.011627906976744186 0.030886627906976744
1 0.25641957364341084 0.13317587209302326 0.012354651162790697 0.030886627906976744
1 0.2212936046511628 0.13244912790697674 0.012839147286821706 0.030886627906976744
1 0.1854408914728682 0.1328125 0.012354651162790697 0.030886627906976744
1 0.2392199612403101 0.13244912790697674 0.012354651162790697 0.030886627906976744
1 0.28306686046511625 0.01398982558139535 0.020591085271317828 0.019258720930232558
1 0.5169573643410853 0.16424418604651161 0.040213178294573645 0.03997093023255814
1 0.04009205426356589 0.16787790697674418 0.03948643410852713 0.0377906976744186
2 0.6178536821705426 0.2530886627906977 0.025920542635658916 0.07957848837209303
4 0.2800387596899225 0.28179505813953487 0.013565891472868217 0.03306686046511628
4 0.5325823643410853 0.0061773255813953485 0.021560077519379845 0.012354651162790697
4 0.5324612403100775 0.029069767441860465 0.02131782945736434 0.020348837209302327
4 0.5324612403100775 0.0559593023255814 0.02131782945736434 0.020348837209302327
4 0.49830426356589147 0.08793604651162791 0.02131782945736434 0.020348837209302327
4 0.49733527131782945 0.11300872093023256 0.02131782945736434 0.020348837209302327
4 0.4423449612403101 0.046875 0.02131782945736434 0.020348837209302327
4 0.5055717054263565 0.048510174418604654 0.013565891472868217 0.03306686046511628
4 0.4888565891472868 0.049600290697674417 0.013565891472868217 0.03306686046511628
4 0.5261627906976745 0.10555959302325581 0.013565891472868217 0.03306686046511628
4 0.42005813953488375 0.24037063953488372 0.013565891472868217 0.03306686046511628
4 0.29723837209302323 0.2799781976744186 0.013565891472868217 0.03306686046511628