4 0.052567829457364344 0.9618459302325582 0.02131782945736434 0.020348837209302327
4 0.05184108527131783 0.9349563953488372 0.02131782945736434 0.020348837209302327
4 0.08551356589147287 0.9356831395348837 0.02131782945736434 0.020348837209302327
4 0.12136627906976744 0.9222383720930233 0.02131782945736434 0.020348837209302327
4 0.14147286821705427 0.9756540697674418 0.02131782945736434 0.020348837209302327
4 0.05159883720930233 0.8328488372093024 0.02131782945736434 0.020348837209302327
4 0.10985949612403101 0.9798328488372093 0.012354651162790697 0.03306686046511628
1 0.30910852713178294 0.8163154069767442 0.011627906976744186 0.030886627906976744
1 0.0809108527131783 0.7890625 0.011627906976744186 0.030886627906976744
1 0.13250968992248063 0.790515988372093 0.011627906976744186 0.030886627906976744
1 0.0806686046511628 0.8951671511627907 0.011627906976744186 0.030886627906976744
1 0.3195251937984496 0.6251816860465116 0.011627906976744186 0.030886627906976744
1 0.20324612403100775 0.620094476744186 0.011627906976744186 0.030886627906976744
1 0.2772529069767442 0.7038517441860465 0.012354651162790697 0.03197674418604651
1 0.2560562015503876 0.7371002906976745 0.011627906976744186 0.030886627906976744
1 0.34459786821705424 0.8152252906976745 0.012354651162790697 0.030886627906976744
1 0.326671511627907 0.8152252906976745 0.012839147286821706 0.030886627906976744
1 0.22165697674418605 0.7897892441860465 0.011627906976744186 0.030886627906976744
1 0.25641957364341084 0.7897892441860465 0.012354651162790697 0.030886627906976744
1 0.2392199612403101 0.7886991279069767 0.012839147286821706 0.030886627906976744
1 0.1686046511627907 0.9209665697674418 0.011627906976744186 0.030886627906976744
1 0.20409399224806202 0.9220566860465116 0.012354651162790697 0.030886627906976744
1 0.18689437984496124 0.9220566860465116 0.012839147286821706 0.030886627906976744
1 0.22165697674418605 0.9220566860465116 0.011627906976744186 0.030886627906976744
1 0.25641957364341084 0.9209665697674418 0.012354651162790697 0.030886627906976744
1 0.23849321705426357 0.9220566860465116 0.012839147286821706 0.030886627906976744
1 0.22165697674418605 0.8421148255813954 0.011627906976744186 0.030886627906976744
1 0.2556928294573643 0.8421148255813954 0.012354651162790697 0.030886627906976744
1 0.2392199612403101 0.8432049418604651 0.012839147286821706 0.030886627906976744
1 0.1686046511627907 0.8424781976744186 0.011627906976744186 0.030886627906976744
1 0.2033672480620155 0.8435683139534884 0.012354651162790697 0.030886627906976744
1 0.18616763565891473 0.8435683139534884 0.012839147286821706 0.030886627906976744
1 0.36119186046511625 0.8682776162790697 0.011627906976744186 0.030886627906976744
1 0.3966812015503876 0.8671875 0.012354651162790697 0.030886627906976744
1 0.3787548449612403 0.8682776162790697 0.012839147286821706 0.030886627906976744
1 0.30886627906976744 0.868640988372093 0.011627906976744186 0.030886627906976744
1 0.3436288759689923 0.868640988372093 0.012354651162790697 0.030886627906976744
1 0.327156007751938 0.868640988372093 0.012839147286821706 0.030886627906976744
1 0.36216085271317827 0.9209665697674418 0.011627906976744186 0.030886627906976744
1 0.4155765503875969 0.9216933139534884 0.012354651162790697 0.030886627906976744
1 0.3789970930232558 0.9209665697674418 0.012839147286821706 0.030886627906976744
1 0.30910852713178294 0.9209665697674418 0.011627906976744186 0.030886627906976744
1 0.34459786821705424 0.9202398255813954 0.012354651162790697 0.030886627906976744
1 0.326671511627907 0.9213299418604651 0.012839147286821706 0.030886627906976744
1 0.3961967054263566 0.9209665697674418 0.012354651162790697 0.030886627906976744
1 0.30414244186046513 0.9747456395348837 0.033672480620155036 0.030159883720930234
1 0.18737887596899225 0.973655523255814 0.033672480620155036 0.030159883720930234
1 0.23655523255813954 0.9747456395348837 0.033672480620155036 0.030159883720930234
1 0.2813711240310077 0.9175145348837209 0.018653100775193797 0.04941860465116279
1 0.21329941860465115 0.8819040697674418 0.020591085271317828 0.01744186046511628
1 0.483406007751938 0.8695494186046512 0.012354651162790697 0.034156976744186045
1 0.3094718992248062 0.7634447674418605 0.012354651162790697 0.034156976744186045
1 0.41436531007751937 0.7906976744186046 0.012354651162790697 0.034156976744186045
1 0.18556201550387597 0.6193677325581395 0.011627906976744186 0.030886627906976744
1 0.40261627906976744 0.9729287790697675 0.03294573643410853 0.030159883720930234
1 0.35271317829457366 0.973655523255814 0.03294573643410853 0.030159883720930234
1 0.3339389534883721 0.573219476744186 0.020591085271317828 0.019258720930232558
1 0.3334544573643411 0.5463299418604651 0.020591085271317828 0.019258720930232558
1 0.03330910852713178 0.7152979651162791 0.020591085271317828 0.019258720930232558
1 0.03403585271317829 0.6880450581395349 0.020591085271317828 0.019258720930232558
1 0.06940406976744186 0.6644258720930233 0.020591085271317828 0.019258720930232558
1 0.06988856589147287 0.6378997093023255 0.020591085271317828 0.019258720930232558
4 0.10465116279069768 0.8488372093023255 0.02131782945736434 0.020348837209302327
4 0.39219961240310075 0.7162063953488372 0.02131782945736434 0.020348837209302327
4 0.438953488372093 0.842296511627907 0.02131782945736434 0.020348837209302327
4 0.44137596899224807 0.9774709302325582 0.02131782945736434 0.020348837209302327
4 0.3008720930232558 0.7082122093023255 0.02131782945736434 0.020348837209302327
4 0.4949127906976744 0.9320494186046512 0.02131782945736434 0.020348837209302327
4 0.5324612403100775 0.9763808139534884 0.02131782945736434 0.020348837209302327
4 0.5325823643410853 0.9956395348837209 0.021560077519379845 0.007994186046511628
4 0.6167635658914729 0.6219113372093024 0.013565891472868217 0.03306686046511628
4 0.3374515503875969 0.6259084302325582 0.013565891472868217 0.03306686046511628
4 0.5285852713178295 0.6248183139534884 0.013565891472868217 0.03306686046511628
4 0.5457848837209303 0.6233648255813954 0.013565891472868217 0.03306686046511628
4 0.5646802325581395 0.6226380813953488 0.013565891472868217 0.03306686046511628
4 0.5809108527131783 0.6237281976744186 0.013565891472868217 0.03306686046511628
4 0.5993217054263565 0.6230014534883721 0.013565891472868217 0.03306686046511628
0 0.2751937984496124 0.6355377906976745 0.060562015503875966 0.0690406976744186