0 0.5414244186046512 0.8966206395348837 0.0750968992248062 0.10792151162790697
3 0.887718023255814 0.9533066860465116 0.11942829457364341 0.09265988372093023
0 0.8756056201550387 0.7981468023255814 0.11070736434108527 0.13626453488372092
3 0.9227228682170543 0.6340843023255814 0.054748062015503876 0.10465116279069768
1 0.9170300387596899 0.5414244186046512 0.03173449612403101 0.029796511627906978
0 0.6196705426356589 0.6678779069767442 0.07848837209302326 0.13444767441860464
5 0.7910610465116279 0.6460755813953488 0.03948643410852713 0.03561046511627907
5 0.6179748062015504 0.5597747093023255 0.02374031007751938 0.056322674418604654
5 0.7332848837209303 0.5597747093023255 0.02374031007751938 0.056322674418604654
5 0.7430959302325582 0.6471656976744186 0.03948643410852713 0.03561046511627907
1 0.8292151162790697 0.5528706395348837 0.03827519379844961 0.037427325581395346
1 0.5712209302325582 0.7543604651162791 0.01986434108527132 0.0188953488372093
1 0.6727228682170543 0.5824854651162791 0.01986434108527132 0.0188953488372093
4 0.6715116279069767 0.5432412790697675 0.020348837209302327 0.02180232558139535
4 0.8691860465116279 0.6275436046511628 0.01308139534883721 0.03343023255813953
1 0.5719476744186046 0.7790697674418605 0.01986434108527132 0.0188953488372093
4 0.5712209302325582 0.5668604651162791 0.01308139534883721 0.03343023255813953
4 0.7853682170542635 0.5621366279069767 0.01308139534883721 0.03343023255813953
4 0.7095445736434108 0.6188226744186046 0.01308139534883721 0.03343023255813953
4 0.7102713178294574 0.6642441860465116 0.01308139534883721 0.03343023255813953
4 0.8691860465116279 0.5850290697674418 0.01308139534883721 0.03343023255813953
4 0.8332122093023255 0.6566133720930233 0.021075581395348836 0.019622093023255814
4 0.8332122093023255 0.6300872093023255 0.021075581395348836 0.019622093023255814
1 0.8688226744186046 0.6698764534883721 0.01187015503875969 0.031613372093023256
1 0.9476744186046512 0.7770712209302325 0.011143410852713179 0.028706395348837208
4 0.9480377906976745 0.838844476744186 0.017199612403100775 0.045421511627906974