3 0.5448158914728682 0.7874273255813954 0.07703488372093023 0.11482558139534883
2 0.5614098837209303 0.6573401162790697 0.0249515503875969 0.07921511627906977
1 0.6035610465116279 0.9622093023255814 0.017199612403100775 0.046511627906976744
1 0.5778827519379846 0.9622093023255814 0.017199612403100775 0.046511627906976744
1 0.5514777131782945 0.9622093023255814 0.017199612403100775 0.046511627906976744
1 0.5265261627906976 0.9622093023255814 0.017199612403100775 0.046511627906976744
1 0.6035610465116279 0.8869912790697675 0.017199612403100775 0.046511627906976744
1 0.5778827519379846 0.8869912790697675 0.017199612403100775 0.046511627906976744
1 0.5514777131782945 0.8869912790697675 0.017199612403100775 0.046511627906976744
1 0.5265261627906976 0.8869912790697675 0.017199612403100775 0.046511627906976744
1 0.5038759689922481 0.9543968023255814 0.011143410852713179 0.031613372093023256
4 0.5095687984496124 0.561046511627907 0.01187015503875969 0.03343023255813953
4 0.49236918604651164 0.5599563953488372 0.01187015503875969 0.03343023255813953
4 0.5094476744186046 0.6724200581395349 0.020348837209302327 0.02071220930232558
4 0.5099321705426356 0.6477107558139535 0.020348837209302327 0.02071220930232558