0 0.4188468992248062 0.2930595930232558 0.04844961240310078 0.16315406976744187
0 0.8693071705426356 0.03488372093023256 0.04869186046511628 0.06976744186046512
0 0.810562015503876 0.2636264534883721 0.04844961240310078 0.16315406976744187
0 0.42502422480620156 0.07757994186046512 0.04869186046511628 0.15515988372093023
0 0.6165213178294574 0.28997093023255816 0.17005813953488372 0.2558139534883721
0 0.8006298449612403 0.5277979651162791 0.08381782945736434 0.1282703488372093
4 0.4430717054263566 0.42296511627906974 0.022286821705426358 0.06177325581395349
4 0.5646802325581395 0.07249273255813954 0.04215116279069767 0.03234011627906977
4 0.5879360465116279 0.5815770348837209 0.04215116279069767 0.03234011627906977
4 0.6468023255813954 0.5866642441860465 0.04215116279069767 0.03234011627906977
4 0.7034883720930233 0.5892078488372093 0.04215116279069767 0.03234011627906977
4 0.893531976744186 0.42678052325581395 0.021075581395348836 0.0592296511627907
4 0.5210755813953488 0.11046511627906977 0.018410852713178296 0.03997093023255814
4 0.48667635658914726 0.4622093023255814 0.018410852713178296 0.03997093023255814
4 0.5334302325581395 0.48183139534883723 0.027131782945736434 0.027616279069767442
4 0.8913517441860465 0.5775799418604651 0.021075581395348836 0.0592296511627907
1 0.6157945736434108 0.4816497093023256 0.026647286821705425 0.026526162790697673
1 0.5062984496124031 0.024527616279069766 0.026647286821705425 0.026526162790697673
1 0.40358527131782945 0.1822311046511628 0.026647286821705425 0.026526162790697673
1 0.7974806201550387 0.06486191860465117 0.026647286821705425 0.026526162790697673
1 0.48183139534883723 0.5503270348837209 0.018410852713178296 0.03815406976744186
1 0.3856589147286822 0.4253270348837209 0.018410852713178296 0.03815406976744186
1 0.48667635658914726 0.1829578488372093 0.018410852713178296 0.03815406976744186
1 0.7439437984496124 0.2836119186046512 0.018410852713178296 0.03815406976744186
1 0.8951065891472868 0.12118459302325581 0.018410852713178296 0.03815406976744186
1 0.6400193798449613 0.07358284883720931 0.018410852713178296 0.03815406976744186