0 0.8693071705426356 0.9529433139534884 0.04869186046511628 0.09338662790697674
0 0.7328003875968992 0.8312136627906976 0.04844961240310078 0.16315406976744187
0 0.42344961240310075 0.848655523255814 0.04844961240310078 0.16315406976744187
0 0.8711240310077519 0.7996002906976745 0.04844961240310078 0.16315406976744187
0 0.7366763565891473 0.6070130813953488 0.04844961240310078 0.16315406976744187
0 0.5747335271317829 0.7957848837209303 0.12330426356589147 0.3859011627906977
0 0.42502422480620156 0.9956395348837209 0.04869186046511628 0.007994186046511628
0 0.8711240310077519 0.6088299418604651 0.04844961240310078 0.16315406976744187
4 0.467781007751938 0.6102834302325582 0.022771317829457363 0.06431686046511628
4 0.6378391472868217 0.5637718023255814 0.027131782945736434 0.026526162790697673
4 0.4445251937984496 0.7203851744186046 0.027131782945736434 0.026526162790697673
1 0.5792151162790697 0.5703125 0.026647286821705425 0.026526162790697673
1 0.7148740310077519 0.7145712209302325 0.026647286821705425 0.026526162790697673
1 0.7759205426356589 0.7152979651162791 0.026647286821705425 0.026526162790697673
1 0.40406976744186046 0.958030523255814 0.026647286821705425 0.026526162790697673
1 0.39849806201550386 0.7127543604651163 0.018410852713178296 0.03815406976744186
1 0.6967054263565892 0.9536700581395349 0.018410852713178296 0.03815406976744186
1 0.7989341085271318 0.8886264534883721 0.018410852713178296 0.03815406976744186