0 0.3479893410852713 0.9791061046511628 0.04869186046511628 0.041061046511627904
0 0.7925145348837209 0.9393168604651163 0.04869186046511628 0.12063953488372094
0 0.6608527131782945 0.8025072674418605 0.04844961240310078 0.16315406976744187
0 0.3505329457364341 0.8181322674418605 0.04844961240310078 0.16315406976744187
0 0.7957848837209303 0.5775799418604651 0.04844961240310078 0.16315406976744187
0 0.6625484496124031 0.5746729651162791 0.04844961240310078 0.16315406976744187
0 0.7969961240310077 0.7701671511627907 0.04844961240310078 0.16315406976744187
1 0.9440406976744186 0.712390988372093 0.026647286821705425 0.0279796511627907
1 0.7039728682170543 0.6851380813953488 0.026647286821705425 0.0279796511627907
1 0.6417151162790697 0.6840479651162791 0.026647286821705425 0.0279796511627907
1 0.5065406976744186 0.5379723837209303 0.026647286821705425 0.0279796511627907
1 0.33042635658914726 0.9235101744186046 0.026647286821705425 0.0279796511627907
1 0.4318071705426357 0.9889171511627907 0.02688953488372093 0.021438953488372093
1 0.32424903100775193 0.6793241279069767 0.018653100775193797 0.03888081395348837
1 0.6219718992248062 0.9238735465116279 0.018653100775193797 0.03888081395348837
1 0.7254118217054264 0.8602834302325582 0.018653100775193797 0.03888081395348837
4 0.5658914728682171 0.5310683139534884 0.027616279069767442 0.027252906976744186
4 0.3706395348837209 0.6873183139534884 0.027616279069767442 0.027252906976744186
4 0.3951065891472868 0.5770348837209303 0.023255813953488372 0.06468023255813954
0 0.5001211240310077 0.7654433139534884 0.12330426356589147 0.392078488372093