0 0.3479893410852713 0.061046511627906974 0.04869186046511628 0.12209302325581395
0 0.7925145348837209 0.021257267441860465 0.04869186046511628 0.04251453488372093
0 0.7352228682170543 0.23673691860465115 0.04844961240310078 0.16315406976744187
0 0.34132751937984496 0.26071947674418605 0.04844961240310078 0.16315406976744187
1 0.5375484496124031 0.4500363372093023 0.026647286821705425 0.0279796511627907
1 0.4318071705426357 0.0032703488372093025 0.02688953488372093 0.006540697674418605
1 0.32848837209302323 0.1477107558139535 0.026647286821705425 0.0279796511627907
1 0.7218992248062015 0.03651889534883721 0.026647286821705425 0.0279796511627907
1 0.40467538759689925 0.5172601744186046 0.018653100775193797 0.03888081395348837
1 0.3080184108527132 0.39007994186046513 0.018653100775193797 0.03888081395348837
1 0.4104893410852713 0.15061773255813954 0.018653100775193797 0.03888081395348837
1 0.668968023255814 0.25490552325581395 0.018653100775193797 0.03888081395348837
1 0.5643168604651163 0.04451308139534884 0.018653100775193797 0.03888081395348837
1 0.8194040697674418 0.09465843023255814 0.018653100775193797 0.03888081395348837
4 0.4104893410852713 0.3404796511627907 0.019137596899224806 0.03997093023255814
4 0.8135901162790697 0.5474200581395349 0.02252906976744186 0.058502906976744186
4 0.8164970930232558 0.39625726744186046 0.02252906976744186 0.058502906976744186
4 0.45566860465116277 0.4485828488372093 0.027616279069767442 0.027252906976744186
4 0.40903585271317827 0.42877906976744184 0.018168604651162792 0.03997093023255814
4 0.44537306201550386 0.07739825581395349 0.018168604651162792 0.03997093023255814
4 0.3647044573643411 0.3886264534883721 0.02252906976744186 0.06286337209302326
4 0.625968992248062 0.5594113372093024 0.04312015503875969 0.03379360465116279
4 0.4888565891472868 0.04015261627906977 0.04312015503875969 0.03379360465116279
4 0.5104166666666666 0.5510537790697675 0.04312015503875969 0.03379360465116279
4 0.5687984496124031 0.5554142441860465 0.04312015503875969 0.03379360465116279
0 0.7235949612403101 0.4961845930232558 0.0872093023255814 0.12899709302325582
0 0.5415455426356589 0.2578125 0.1698158914728682 0.2598110465116279