4 0.8781492248062015 0.6947674418604651 0.03391472868217054 0.059593023255813955
4 0.8798449612403101 0.8063226744186046 0.03391472868217054 0.059593023255813955
4 0.9319282945736435 0.8077761627906976 0.03391472868217054 0.059593023255813955
1 0.8760901162790697 0.49182412790697677 0.018653100775193797 0.03888081395348837
1 0.984859496124031 0.6894985465116279 0.018653100775193797 0.03888081395348837
1 0.9756540697674418 0.5735828488372093 0.025436046511627907 0.027252906976744186
1 0.9768653100775194 0.6306322674418605 0.025436046511627907 0.027252906976744186
4 0.9837693798449613 0.779796511627907 0.01986434108527132 0.040697674418604654
4 0.877422480620155 0.5761264534883721 0.02374031007751938 0.06286337209302326
0 0.7461240310077519 0.6206395348837209 0.15503875968992248 0.16715116279069767
1 0.9876453488372093 0.8673691860465116 0.02422480620155039 0.08284883720930232