1 0.3647044573643411 0.8610101744186046 0.018653100775193797 0.03888081395348837
1 0.1025920542635659 0.8922601744186046 0.018653100775193797 0.03888081395348837
1 0.0594718992248062 0.9278706395348837 0.025436046511627907 0.027252906976744186
4 0.33454457364341084 0.8570130813953488 0.01744186046511628 0.03888081395348837
0 0.07291666666666667 0.9847383720930233 0.13614341085271317 0.029796511627906978
1 0.36712693798449614 0.7205668604651163 0.05547480620155039 0.13590116279069767
1 0.033187984496124034 0.8673691860465116 0.06637596899224807 0.08284883720930232
1 0.23049903100775193 0.868640988372093 0.018653100775193797 0.03888081395348837
1 0.30462693798449614 0.8610101744186046 0.018653100775193797 0.03888081395348837
4 0.5153827519379846 0.5915697674418605 0.019137596899224806 0.03997093023255814
4 0.514656007751938 0.8284883720930233 0.019137596899224806 0.03997093023255814
0 0.4631782945736434 0.7073037790697675 0.10755813953488372 0.07231104651162791
3 0.41266957364341084 0.5897529069767442 0.10586240310077519 0.05450581395348837
0 0.1816860465116279 0.6442587209302325 0.24273255813953487 0.24854651162790697
0 0.34314437984496127 0.973655523255814 0.29723837209302323 0.051962209302325583
0 0.4533672480620155 0.8517441860465116 0.08551356589147287 0.09156976744186046