1 0.006904069767441861 0.48728197674418605 0.013808139534883721 0.027616279069767442
1 0.0912063953488372 0.5245276162790697 0.025436046511627907 0.027252906976744186
1 0.006298449612403101 0.4422238372093023 0.012596899224806201 0.027616279069767442
1 0.518531976744186 0.15025436046511628 0.018168604651162792 0.03815406976744186
1 0.10380329457364341 0.23782703488372092 0.018168604651162792 0.03815406976744186
1 0.16484980620155038 0.18877180232558138 0.018168604651162792 0.03815406976744186
4 0.171390503875969 0.41042877906976744 0.04142441860465116 0.03379360465116279
4 0.041666666666666664 0.2447311046511628 0.02374031007751938 0.06286337209302326
4 0.045542635658914726 0.3515625 0.02374031007751938 0.06286337209302326
4 0.10767926356589147 0.350109011627907 0.02252906976744186 0.06286337209302326
4 0.006782945736434108 0.39589389534883723 0.013565891472868217 0.026526162790697673
4 0.006540697674418605 0.5299781976744186 0.01308139534883721 0.026526162790697673
4 0.1693313953488372 0.4961845930232558 0.016472868217054265 0.03888081395348837
0 0.07291666666666667 0.08266715116279069 0.13614341085271317 0.16533430232558138
4 0.19646317829457363 0.4954578488372093 0.01744186046511628 0.03888081395348837
4 0.3329699612403101 0.47165697674418605 0.019137596899224806 0.03997093023255814
1 0.1670300387596899 0.28542877906976744 0.018168604651162792 0.03815406976744186
1 0.3634932170542636 0.4722020348837209 0.018168604651162792 0.03815406976744186
1 0.5202277131782945 0.30577761627906974 0.018168604651162792 0.03815406976744186
0 0.266593992248062 0.48146802325581395 0.08551356589147287 0.09156976744186046
0 0.34314437984496127 0.19222383720930233 0.29723837209302323 0.38444767441860467
0 0.08878391472868218 0.4485828488372093 0.049176356589147284 0.09338662790697674