0 0.00944767441860465 0.27180232558139533 0.0188953488372093 0.16351744186046513
0 0.13517441860465115 0.2396438953488372 0.04844961240310078 0.16315406976744187
0 0.010416666666666666 0.46257267441860467 0.020833333333333332 0.16351744186046513
0 0.44525193798449614 0.22510901162790697 0.04844961240310078 0.16315406976744187
0 0.13226744186046513 0.4649345930232558 0.04844961240310078 0.16315406976744187
0 0.011749031007751938 0.08284883720930232 0.023498062015503876 0.16351744186046513
1 0.15503875968992248 0.35374273255813954 0.026647286821705425 0.0279796511627907
1 0.29069767441860467 0.4972747093023256 0.026647286821705425 0.0279796511627907
1 0.4725048449612403 0.35446947674418605 0.018653100775193797 0.03888081395348837
1 0.07061531007751938 0.1771438953488372 0.018653100775193797 0.03888081395348837
4 0.2313468992248062 0.5045421511627907 0.027616279069767442 0.027252906976744186
4 0.4261143410852713 0.34792877906976744 0.027616279069767442 0.027252906976744186
4 0.40237403100775193 0.4589389534883721 0.023255813953488372 0.06468023255813954
0 0.29299903100775193 0.2741642441860465 0.12330426356589147 0.392078488372093
0 0.4463420542635659 0.03924418604651163 0.04869186046511628 0.07848837209302326
4 0.3068071705426357 0.0061773255813953485 0.043362403100775194 0.012354651162790697
1 0.17308624031007752 0.11137354651162791 0.018653100775193797 0.03888081395348837
1 0.2313468992248062 0.005268895348837209 0.0188953488372093 0.010537790697674418
1 0.09278100775193798 0.353015988372093 0.026647286821705425 0.0279796511627907
1 0.07376453488372094 0.007449127906976744 0.02688953488372093 0.014898255813953489
1 0.3638565891472868 0.04124273255813953 0.026647286821705425 0.0279796511627907
1 0.46681201550387597 0.10992005813953488 0.026647286821705425 0.0279796511627907