1 0.2553294573643411 0.5841206395348837 0.026647286821705425 0.0279796511627907
1 0.12633236434108527 0.7821584302325582 0.018653100775193797 0.03888081395348837
0 0.4463420542635659 0.9573037790697675 0.04869186046511628 0.0846656976744186
0 0.45082364341085274 0.7767078488372093 0.04844961240310078 0.16315406976744187
0 0.0562015503875969 0.8046875 0.04844961240310078 0.16315406976744187
1 0.48679748062015504 0.6422601744186046 0.018653100775193797 0.03888081395348837
4 0.38263081395348836 0.6936773255813954 0.019137596899224806 0.03997093023255814
4 0.3372093023255814 0.5852107558139535 0.027616279069767442 0.027252906976744186
4 0.35016957364341084 0.9578488372093024 0.018168604651162792 0.03997093023255814
4 0.3845687984496124 0.6053779069767442 0.018168604651162792 0.03997093023255814
4 0.4279312015503876 0.6451671511627907 0.02252906976744186 0.06286337209302326
4 0.3068071705426357 0.9889171511627907 0.043362403100775194 0.021438953488372093
4 0.282703488372093 0.48601017441860467 0.04312015503875969 0.03379360465116279
0 0.06976744186046512 0.5386991279069767 0.0872093023255814 0.12899709302325582
0 0.25230135658914726 0.7774345930232558 0.1698158914728682 0.2598110465116279
4 0.16739341085271317 0.47837936046511625 0.04312015503875969 0.03379360465116279
4 0.22335271317829458 0.48019622093023256 0.04312015503875969 0.03379360465116279
1 0.2313468992248062 0.9854651162790697 0.0188953488372093 0.028343023255813952
1 0.3843265503875969 0.8835392441860465 0.018653100775193797 0.03888081395348837
1 0.07376453488372094 0.9930959302325582 0.02688953488372093 0.01308139534883721
1 0.38892926356589147 0.5150799418604651 0.018653100775193797 0.03888081395348837
1 0.46632751937984496 0.8864462209302325 0.026647286821705425 0.0279796511627907