1 0.08127422480620156 0.5572311046511628 0.025436046511627907 0.027252906976744186
1 0.516593992248062 0.20367005813953487 0.018168604651162792 0.03815406976744186
4 0.16363856589147288 0.446765988372093 0.04142441860465116 0.03379360465116279
4 0.1005329457364341 0.38499273255813954 0.02374031007751938 0.06286337209302326
4 0.001816860465116279 0.5597747093023255 0.003633720930232558 0.026526162790697673
0 0.07073643410852713 0.09738372093023256 0.13614341085271317 0.19476744186046513
4 0.3232800387596899 0.5174418604651163 0.019137596899224806 0.03997093023255814
0 0.25690406976744184 0.5228924418604651 0.08551356589147287 0.09156976744186046
0 0.34144864341085274 0.2129360465116279 0.29723837209302323 0.4258720930232558
0 0.07957848837209303 0.48346656976744184 0.049176356589147284 0.09338662790697674
1 0.16145833333333334 0.2272892441860465 0.018168604651162792 0.03815406976744186
1 0.16145833333333334 0.32321947674418605 0.018168604651162792 0.03815406976744186
1 0.3533187984496124 0.5176235465116279 0.018168604651162792 0.03815406976744186
1 0.5148982558139535 0.3581031976744186 0.018168604651162792 0.03815406976744186
1 0.0015746124031007752 0.5167151162790697 0.0031492248062015503 0.027616279069767442
4 0.03948643410852713 0.38317587209302323 0.02374031007751938 0.06286337209302326
4 0.0026647286821705426 0.4256904069767442 0.005329457364341085 0.026526162790697673
1 0.09968507751937984 0.27234738372093026 0.018168604651162792 0.03815406976744186
1 0.001937984496124031 0.4727470930232558 0.003875968992248062 0.027616279069767442
4 0.03657945736434109 0.27634447674418605 0.02374031007751938 0.06286337209302326
4 0.15964147286821706 0.5332485465116279 0.016472868217054265 0.03888081395348837
4 0.1867732558139535 0.5332485465116279 0.01744186046511628 0.03888081395348837