0 0.07073643410852713 0.9994549418604651 0.13614341085271317 0.0003633720930232558
1 0.37439437984496127 0.7690770348837209 0.05547480620155039 0.1348110465116279
4 0.3372093023255814 0.9017078488372093 0.01744186046511628 0.03888081395348837
4 0.5228924418604651 0.6449854651162791 0.019137596899224806 0.03997093023255814
4 0.5192587209302325 0.8819040697674418 0.019137596899224806 0.03997093023255814
0 0.4699612403100775 0.7581758720930233 0.10755813953488372 0.07231104651162791
3 0.42151162790697677 0.6320857558139535 0.10707364341085271 0.05777616279069767
0 0.18968023255813954 0.6842296511627907 0.24273255813953487 0.24854651162790697
0 0.34144864341085274 0.9943677325581395 0.29723837209302323 0.010537790697674418
0 0.45554748062015504 0.8978924418604651 0.08551356589147287 0.09156976744186046
1 0.03548934108527132 0.8960755813953488 0.07097868217054264 0.08284883720930232
1 0.36785368217054265 0.9100654069767442 0.018168604651162792 0.03815406976744186
1 0.3077761627906977 0.9082485465116279 0.018168604651162792 0.03815406976744186
1 0.2336482558139535 0.9082485465116279 0.018168604651162792 0.03815406976744186
1 0.10525678294573644 0.9285973837209303 0.018168604651162792 0.03815406976744186
1 0.0009689922480620155 0.7223837209302325 0.001937984496124031 0.038517441860465115
1 0.06286337209302326 0.9602107558139535 0.025436046511627907 0.027252906976744186