4 0.8861434108527132 0.7194767441860465 0.03391472868217054 0.059593023255813955
4 0.8849321705426356 0.8321220930232558 0.03391472868217054 0.059593023255813955
4 0.9893410852713178 0.8101380813953488 0.016472868217054265 0.03888081395348837
0 0.7572674418604651 0.6380813953488372 0.15503875968992248 0.16715116279069767
1 0.9899467054263565 0.8960755813953488 0.019622093023255814 0.08284883720930232
1 0.8879602713178295 0.5158066860465116 0.018168604651162792 0.03815406976744186
1 0.9860707364341085 0.6033793604651163 0.025436046511627907 0.027252906976744186
4 0.8875968992248062 0.6008357558139535 0.02374031007751938 0.06286337209302326
1 0.9916424418604651 0.7223837209302325 0.01623062015503876 0.038517441860465115
4 0.937015503875969 0.8313953488372093 0.03391472868217054 0.059593023255813955
1 0.984859496124031 0.6597020348837209 0.025436046511627907 0.027252906976744186