5 0.30535368217054265 0.12390988372093023 0.016715116279069766 0.053052325581395346
4 0.7682897286821705 0.24781976744186046 0.038517441860465115 0.03197674418604651
4 0.6721172480620154 0.24890988372093023 0.038517441860465115 0.03197674418604651
5 0.9041908914728682 0.2291061046511628 0.06177325581395349 0.0715843023255814
2 0.7600532945736435 0.08793604651162791 0.015261627906976744 0.03924418604651163
1 0.7451550387596899 0.1633357558139535 0.011143410852713179 0.028706395348837208
4 0.7468507751937985 0.20148982558139536 0.013565891472868217 0.011991279069767442
5 0.7023982558139535 0.11864098837209303 0.06177325581395349 0.0715843023255814
4 0.9210271317829457 0.3112281976744186 0.013565891472868217 0.011991279069767442
4 0.9503391472868217 0.2845203488372093 0.014534883720930232 0.013808139534883721
1 0.9481589147286822 0.31195494186046513 0.01986434108527132 0.017078488372093022
4 0.9312015503875969 0.07703488372093023 0.008236434108527133 0.021075581395348836
4 0.7483042635658915 0.1282703488372093 0.014534883720930232 0.011627906976744186