0 0.32449127906976744 0.45403343023255816 0.07243217054263566 0.10792151162790697
0 0.3338178294573643 0.29505813953488375 0.027616279069767442 0.07122093023255814
1 0.2553294573643411 0.40061773255813954 0.027616279069767442 0.022892441860465115
1 0.26296027131782945 0.454578488372093 0.017684108527131783 0.016715116279069766
1 0.3792393410852713 0.5196220930232558 0.017199612403100775 0.015988372093023256
1 0.31286337209302323 0.5396075581395349 0.017199612403100775 0.015988372093023256
1 0.34435562015503873 0.5396075581395349 0.017199612403100775 0.015988372093023256
1 0.3581637596899225 0.24709302325581395 0.017199612403100775 0.016715116279069766
4 0.35852713178294576 0.34465843023255816 0.020348837209302327 0.017805232558139535
4 0.3868701550387597 0.49055232558139533 0.020348837209302327 0.0188953488372093
4 0.7083333333333334 0.4265988372093023 0.01308139534883721 0.029796511627906978
4 0.26501937984496127 0.4934593023255814 0.020348837209302327 0.0188953488372093
4 0.23934108527131784 0.4890988372093023 0.011143410852713179 0.029796511627906978
4 0.7188711240310077 0.5290697674418605 0.01187015503875969 0.030523255813953487
4 0.49733527131782945 0.42550872093023256 0.01308139534883721 0.029796511627906978
4 0.4957606589147287 0.5257994186046512 0.01187015503875969 0.030523255813953487
4 0.6027131782945736 0.4273255813953488 0.01308139534883721 0.029796511627906978
4 0.6011385658914729 0.5276162790697675 0.01187015503875969 0.030523255813953487
4 0.6968265503875969 0.5276162790697675 0.01187015503875969 0.030523255813953487
2 0.6551598837209303 0.28724563953488375 0.034156976744186045 0.031613372093023256
2 0.6558866279069767 0.17750726744186046 0.034156976744186045 0.031613372093023256
4 0.6925872093023255 0.3273982558139535 0.020348837209302327 0.0188953488372093
2 0.6558866279069767 0.17750726744186046 0.034156976744186045 0.031613372093023256
4 0.6933139534883721 0.30050872093023256 0.020348837209302327 0.0188953488372093
4 0.6940406976744186 0.27398255813953487 0.020348837209302327 0.0188953488372093
4 0.6933139534883721 0.24709302325581395 0.020348837209302327 0.0188953488372093
4 0.6940406976744186 0.21984011627906977 0.020348837209302327 0.0188953488372093
4 0.6933139534883721 0.19295058139534885 0.020348837209302327 0.0188953488372093
4 0.6940406976744186 0.16533430232558138 0.020348837209302327 0.0188953488372093
4 0.6933139534883721 0.13844476744186046 0.020348837209302327 0.0188953488372093
1 0.8210998062015504 0.43059593023255816 0.017684108527131783 0.015988372093023256
4 0.13335755813953487 0.9305959302325582 0.019137596899224806 0.01744186046511628
4 0.3230377906976744 0.6482558139534884 0.019137596899224806 0.01744186046511628
4 0.37439437984496127 0.6613372093023255 0.019137596899224806 0.01744186046511628
4 0.13335755813953487 0.9636627906976745 0.019137596899224806 0.01744186046511628
4 0.1345687984496124 0.8971656976744186 0.019137596899224806 0.01744186046511628
4 0.1345687984496124 0.7957848837209303 0.019137596899224806 0.01744186046511628
4 0.1343265503875969 0.7623546511627907 0.019137596899224806 0.01744186046511628
4 0.13408430232558138 0.862281976744186 0.019137596899224806 0.01744186046511628
4 0.13384205426356588 0.829578488372093 0.019137596899224806 0.01744186046511628
4 0.1343265503875969 0.7271075581395349 0.019137596899224806 0.01744186046511628
3 0.6604893410852714 0.767078488372093 0.08018410852713179 0.11627906976744186
3 0.38699127906976744 0.767078488372093 0.08018410852713179 0.11119186046511628
3 0.3868701550387597 0.9732921511627907 0.08042635658914729 0.052688953488372096
3 0.6598837209302325 0.9731104651162791 0.08042635658914729 0.053052325581395346
0 0.5262839147286822 0.8831758720930233 0.10828488372093023 0.16315406976744187
2 0.16763565891472867 0.9127906976744186 0.03343023255813953 0.03197674418604651
2 0.16763565891472867 0.7957848837209303 0.03343023255813953 0.03197674418604651
4 0.5638323643410853 0.7574491279069767 0.010901162790697675 0.0279796511627907
4 0.29905523255813954 0.6738735465116279 0.010901162790697675 0.0279796511627907
4 0.33078972868217055 0.6894985465116279 0.010901162790697675 0.0279796511627907
4 0.49769864341085274 0.7570857558139535 0.010901162790697675 0.0279796511627907
4 0.5471172480620154 0.7574491279069767 0.010901162790697675 0.0279796511627907
4 0.5732800387596899 0.7096656976744186 0.018168604651162792 0.01744186046511628
4 0.5405765503875969 0.7103924418604651 0.018168604651162792 0.01744186046511628
4 0.5059350775193798 0.7107558139534884 0.018168604651162792 0.01744186046511628
4 0.4722625968992248 0.7093023255813954 0.018168604651162792 0.01744186046511628
4 0.4425872093023256 0.6820494186046512 0.02131782945736434 0.04869186046511628
1 0.6021075581395349 0.9787427325581395 0.021560077519379845 0.041787790697674417
1 0.4424660852713178 0.7558139534883721 0.022044573643410854 0.0501453488372093
1 0.4421027131782946 0.8319404069767442 0.02131782945736434 0.046875
1 0.44137596899224807 0.943859011627907 0.02131782945736434 0.046875
1 0.6029554263565892 0.7959665697674418 0.02131782945736434 0.046875
1 0.4643895348837209 0.9880087209302325 0.009689922480620155 0.023255813953488372
1 0.4647529069767442 0.7768895348837209 0.00944767441860465 0.025436046511627907
1 0.4800145348837209 0.7579941860465116 0.00944767441860465 0.025436046511627907
1 0.580547480620155 0.7587209302325582 0.00944767441860465 0.025436046511627907
1 0.5953246124031008 0.8615552325581395 0.00944767441860465 0.025436046511627907
1 0.5955668604651163 0.9167877906976745 0.00944767441860465 0.025436046511627907
1 0.5707364341085271 0.9945494186046512 0.009689922480620155 0.010174418604651164
1 0.4806201550387597 0.9945494186046512 0.009689922480620155 0.010174418604651164
1 0.5311288759689923 0.7570857558139535 0.010416666666666666 0.027252906976744186
1 0.514656007751938 0.7570857558139535 0.010416666666666666 0.027252906976744186
1 0.4417393410852713 0.8929869186046512 0.018168604651162792 0.015625
1 0.4163032945736434 0.8868095930232558 0.010416666666666666 0.0279796511627907
1 0.4414970930232558 0.9983648255813954 0.021075581395348836 0.002543604651162791
4 0.38892926356589147 0.9004360465116279 0.018168604651162792 0.01744186046511628
4 0.38892926356589147 0.8757267441860465 0.018168604651162792 0.01744186046511628
4 0.5541424418604651 0.9940043604651163 0.01187015503875969 0.01126453488372093
4 0.4967296511627907 0.9943677325581395 0.01187015503875969 0.010537790697674418
5 0.6659399224806202 0.8860828488372093 0.05813953488372093 0.11373546511627906
4 0.8069282945736435 0.5550508720930233 0.012112403100775194 0.026526162790697673
4 0.8131056201550387 0.6204578488372093 0.010901162790697675 0.027252906976744186
4 0.8294573643410853 0.5550508720930233 0.012112403100775194 0.026526162790697673
1 0.8155281007751938 0.7349200581395349 0.025920542635658916 0.022165697674418606
1 0.8141957364341085 0.7852470930232558 0.05281007751937984 0.0625
1 0.8063226744186046 0.8644622093023255 0.04239341085271318 0.07921511627906977
1 0.814922480620155 0.9596656976744186 0.05426356589147287 0.06177325581395349
1 0.8133478682170543 0.9980014534883721 0.05450581395348837 0.0032703488372093025
1 0.7170542635658915 0.9765625 0.02374031007751938 0.04614825581395349
1 0.7430959302325582 0.9760174418604651 0.021560077519379845 0.047238372093023256
1 0.7176598837209303 0.7917877906976745 0.023498062015503876 0.04941860465116279
1 0.7446705426356589 0.7928779069767442 0.02131782945736434 0.04941860465116279
4 0.7450339147286822 0.715843023255814 0.022044573643410854 0.0501453488372093
4 0.967781007751938 0.8239462209302325 0.00872093023255814 0.019258720930232558
4 0.9411337209302325 0.8239462209302325 0.00872093023255814 0.019258720930232558
4 0.9551841085271318 0.823219476744186 0.00872093023255814 0.019258720930232558
4 0.9993943798449613 0.7885174418604651 0.0007267441860465116 0.019622093023255814
4 0.9815891472868217 0.8246729651162791 0.00872093023255814 0.019258720930232558
4 0.9895833333333334 0.7868822674418605 0.00872093023255814 0.019258720930232558
4 0.9955184108527132 0.8248546511627907 0.008478682170542635 0.019622093023255814
2 0.9923691860465116 0.18186773255813954 0.014777131782945737 0.03234011627906977
2 0.9921269379844961 0.28942587209302323 0.015261627906976744 0.03234011627906977
1 0.875 0.4409520348837209 0.028585271317829456 0.02434593023255814
0 0.9809835271317829 0.573219476744186 0.0375484496124031 0.3273982558139535
1 0.9410125968992248 0.5703125 0.010416666666666666 0.0279796511627907
1 0.9405281007751938 0.7120276162790697 0.010416666666666666 0.0279796511627907
1 0.9226017441860465 0.47401889534883723 0.010416666666666666 0.0279796511627907
1 0.9407703488372093 0.47401889534883723 0.010416666666666666 0.0279796511627907
1 0.9226017441860465 0.5216206395348837 0.010416666666666666 0.0279796511627907
1 0.9407703488372093 0.5216206395348837 0.010416666666666666 0.0279796511627907
1 0.9402858527131783 0.6164607558139535 0.010416666666666666 0.0279796511627907
1 0.9414970930232558 0.42714389534883723 0.010416666666666666 0.0279796511627907
1 0.9405281007751938 0.6640625 0.010416666666666666 0.0279796511627907
4 0.9131540697674418 0.6415334302325582 0.018653100775193797 0.018531976744186048
1 0.9981831395348837 0.38953488372093026 0.0031492248062015503 0.016715116279069766
1 0.9987887596899225 0.9921875 0.001937984496124031 0.014898255813953489
1 0.9731104651162791 0.9896438953488372 0.01065891472868217 0.01998546511627907
1 0.8492005813953488 0.8493822674418605 0.018168604651162792 0.016351744186046513
4 0.8478682170542635 0.9046148255813954 0.01937984496124031 0.016351744186046513
4 0.8483527131782945 0.8755450581395349 0.01937984496124031 0.016351744186046513
1 0.8765746124031008 0.9840116279069767 0.033187984496124034 0.03125
0 0.8156492248062015 0.4874636627906977 0.03972868217054264 0.07449127906976744
3 0.875968992248062 0.9429505813953488 0.03197674418604651 0.030523255813953487