4 0.3059593023255814 0.38808139534883723 0.01937984496124031 0.01744186046511628
4 0.5264050387596899 0.6126453488372093 0.011627906976744186 0.029069767441860465
4 0.0935077519379845 0.5138081395348837 0.011627906976744186 0.029069767441860465
4 0.42223837209302323 0.4491279069767442 0.011627906976744186 0.029069767441860465
4 0.44137596899224807 0.4491279069767442 0.011627906976744186 0.029069767441860465
4 0.45978682170542634 0.4480377906976744 0.011627906976744186 0.029069767441860465
4 0.47601744186046513 0.45021802325581395 0.011627906976744186 0.029069767441860465
4 0.39874031007751937 0.31940406976744184 0.011627906976744186 0.029069767441860465
4 0.5465116279069767 0.44949127906976744 0.011627906976744186 0.029069767441860465
4 0.5651647286821705 0.4498546511627907 0.011627906976744186 0.029069767441860465
4 0.5944767441860465 0.44949127906976744 0.011627906976744186 0.029069767441860465
4 0.6116763565891473 0.45058139534883723 0.011627906976744186 0.029069767441860465
4 0.560562015503876 0.6130087209302325 0.011627906976744186 0.029069767441860465
4 0.14946705426356588 0.4720203488372093 0.011627906976744186 0.029069767441860465
4 0.6959786821705426 0.2703488372093023 0.011627906976744186 0.029069767441860465
4 0.342781007751938 0.18640988372093023 0.011627906976744186 0.029069767441860465
4 0.005208333333333333 0.2109375 0.010416666666666666 0.02943313953488372
4 0.6976744186046512 0.1529796511627907 0.011627906976744186 0.029069767441860465
4 0.49685077519379844 0.053052325581395346 0.011627906976744186 0.029069767441860465
4 0.4791666666666667 0.036337209302325583 0.011627906976744186 0.029069767441860465
4 0.18846899224806202 0.5356104651162791 0.01937984496124031 0.01744186046511628
4 0.2708333333333333 0.5672238372093024 0.01937984496124031 0.01744186046511628
4 0.342296511627907 0.5675872093023255 0.01937984496124031 0.01744186046511628
4 0.3057170542635659 0.610828488372093 0.01937984496124031 0.01744186046511628
4 0.2705910852713178 0.6126453488372093 0.01937984496124031 0.01744186046511628
4 0.34132751937984496 0.6119186046511628 0.01937984496124031 0.01744186046511628
4 0.3057170542635659 0.5904796511627907 0.01937984496124031 0.01744186046511628
4 0.2705910852713178 0.5901162790697675 0.01937984496124031 0.01744186046511628
4 0.34205426356589147 0.5893895348837209 0.01937984496124031 0.01744186046511628
4 0.3059593023255814 0.5675872093023255 0.01937984496124031 0.01744186046511628
4 0.3064437984496124 0.3659156976744186 0.01937984496124031 0.01744186046511628
4 0.2713178294573643 0.4102470930232558 0.01937984496124031 0.01744186046511628
4 0.342781007751938 0.4117005813953488 0.01937984496124031 0.01744186046511628
4 0.3071705426356589 0.4106104651162791 0.01937984496124031 0.01744186046511628
4 0.2713178294573643 0.43132267441860467 0.01937984496124031 0.01744186046511628
4 0.342781007751938 0.4327761627906977 0.01937984496124031 0.01744186046511628
4 0.3064437984496124 0.43386627906976744 0.01937984496124031 0.01744186046511628
4 0.2713178294573643 0.45530523255813954 0.01937984496124031 0.01744186046511628
4 0.342781007751938 0.45566860465116277 0.01937984496124031 0.01744186046511628
4 0.3071705426356589 0.454578488372093 0.01937984496124031 0.01744186046511628
4 0.2708333333333333 0.47747093023255816 0.01937984496124031 0.01744186046511628
4 0.3430232558139535 0.4778343023255814 0.01937984496124031 0.01744186046511628
4 0.3066860465116279 0.4778343023255814 0.01937984496124031 0.01744186046511628
4 0.2708333333333333 0.49963662790697677 0.01937984496124031 0.01744186046511628
4 0.3430232558139535 0.5 0.01937984496124031 0.01744186046511628
4 0.3066860465116279 0.5 0.01937984496124031 0.01744186046511628
4 0.2701065891472868 0.5228924418604651 0.01937984496124031 0.01744186046511628
4 0.342296511627907 0.5232558139534884 0.01937984496124031 0.01744186046511628
4 0.3059593023255814 0.5232558139534884 0.01937984496124031 0.01744186046511628
4 0.2708333333333333 0.543968023255814 0.01937984496124031 0.01744186046511628
4 0.342296511627907 0.545421511627907 0.01937984496124031 0.01744186046511628
4 0.3059593023255814 0.5443313953488372 0.01937984496124031 0.01744186046511628
4 0.7365552325581395 0.5456031976744186 0.020106589147286823 0.018531976744186048
4 0.4727470930232558 0.2825218023255814 0.020106589147286823 0.018531976744186048
4 0.4720203488372093 0.2534520348837209 0.020106589147286823 0.018531976744186048
4 0.2023982558139535 0.41696947674418605 0.020106589147286823 0.018531976744186048
4 0.1660610465116279 0.41587936046511625 0.020106589147286823 0.018531976744186048
4 0.4914001937984496 0.39807412790697677 0.020106589147286823 0.018531976744186048
4 0.737281976744186 0.45148982558139533 0.020106589147286823 0.018531976744186048
4 0.736312984496124 0.48346656976744184 0.020106589147286823 0.018531976744186048
4 0.7365552325581395 0.5136264534883721 0.020106589147286823 0.018531976744186048
2 0.7805232558139535 0.5021802325581395 0.02131782945736434 0.05159883720930233
2 0.49200581395348836 0.3719113372093023 0.029069767441860465 0.027252906976744186
5 0.4482800387596899 0.33339389534883723 0.022044573643410854 0.07085755813953488
1 0.49164244186046513 0.3312136627906977 0.014292635658914728 0.041787790697674417
0 0.1875 0.47837936046511625 0.04796511627906977 0.062136627906976744
0 0.07412790697674419 0.43695494186046513 0.06346899224806202 0.0962936046511628
1 0.07352228682170543 0.5139898255813954 0.010416666666666666 0.02507267441860465
1 0.12003391472868218 0.4296875 0.010416666666666666 0.02507267441860465
1 0.22759205426356588 0.493640988372093 0.010416666666666666 0.02507267441860465
1 0.09750484496124032 0.5801235465116279 0.018168604651162792 0.016351744186046513
1 0.16279069767441862 0.21929505813953487 0.011627906976744186 0.027252906976744186
1 0.1305717054263566 0.21893168604651161 0.011627906976744186 0.027252906976744186
1 0.11385658914728682 0.21893168604651161 0.011627906976744186 0.027252906976744186
1 0.09762596899224807 0.21893168604651161 0.011627906976744186 0.027252906976744186
1 0.14680232558139536 0.21893168604651161 0.011627906976744186 0.027252906976744186
1 0.7152374031007752 0.15225290697674418 0.010901162790697675 0.029069767441860465
1 0.7152374031007752 0.27252906976744184 0.010901162790697675 0.029069767441860465
1 0.42853682170542634 0.17005813953488372 0.02131782945736434 0.04941860465116279
1 0.4477955426356589 0.16224563953488372 0.010901162790697675 0.0279796511627907
0 0.4842538759689923 0.17496366279069767 0.026647286821705425 0.07085755813953488
1 0.6359011627906976 0.1666061046511628 0.05377906976744186 0.062136627906976744
1 0.6344476744186046 0.2859738372093023 0.05377906976744186 0.06395348837209303
1 0.7089389534883721 0.01398982558139535 0.018653100775193797 0.016351744186046513
1 0.7082122093023255 0.07903343023255814 0.018653100775193797 0.016351744186046513
4 0.7082122093023255 0.05250726744186047 0.018653100775193797 0.018531976744186048
4 0.6735707364341085 0.07867005813953488 0.018653100775193797 0.018531976744186048
4 0.674297480620155 0.051780523255813955 0.018653100775193797 0.018531976744186048
1 0.5178052325581395 0.16460755813953487 0.010901162790697675 0.029069767441860465
1 0.5393653100775194 0.05559593023255814 0.033672480620155036 0.034156976744186045
1 0.5381540697674418 0.02434593023255814 0.018168604651162792 0.014534883720930232
4 0.2936046511627907 0.12118459302325581 0.01937984496124031 0.018531976744186048
4 0.2936046511627907 0.09375 0.01937984496124031 0.01744186046511628
4 0.29433139534883723 0.06667877906976744 0.01937984496124031 0.018531976744186048
4 0.2936046511627907 0.040515988372093026 0.01937984496124031 0.018531976744186048
4 0.2936046511627907 0.013263081395348836 0.01937984496124031 0.018531976744186048
1 0.22940891472868216 0.09811046511627906 0.05377906976744186 0.06395348837209303
1 0.2295300387596899 0.03143168604651163 0.05402131782945736 0.06286337209302326
0 0.5391230620155039 0.0029069767441860465 0.07921511627906977 0.005813953488372093
1 0.6140988372093024 0.001998546511627907 0.022286821705426358 0.003997093023255814
0 0.1431686046511628 0.01653343023255814 0.04748062015503876 0.03306686046511628
1 0.17914244186046513 0.010174418604651164 0.015746124031007752 0.020348837209302327
1 0.17381298449612403 0.0950218023255814 0.010416666666666666 0.0279796511627907
1 0.10586240310077519 0.012536337209302325 0.01065891472868217 0.02507267441860465
1 0.02943313953488372 0.01398982558139535 0.010416666666666666 0.0279796511627907
1 0.0042393410852713176 0.006540697674418605 0.008478682170542635 0.01308139534883721
1 0.14716569767441862 0.06994912790697674 0.018168604651162792 0.016351744186046513
1 0.14716569767441862 0.09320494186046512 0.018168604651162792 0.016351744186046513
1 0.005692829457364341 0.04796511627906977 0.011385658914728682 0.016715116279069766
3 0.4010416666666667 0.17078488372093023 0.021075581395348836 0.047238372093023256
3 0.5396075581395349 0.09520348837209303 0.032703488372093026 0.030523255813953487
3 0.639171511627907 0.0029069767441860465 0.020591085271317828 0.005813953488372093