4 0.5373062015503876 0.8492005813953488 0.011627906976744186 0.029069767441860465
4 0.5202277131782945 0.39861918604651164 0.012354651162790697 0.029069767441860465
4 0.5015746124031008 0.39861918604651164 0.012354651162790697 0.029069767441860465
4 0.24600290697674418 0.39680232558139533 0.012354651162790697 0.029069767441860465
4 0.22589631782945738 0.3957122093023256 0.012354651162790697 0.029069767441860465
4 0.3848110465116279 0.39898255813953487 0.012354651162790697 0.029069767441860465
4 0.2653827519379845 0.39680232558139533 0.012354651162790697 0.029069767441860465
4 0.48146802325581395 0.39861918604651164 0.012354651162790697 0.029069767441860465
4 0.40419089147286824 0.39898255813953487 0.012354651162790697 0.029069767441860465
4 0.36300872093023256 0.39789244186046513 0.012354651162790697 0.029069767441860465
4 0.34290213178294576 0.39789244186046513 0.012354651162790697 0.029069767441860465
4 0.28403585271317827 0.39680232558139533 0.012354651162790697 0.029069767441860465
4 0.3235222868217054 0.39789244186046513 0.012354651162790697 0.029069767441860465
4 0.30414244186046513 0.39789244186046513 0.012354651162790697 0.029069767441860465
4 0.46233042635658916 0.39898255813953487 0.012354651162790697 0.029069767441860465
4 0.44367732558139533 0.39898255813953487 0.012354651162790697 0.029069767441860465
4 0.42429748062015504 0.39898255813953487 0.012354651162790697 0.029069767441860465
4 0.10319767441860465 0.8246729651162791 0.00872093023255814 0.019258720930232558
4 0.05692829457364341 0.7890625 0.00872093023255814 0.019258720930232558
4 0.07703488372093023 0.8246729651162791 0.00872093023255814 0.019258720930232558
4 0.003633720930232558 0.7885174418604651 0.007267441860465116 0.019622093023255814
4 0.04408914728682171 0.7883357558139535 0.00872093023255814 0.019258720930232558
4 0.01695736434108527 0.787609011627907 0.00872093023255814 0.019258720930232558
4 0.030038759689922482 0.7883357558139535 0.00872093023255814 0.019258720930232558
4 0.09011627906976744 0.8246729651162791 0.00872093023255814 0.019258720930232558
4 0.06298449612403101 0.8246729651162791 0.00872093023255814 0.019258720930232558
4 0.008842054263565892 0.8239462209302325 0.008963178294573644 0.019258720930232558
4 0.00012112403100775194 0.8248546511627907 0.00024224806201550387 0.019622093023255814
4 0.04966085271317829 0.8246729651162791 0.00872093023255814 0.019258720930232558
4 0.02252906976744186 0.8239462209302325 0.00872093023255814 0.019258720930232558
4 0.03657945736434109 0.8239462209302325 0.00872093023255814 0.019258720930232558
4 0.7089389534883721 0.9863735465116279 0.018653100775193797 0.018531976744186048
4 0.29433139534883723 0.9860101744186046 0.01937984496124031 0.018531976744186048
4 0.29505813953488375 0.9598473837209303 0.01937984496124031 0.018531976744186048
4 0.29433139534883723 0.9315043604651163 0.01937984496124031 0.018531976744186048
2 0.5637112403100775 0.38771802325581395 0.03488372093023256 0.03197674418604651
2 0.010053294573643411 0.18186773255813954 0.020106589147286823 0.03234011627906977
2 0.3963178294573643 0.28651889534883723 0.02131782945736434 0.05050872093023256
2 0.19428294573643412 0.17060319767441862 0.02131782945736434 0.05050872093023256
2 0.2696220930232558 0.17096656976744187 0.02131782945736434 0.05050872093023256
2 0.009811046511627907 0.28942587209302323 0.019622093023255814 0.03234011627906977
1 0.16896802325581395 0.44276889534883723 0.027858527131782947 0.022165697674418606
0 0.04299903100775194 0.573219476744186 0.08599806201550388 0.3273982558139535
1 0.12390988372093023 0.47619912790697677 0.010416666666666666 0.0279796511627907
1 0.12390988372093023 0.5234375 0.010416666666666666 0.0279796511627907
1 0.10646802325581395 0.428234011627907 0.010416666666666666 0.0279796511627907
1 0.10574127906976744 0.475109011627907 0.010416666666666666 0.0279796511627907
1 0.10525678294573644 0.5699491279069767 0.010416666666666666 0.0279796511627907
1 0.10574127906976744 0.5234375 0.010416666666666666 0.0279796511627907
1 0.10574127906976744 0.6171875 0.010416666666666666 0.0279796511627907
1 0.10525678294573644 0.7131177325581395 0.010416666666666666 0.0279796511627907
1 0.10501453488372094 0.665515988372093 0.010416666666666666 0.0279796511627907
4 0.13190406976744187 0.6437136627906976 0.018653100775193797 0.018531976744186048
1 0.04251453488372093 0.3893531976744186 0.018168604651162792 0.016351744186046513
1 0.0075096899224806205 0.38953488372093026 0.015019379844961241 0.016715116279069766
4 0.4953972868217054 0.713844476744186 0.01937984496124031 0.016351744186046513
1 0.22965116279069767 0.771984011627907 0.028585271317829456 0.022165697674418606
1 0.23062015503875968 0.826671511627907 0.05377906976744186 0.06395348837209303
1 0.2295300387596899 0.9990915697674418 0.05402131782945736 0.0010901162790697674
1 0.22989341085271317 0.9625726744186046 0.05377906976744186 0.06395348837209303
1 0.22989341085271317 0.8928052325581395 0.05377906976744186 0.06395348837209303
4 0.03924418604651163 0.3326671511627907 0.01937984496124031 0.018531976744186048
4 0.03924418604651163 0.30559593023255816 0.01937984496124031 0.01744186046511628
4 0.03924418604651163 0.27707122093023256 0.01937984496124031 0.018531976744186048
4 0.03924418604651163 0.2519985465116279 0.01937984496124031 0.018531976744186048
4 0.03997093023255814 0.22474563953488372 0.01937984496124031 0.018531976744186048
4 0.03997093023255814 0.19640261627906977 0.01937984496124031 0.018531976744186048
4 0.03924418604651163 0.17023982558139536 0.01937984496124031 0.018531976744186048
4 0.03997093023255814 0.14298691860465115 0.01937984496124031 0.018531976744186048
2 0.8785125968992248 0.5777616279069767 0.03173449612403101 0.03197674418604651
2 0.8804505813953488 0.46111918604651164 0.03173449612403101 0.03197674418604651
1 0.6773255813953488 0.8477470930232558 0.01744186046511628 0.01744186046511628
4 0.7103924418604651 0.8488372093023255 0.018168604651162792 0.01744186046511628
1 0.6765988372093024 0.8208575581395349 0.01744186046511628 0.01744186046511628
4 0.7118459302325582 0.7634447674418605 0.018168604651162792 0.01744186046511628
1 0.6763565891472868 0.7906976744186046 0.01744186046511628 0.01744186046511628
1 0.6770833333333334 0.7616279069767442 0.01744186046511628 0.01744186046511628
0 0.5391230620155039 0.9427688953488372 0.07921511627906977 0.11373546511627906
1 0.6140988372093024 0.9778343023255814 0.022286821705426358 0.0436046511627907
1 0.5902374031007752 0.9692950581395349 0.010901162790697675 0.027252906976744186
1 0.6139777131782945 0.9166061046511628 0.022044573643410854 0.04760174418604651
1 0.5902374031007752 0.9231468023255814 0.010901162790697675 0.027252906976744186
1 0.1663032945736434 0.915515988372093 0.018168604651162792 0.015625
1 0.47613856589147285 0.932594476744186 0.018168604651162792 0.015625
1 0.4699612403100775 0.9024345930232558 0.03246124031007752 0.03306686046511628
1 0.47492732558139533 0.9587572674418605 0.018168604651162792 0.015625
1 0.1663032945736434 0.8882630813953488 0.018168604651162792 0.015625
1 0.1693313953488372 0.8650072674418605 0.027131782945736434 0.02507267441860465
0 0.1431686046511628 0.9972747093023255 0.04748062015503876 0.004723837209302325
1 0.17914244186046513 0.9894622093023255 0.015746124031007752 0.020348837209302327
1 0.023376937984496124 0.9362281976744186 0.010416666666666666 0.0279796511627907
1 0.10586240310077519 0.9981831395348837 0.01065891472868217 0.0029069767441860465
1 0.0042393410852713176 0.9921875 0.008478682170542635 0.014898255813953489
4 0.47056686046511625 0.8702761627906976 0.018653100775193797 0.01744186046511628
3 0.639171511627907 0.9776526162790697 0.020591085271317828 0.043968023255813955