3 0.3868701550387597 0.029251453488372093 0.08042635658914729 0.058502906976744186
3 0.6598837209302325 0.029069767441860465 0.08042635658914729 0.05813953488372093
1 0.6021075581395349 0.002543604651162791 0.021560077519379845 0.005087209302325582
1 0.4643895348837209 0.0010901162790697674 0.009689922480620155 0.002180232558139535
1 0.5707364341085271 0.007630813953488372 0.009689922480620155 0.015261627906976744
1 0.4806201550387597 0.007630813953488372 0.009689922480620155 0.015261627906976744
1 0.4414970930232558 0.023074127906976744 0.021075581395348836 0.04614825581395349
4 0.5541424418604651 0.009265988372093024 0.01187015503875969 0.018531976744186048
4 0.4967296511627907 0.009629360465116279 0.01187015503875969 0.019258720930232558
4 0.575218023255814 0.04378633720930233 0.017684108527131783 0.015625
4 0.47541182170542634 0.04378633720930233 0.017684108527131783 0.015625
4 0.5095687984496124 0.04378633720930233 0.017684108527131783 0.015625
4 0.5420300387596899 0.04378633720930233 0.017684108527131783 0.015625
4 0.7438226744186046 0.05450581395348837 0.022044573643410854 0.0501453488372093
1 0.8137112403100775 0.09738372093023256 0.05426356589147287 0.06177325581395349
1 0.8133478682170543 0.029251453488372093 0.05450581395348837 0.058502906976744186
1 0.7170542635658915 0.0016351744186046512 0.02374031007751938 0.0032703488372093025
1 0.7430959302325582 0.0010901162790697674 0.021560077519379845 0.002180232558139535
4 0.7433381782945736 0.17732558139534885 0.018653100775193797 0.01744186046511628
4 0.7438226744186046 0.14425872093023256 0.018653100775193797 0.01744186046511628
1 0.751453488372093 0.3788154069767442 0.020833333333333332 0.046875
1 0.4654796511627907 0.3640988372093023 0.03076550387596899 0.03125
1 0.6631540697674418 0.3949854651162791 0.03076550387596899 0.03125
1 0.46669089147286824 0.28306686046511625 0.03076550387596899 0.03125
0 0.3072916666666667 0.28724563953488375 0.1383236434108527 0.20748546511627908
0 0.41945251937984496 0.4351380813953488 0.047238372093023256 0.03888081395348837
4 0.23122577519379844 0.7056686046511628 0.0685562015503876 0.08575581395348837
1 0.373546511627907 0.8755450581395349 0.020348837209302327 0.045421511627906974
1 0.7222625968992248 0.8419331395348837 0.030281007751937983 0.030523255813953487
4 0.3500484496124031 0.8748183139534884 0.012112403100775194 0.027252906976744186
4 0.7220203488372093 0.8035973837209303 0.018653100775193797 0.016351744186046513
4 0.735828488372093 0.5806686046511628 0.018653100775193797 0.01744186046511628
4 0.7360707364341085 0.5083575581395349 0.018653100775193797 0.01744186046511628
4 0.7360707364341085 0.53125 0.018653100775193797 0.01744186046511628
4 0.735343992248062 0.5559593023255814 0.018653100775193797 0.01744186046511628
4 0.3809350775193798 0.48455668604651164 0.010901162790697675 0.027252906976744186
4 0.5390019379844961 0.40643168604651164 0.011627906976744186 0.027252906976744186
4 0.5226501937984496 0.40643168604651164 0.010901162790697675 0.027252906976744186
4 0.41896802325581395 0.5034520348837209 0.010901162790697675 0.027252906976744186
4 0.4899467054263566 0.40570494186046513 0.010901162790697675 0.027252906976744186
4 0.5066618217054264 0.40534156976744184 0.010901162790697675 0.027252906976744186
4 0.4017684108527132 0.5016351744186046 0.010901162790697675 0.027252906976744186
1 0.48473837209302323 0.16951308139534885 0.01744186046511628 0.015625
1 0.6116763565891473 0.3039607558139535 0.01695736434108527 0.015625
1 0.5784883720930233 0.1945857558139535 0.01937984496124031 0.015625
4 0.44137596899224807 0.09284156976744186 0.02131782945736434 0.05050872093023256
0 0.30402131782945735 0.10646802325581395 0.027131782945736434 0.06976744186046512
1 0.1970687984496124 0.16769622093023256 0.033672480620155036 0.03306686046511628
1 0.34738372093023256 0.41315406976744184 0.01744186046511628 0.014534883720930232
1 0.14171511627906977 0.15625 0.01744186046511628 0.014534883720930232
1 0.2124515503875969 0.1980377906976744 0.01744186046511628 0.014534883720930232
1 0.21220930232558138 0.22674418604651161 0.01744186046511628 0.014534883720930232
1 0.25799418604651164 0.1587936046511628 0.01744186046511628 0.014534883720930232
1 0.3025678294573643 0.1595203488372093 0.01744186046511628 0.014534883720930232
1 0.266109496124031 0.11518895348837209 0.010901162790697675 0.02616279069767442
1 0.22250484496124032 0.30414244186046513 0.010901162790697675 0.02616279069767442
1 0.20457848837209303 0.32558139534883723 0.010901162790697675 0.02616279069767442
1 0.22250484496124032 0.35065406976744184 0.010901162790697675 0.02616279069767442
1 0.27410368217054265 0.4226017441860465 0.010901162790697675 0.02616279069767442
1 0.3862645348837209 0.41497093023255816 0.010901162790697675 0.02616279069767442
1 0.391593992248062 0.3379360465116279 0.010901162790697675 0.02616279069767442
1 0.43689437984496127 0.3379360465116279 0.010901162790697675 0.02616279069767442
1 0.39256298449612403 0.26199127906976744 0.010901162790697675 0.02616279069767442
1 0.17853682170542637 0.3722747093023256 0.03246124031007752 0.03306686046511628
4 0.21281492248062014 0.2530886627906977 0.018653100775193797 0.016351744186046513
4 0.3022044573643411 0.054324127906976744 0.018653100775193797 0.016351744186046513
4 0.6459544573643411 0.109375 0.018653100775193797 0.01744186046511628
4 0.3155281007751938 0.412609011627907 0.018653100775193797 0.016351744186046513
4 0.21765988372093023 0.3875363372093023 0.018653100775193797 0.016351744186046513
4 0.4226017441860465 0.37554505813953487 0.018653100775193797 0.016351744186046513
4 0.5777616279069767 0.21911337209302326 0.01937984496124031 0.01744186046511628
4 0.6633963178294574 0.1953125 0.018653100775193797 0.016351744186046513
4 0.26223352713178294 0.48328488372093026 0.010901162790697675 0.029069767441860465
4 0.5846656976744186 0.29087936046511625 0.010901162790697675 0.027252906976744186
4 0.5386385658914729 0.22965116279069767 0.012354651162790697 0.029069767441860465
4 0.5422722868217055 0.18005087209302326 0.010901162790697675 0.027252906976744186
4 0.4533672480620155 0.1764171511627907 0.010901162790697675 0.027252906976744186
4 0.2905765503875969 0.42369186046511625 0.010901162790697675 0.029069767441860465
4 0.25641957364341084 0.42405523255813954 0.010901162790697675 0.029069767441860465
4 0.23825096899224807 0.42369186046511625 0.010901162790697675 0.029069767441860465
4 0.22008236434108527 0.42351017441860467 0.010901162790697675 0.030159883720930234
4 0.19876453488372092 0.4929142441860465 0.010901162790697675 0.030886627906976744
2 0.5775193798449613 0.1673328488372093 0.029069767441860465 0.030886627906976744
4 0.2313468992248062 0.6215479651162791 0.027131782945736434 0.02434593023255814
0 0.47686531007751937 0.2167514534883721 0.03561046511627907 0.03306686046511628
0 0.8621608527131783 0.8235828488372093 0.03439922480620155 0.0534156976744186
4 0.9137596899224806 0.8175872093023255 0.05571705426356589 0.04578488372093023
2 0.8710029069767442 0.7281976744186046 0.022044573643410854 0.020348837209302327
4 0.8650678294573644 0.5316133720930233 0.01937984496124031 0.01744186046511628
4 0.9232073643410853 0.7245639534883721 0.01937984496124031 0.01744186046511628
4 0.9515503875968992 0.6344476744186046 0.01937984496124031 0.01744186046511628
4 0.845687984496124 0.6482558139534884 0.01937984496124031 0.01744186046511628
4 0.9006782945736435 0.3226744186046512 0.011627906976744186 0.029069767441860465
4 0.8999515503875969 0.5944767441860465 0.011627906976744186 0.029069767441860465
4 0.9173934108527132 0.5933866279069767 0.011627906976744186 0.029069767441860465
4 0.9358042635658915 0.5933866279069767 0.011627906976744186 0.029069767441860465
4 0.8546511627906976 0.46693313953488375 0.011627906976744186 0.029069767441860465
4 0.8895348837209303 0.041787790697674417 0.011627906976744186 0.029069767441860465
4 0.9991521317829457 0.2109375 0.0012112403100775194 0.02943313953488372
4 0.9835271317829457 0.26744186046511625 0.011627906976744186 0.029069767441860465
4 0.9503391472868217 0.3226744186046512 0.011627906976744186 0.029069767441860465
4 0.9336240310077519 0.3226744186046512 0.011627906976744186 0.029069767441860465
4 0.9173934108527132 0.3226744186046512 0.011627906976744186 0.029069767441860465
4 0.9164244186046512 0.26671511627906974 0.011627906976744186 0.029069767441860465
4 0.9653585271317829 0.26780523255813954 0.011627906976744186 0.029069767441860465
4 0.9486434108527132 0.26780523255813954 0.011627906976744186 0.029069767441860465
4 0.9324127906976745 0.26671511627906974 0.011627906976744186 0.029069767441860465
4 0.8890503875968992 0.08938953488372094 0.011627906976744186 0.029069767441860465
4 0.9520348837209303 0.6606104651162791 0.01937984496124031 0.01744186046511628
4 0.9892199612403101 0.3762718023255814 0.020106589147286823 0.018531976744186048
4 0.9887354651162791 0.4035247093023256 0.020106589147286823 0.018531976744186048
0 0.9308381782945736 0.46693313953488375 0.07969961240310078 0.09011627906976744
0 0.8248546511627907 0.47438226744186046 0.03488372093023256 0.030886627906976744
0 0.8389050387596899 0.5917514534883721 0.046027131782945735 0.03888081395348837
1 0.890140503875969 0.6484375 0.010416666666666666 0.02507267441860465
0 0.9176356589147286 0.6504360465116279 0.028585271317829456 0.0436046511627907
1 0.9107315891472868 0.3679142441860465 0.018168604651162792 0.016351744186046513
1 0.923328488372093 0.6880450581395349 0.018168604651162792 0.016351744186046513
1 0.8320009689922481 0.5325218023255814 0.018168604651162792 0.016351744186046513
1 0.8327277131782945 0.42787063953488375 0.018168604651162792 0.016351744186046513
1 0.9433139534883721 0.21638808139534885 0.011627906976744186 0.027252906976744186
1 0.9103682170542635 0.21711482558139536 0.011627906976744186 0.027252906976744186
1 0.8936531007751938 0.21711482558139536 0.011627906976744186 0.027252906976744186
1 0.877422480620155 0.21711482558139536 0.011627906976744186 0.027252906976744186
1 0.9265988372093024 0.2160247093023256 0.011627906976744186 0.027252906976744186
1 0.9987887596899225 0.006540697674418605 0.001937984496124031 0.01308139534883721
1 0.9731104651162791 0.003997093023255814 0.01065891472868217 0.007994186046511628
1 0.9963662790697675 0.04796511627906977 0.006782945736434108 0.016715116279069766
1 0.9579699612403101 0.029251453488372093 0.018168604651162792 0.016351744186046513
1 0.8765746124031008 0.0003633720930232558 0.033187984496124034 0.0007267441860465116
0 0.14874031007751937 0.09702034883720931 0.03875968992248062 0.07267441860465117
3 0.1970687984496124 0.1224563953488372 0.03221899224806202 0.029069767441860465
3 0.17914244186046513 0.41242732558139533 0.033187984496124034 0.030523255813953487
3 0.46693313953488375 0.32321947674418605 0.032703488372093026 0.031613372093023256
3 0.7146317829457365 0.3937136627906977 0.031492248062015504 0.031613372093023256