0 0.9316860465116279 0.08811773255813954 0.13614341085271317 0.17623546511627908
1 0.8137112403100775 0.040697674418604654 0.011143410852713179 0.027616279069767442
1 0.8367248062015504 0.041787790697674417 0.011143410852713179 0.027616279069767442
1 0.8138323643410853 0.004723837209302325 0.011385658914728682 0.00944767441860465
1 0.8368459302325582 0.005268895348837209 0.011385658914728682 0.010537790697674418
1 0.7839147286821705 0.0423328488372093 0.027616279069767442 0.023619186046511628
1 0.7840358527131783 0.009992732558139535 0.027858527131782947 0.01998546511627907
4 0.36094961240310075 0.20730377906976744 0.012596899224806201 0.031613372093023256
4 0.3236434108527132 0.2083938953488372 0.012596899224806201 0.031613372093023256
1 0.34205426356589147 0.20857558139534885 0.011143410852713179 0.027616279069767442
2 0.7267441860465116 0.2414607558139535 0.029069767441860465 0.026526162790697673
2 0.40382751937984496 0.2396438953488372 0.029069767441860465 0.026526162790697673
2 0.5118701550387597 0.23855377906976744 0.029069767441860465 0.026526162790697673
2 0.6191860465116279 0.24037063953488372 0.029069767441860465 0.026526162790697673
4 0.8273982558139535 0.09375 0.021075581395348836 0.019622093023255814
4 0.8227955426356589 0.13263081395348839 0.021075581395348836 0.019622093023255814
4 0.7859738372093024 0.13626453488372092 0.021075581395348836 0.019622093023255814
4 0.8227955426356589 0.15988372093023256 0.021075581395348836 0.019622093023255814
4 0.8510174418604651 0.1373546511627907 0.01308139534883721 0.029796511627906978
4 0.9445251937984496 0.21711482558139536 0.008236434108527133 0.019258720930232558
4 0.9597868217054264 0.21711482558139536 0.008236434108527133 0.019258720930232558
4 0.9811046511627907 0.21820494186046513 0.008236434108527133 0.019258720930232558
1 0.8792393410852714 0.24436773255813954 0.018168604651162792 0.016351744186046513
1 0.8792393410852714 0.18913517441860464 0.018168604651162792 0.016351744186046513
1 0.8794815891472868 0.21638808139534885 0.018168604651162792 0.016351744186046513
1 0.841812015503876 0.42096656976744184 0.01695736434108527 0.015625
1 0.9740794573643411 0.6230014534883721 0.01695736434108527 0.015625
1 0.841812015503876 0.45058139534883723 0.02810077519379845 0.023982558139534885
1 0.9087936046511628 0.5837572674418605 0.010416666666666666 0.0279796511627907
1 0.9100048449612403 0.3424781976744186 0.010416666666666666 0.0279796511627907
1 0.9100048449612403 0.2937863372093023 0.010416666666666666 0.0279796511627907
1 0.9092781007751938 0.4394985465116279 0.010416666666666666 0.0279796511627907
1 0.9092781007751938 0.39153343023255816 0.010416666666666666 0.0279796511627907
1 0.9092781007751938 0.5357921511627907 0.010416666666666666 0.0279796511627907
1 0.9092781007751938 0.4871002906976744 0.010416666666666666 0.0279796511627907
1 0.891109496124031 0.4387718023255814 0.010416666666666666 0.0279796511627907
1 0.8908672480620154 0.5357921511627907 0.010416666666666666 0.0279796511627907
0 0.9654796511627907 0.4405886627906977 0.0685562015503876 0.328125