1 0.1511627906976744 0.04469476744186047 0.011143410852713179 0.027616279069767442
1 0.1741763565891473 0.04469476744186047 0.011143410852713179 0.027616279069767442
0 0.06334786821705427 0.08811773255813954 0.12669573643410853 0.17623546511627908
1 0.20445736434108527 0.045239825581395346 0.027616279069767442 0.023619186046511628
1 0.2038517441860465 0.011446220930232558 0.027858527131782947 0.022892441860465115
1 0.15128391472868216 0.0061773255813953485 0.011385658914728682 0.012354651162790697
1 0.17429748062015504 0.0061773255813953485 0.011385658914728682 0.012354651162790697
4 0.012960271317829458 0.21402616279069767 0.021075581395348836 0.019622093023255814
4 0.05813953488372093 0.2142078488372093 0.008236434108527133 0.019258720930232558
4 0.041182170542635656 0.21457122093023256 0.008236434108527133 0.019258720930232558
1 0.10767926356589147 0.24509447674418605 0.018168604651162792 0.016351744186046513
1 0.10767926356589147 0.19058866279069767 0.018168604651162792 0.016351744186046513
1 0.10743701550387597 0.21784156976744187 0.018168604651162792 0.016351744186046513
1 0.011385658914728682 0.6230014534883721 0.01695736434108527 0.015625
1 0.07691375968992248 0.5848473837209303 0.010416666666666666 0.0279796511627907
1 0.09605135658914729 0.4405886627906977 0.010416666666666666 0.0279796511627907
1 0.078125 0.34211482558139533 0.010416666666666666 0.0279796511627907
1 0.078125 0.2948764534883721 0.010416666666666666 0.0279796511627907
1 0.07739825581395349 0.43840843023255816 0.010416666666666666 0.0279796511627907
1 0.07739825581395349 0.39117005813953487 0.010416666666666666 0.0279796511627907
1 0.07739825581395349 0.5368822674418605 0.010416666666666666 0.0279796511627907
1 0.07739825581395349 0.4881904069767442 0.010416666666666666 0.0279796511627907
1 0.09580910852713179 0.5368822674418605 0.010416666666666666 0.0279796511627907
0 0.028343023255813952 0.4405886627906977 0.056686046511627904 0.328125
4 0.42054263565891475 0.15007267441860464 0.012596899224806201 0.030523255813953487
4 0.5718265503875969 0.5188953488372093 0.018653100775193797 0.01744186046511628
4 0.5718265503875969 0.4909156976744186 0.018653100775193797 0.01744186046511628
4 0.5718265503875969 0.4640261627906977 0.018653100775193797 0.01744186046511628
4 0.5723110465116279 0.4367732558139535 0.018653100775193797 0.01744186046511628
4 0.26780523255813954 0.5181686046511628 0.018653100775193797 0.01744186046511628
4 0.26780523255813954 0.4901889534883721 0.018653100775193797 0.01744186046511628
4 0.26780523255813954 0.4632994186046512 0.018653100775193797 0.01744186046511628
4 0.26780523255813954 0.4367732558139535 0.018653100775193797 0.01744186046511628