0 0.12136627906976744 0.21220930232558138 0.11724806201550388 0.24709302325581395
1 0.0249515503875969 0.1693313953488372 0.011143410852713179 0.027616279069767442
4 0.0249515503875969 0.3235828488372093 0.012596899224806201 0.031613372093023256
4 0.02422480620155039 0.24872819767441862 0.012596899224806201 0.031613372093023256
1 0.14510658914728683 0.7977834302325582 0.027616279069767442 0.025799418604651164
1 0.14510658914728683 0.7254723837209303 0.027616279069767442 0.025799418604651164
1 0.14510658914728683 0.7621729651162791 0.027616279069767442 0.025799418604651164
1 0.1895591085271318 0.7612645348837209 0.04142441860465116 0.08212209302325581
0 0.06334786821705427 0.8875363372093024 0.12669573643410853 0.22420058139534885
1 0.20373062015503876 0.9761991279069767 0.027616279069767442 0.023619186046511628
1 0.20373062015503876 0.9413154069767442 0.027616279069767442 0.023619186046511628
1 0.20373062015503876 0.9078851744186046 0.027616279069767442 0.023619186046511628
1 0.2038517441860465 0.9992732558139535 0.027858527131782947 0.0007267441860465116
1 0.15128391472868216 0.9920058139534884 0.011385658914728682 0.015261627906976744
1 0.17429748062015504 0.9920058139534884 0.011385658914728682 0.015261627906976744
1 0.15188953488372092 0.951671511627907 0.011143410852713179 0.027616279069767442
1 0.1741763565891473 0.951671511627907 0.011143410852713179 0.027616279069767442
1 0.15188953488372092 0.90625 0.011143410852713179 0.027616279069767442
1 0.1741763565891473 0.90625 0.011143410852713179 0.027616279069767442
2 0.4992732558139535 0.7463662790697675 0.02810077519379845 0.025436046511627907
2 0.34714147286821706 0.7445494186046512 0.02810077519379845 0.025436046511627907