2 0.6990067829457365 0.4812863372093023 0.015746124031007752 0.04251453488372093
2 0.7009447674418605 0.41224563953488375 0.015746124031007752 0.04251453488372093
1 0.5244670542635659 0.7667151162790697 0.011143410852713179 0.027616279069767442
1 0.5239825581395349 0.5559593023255814 0.011143410852713179 0.027616279069767442
1 0.5433624031007752 0.5559593023255814 0.011143410852713179 0.027616279069767442
1 0.5637112403100775 0.5555959302325582 0.011143410852713179 0.027616279069767442
1 0.6094961240310077 0.6638808139534884 0.011143410852713179 0.027616279069767442
1 0.5736434108527132 0.7678052325581395 0.011143410852713179 0.027616279069767442
1 0.46984011627906974 0.6217296511627907 0.017684108527131783 0.016715116279069766
1 0.6015019379844961 0.7361918604651163 0.011143410852713179 0.027616279069767442
1 0.6872577519379846 0.747093023255814 0.011143410852713179 0.027616279069767442
0 0.5402131782945736 0.6624273255813954 0.09496124031007752 0.1431686046511628
1 0.4694767441860465 0.6882267441860465 0.018410852713178296 0.016715116279069766
4 0.4337451550387597 0.7183866279069767 0.019137596899224806 0.0188953488372093
4 0.4337451550387597 0.6682412790697675 0.019137596899224806 0.0188953488372093
4 0.4344718992248062 0.6428052325581395 0.019137596899224806 0.0188953488372093
4 0.4344718992248062 0.6188226744186046 0.019137596899224806 0.0188953488372093
4 0.4337451550387597 0.6944040697674418 0.019137596899224806 0.0188953488372093
4 0.5046027131782945 0.8043241279069767 0.01986434108527132 0.017805232558139535
4 0.6153100775193798 0.6998546511627907 0.01986434108527132 0.016715116279069766
4 0.780281007751938 0.6101017441860465 0.01986434108527132 0.016715116279069766
4 0.780281007751938 0.6398982558139535 0.01986434108527132 0.016715116279069766
4 0.40758236434108525 0.7894258720930233 0.01187015503875969 0.031613372093023256
1 0.7123304263565892 0.740734011627907 0.023013565891472867 0.05123546511627907
1 0.6345687984496124 0.7447311046511628 0.023013565891472867 0.05123546511627907
1 0.8048691860465116 0.7567223837209303 0.042877906976744186 0.08103197674418605
1 0.8443556201550387 0.7950581395348837 0.028343023255813952 0.024709302325581394
1 0.8443556201550387 0.7227470930232558 0.028343023255813952 0.024709302325581394
1 0.8436288759689923 0.7594476744186046 0.028343023255813952 0.024709302325581394
2 0.2548449612403101 0.8014171511627907 0.029069767441860465 0.025799418604651164
2 0.30886627906976744 0.8014171511627907 0.029069767441860465 0.025799418604651164
4 0.1753875968992248 0.879905523255814 0.012596899224806201 0.028706395348837208
4 0.1753875968992248 0.8293968023255814 0.012596899224806201 0.028706395348837208
2 0.36579457364341084 0.96875 0.016472868217054265 0.04433139534883721
0 0.9316860465116279 0.8875363372093024 0.13614341085271317 0.22420058139534885
4 0.5890261627906976 0.9805595930232558 0.01187015503875969 0.031613372093023256
4 0.5882994186046512 0.9362281976744186 0.01187015503875969 0.031613372093023256
4 0.5434835271317829 0.9798328488372093 0.01187015503875969 0.031613372093023256
4 0.5427567829457365 0.9355014534883721 0.01187015503875969 0.031613372093023256
1 0.8138323643410853 0.9905523255813954 0.011385658914728682 0.018168604651162792
1 0.8368459302325582 0.9910973837209303 0.011385658914728682 0.017078488372093022
1 0.8137112403100775 0.9487645348837209 0.011143410852713179 0.027616279069767442
1 0.8367248062015504 0.9498546511627907 0.011143410852713179 0.027616279069767442
1 0.8137112403100775 0.903343023255814 0.011143410852713179 0.027616279069767442
1 0.8367248062015504 0.9044331395348837 0.011143410852713179 0.027616279069767442
1 0.7846414728682171 0.9732921511627907 0.027616279069767442 0.023619186046511628
1 0.7846414728682171 0.9384084302325582 0.027616279069767442 0.023619186046511628
1 0.7846414728682171 0.9049781976744186 0.027616279069767442 0.023619186046511628
1 0.7840358527131783 0.9978197674418605 0.027858527131782947 0.003633720930232558