1 0.6823027718550106 0.8846153846153846 0.039445628997867806 0.03365384615384615
1 0.6226012793176973 0.7980769230769231 0.024520255863539446 0.02564102564102564
1 0.5842217484008528 0.7996794871794872 0.0255863539445629 0.02403846153846154
1 0.43603411513859275 0.8028846153846154 0.0255863539445629 0.02564102564102564
1 0.3837953091684435 0.8044871794871795 0.0255863539445629 0.02564102564102564
1 0.34754797441364604 0.8044871794871795 0.0255863539445629 0.02564102564102564
1 0.31023454157782515 0.8044871794871795 0.0255863539445629 0.02403846153846154
1 0.6652452025586354 0.6474358974358975 0.0255863539445629 0.02564102564102564
1 0.6652452025586354 0.6794871794871795 0.0255863539445629 0.02564102564102564
1 0.6652452025586354 0.7115384615384616 0.024520255863539446 0.02564102564102564
1 0.6652452025586354 0.7435897435897436 0.024520255863539446 0.02564102564102564
1 0.6652452025586354 0.6217948717948718 0.01279317697228145 0.011217948717948718
1 0.7025586353944563 0.530448717948718 0.019189765458422176 0.016025641025641024
1 0.664179104477612 0.4791666666666667 0.013859275053304905 0.01282051282051282
1 0.746268656716418 0.46153846153846156 0.01279317697228145 0.011217948717948718
1 0.767590618336887 0.46153846153846156 0.01279317697228145 0.011217948717948718
1 0.7814498933901919 0.4358974358974359 0.007462686567164179 0.019230769230769232
1 0.7547974413646056 0.4358974358974359 0.007462686567164179 0.017628205128205128
1 0.7068230277185501 0.36698717948717946 0.019189765458422176 0.017628205128205128
1 0.7388059701492538 0.3269230769230769 0.007462686567164179 0.019230769230769232
1 0.7388059701492538 0.29967948717948717 0.007462686567164179 0.019230769230769232
1 0.7643923240938166 0.2644230769230769 0.007462686567164179 0.019230769230769232
1 0.8336886993603412 0.18269230769230768 0.008528784648187633 0.020833333333333332
1 0.8326226012793176 0.15064102564102563 0.007462686567164179 0.020833333333333332
1 0.7494669509594882 0.15544871794871795 0.008528784648187633 0.020833333333333332
1 0.5501066098081023 0.16346153846153846 0.011727078891257996 0.030448717948717948
1 0.5330490405117271 0.16346153846153846 0.011727078891257996 0.030448717948717948
1 0.5138592750533049 0.1778846153846154 0.01279317697228145 0.011217948717948718
1 0.55863539445629 0.21634615384615385 0.013859275053304905 0.011217948717948718
1 0.6780383795309168 0.0625 0.01279317697228145 0.011217948717948718
1 0.6780383795309168 0.04326923076923077 0.01279317697228145 0.011217948717948718
1 0.40298507462686567 0.32211538461538464 0.007462686567164179 0.020833333333333332
1 0.31130063965884863 0.27724358974358976 0.015991471215351813 0.03685897435897436
1 0.5138592750533049 0.016025641025641024 0.01279317697228145 0.011217948717948718
1 0.55863539445629 0.05608974358974359 0.013859275053304905 0.011217948717948718
1 0.5319829424307037 0.009615384615384616 0.01279317697228145 0.016025641025641024
1 0.5501066098081023 0.008814102564102564 0.01279317697228145 0.014423076923076924
4 0.697228144989339 0.5512820512820513 0.015991471215351813 0.01282051282051282
4 0.826226012793177 0.4342948717948718 0.008528784648187633 0.020833333333333332
4 0.8134328358208955 0.4342948717948718 0.008528784648187633 0.020833333333333332
4 0.767590618336887 0.4342948717948718 0.008528784648187633 0.022435897435897436
4 0.7409381663113006 0.4358974358974359 0.008528784648187633 0.022435897435897436
4 0.7388059701492538 0.38301282051282054 0.008528784648187633 0.020833333333333332
4 0.7025586353944563 0.38782051282051283 0.014925373134328358 0.01282051282051282
4 0.7388059701492538 0.3525641025641026 0.007462686567164179 0.022435897435897436
4 0.5618336886993603 0.4823717948717949 0.008528784648187633 0.020833333333333332
4 0.55863539445629 0.3301282051282051 0.009594882729211088 0.022435897435897436
4 0.39019189765458423 0.32211538461538464 0.008528784648187633 0.022435897435897436
4 0.3742004264392324 0.32211538461538464 0.008528784648187633 0.022435897435897436
4 0.35714285714285715 0.4439102564102564 0.008528784648187633 0.020833333333333332
1 0.4051172707889126 0.4775641025641026 0.007462686567164179 0.020833333333333332
4 0.39339019189765456 0.4775641025641026 0.008528784648187633 0.022435897435897436
4 0.3773987206823028 0.4775641025641026 0.008528784648187633 0.022435897435897436
4 0.8326226012793176 0.22596153846153846 0.008528784648187633 0.022435897435897436
4 0.7398720682302772 0.266025641025641 0.008528784648187633 0.022435897435897436
4 0.7515991471215352 0.2644230769230769 0.008528784648187633 0.022435897435897436
4 0.7622601279317697 0.09775641025641026 0.008528784648187633 0.022435897435897436
4 0.8049040511727079 0.22596153846153846 0.008528784648187633 0.019230769230769232
4 0.8208955223880597 0.22596153846153846 0.008528784648187633 0.020833333333333332
4 0.802771855010661 0.09775641025641026 0.008528784648187633 0.022435897435897436
4 0.7782515991471215 0.09775641025641026 0.008528784648187633 0.022435897435897436
4 0.7921108742004265 0.09775641025641026 0.008528784648187633 0.022435897435897436
4 0.7569296375266524 0.22916666666666666 0.008528784648187633 0.019230769230769232
4 0.7398720682302772 0.22916666666666666 0.008528784648187633 0.020833333333333332
4 0.7473347547974414 0.1907051282051282 0.014925373134328358 0.01282051282051282
4 0.55863539445629 0.23397435897435898 0.013859275053304905 0.011217948717948718
4 0.5565031982942431 0.25801282051282054 0.008528784648187633 0.020833333333333332
4 0.55863539445629 0.07211538461538461 0.013859275053304905 0.011217948717948718
4 0.5554371002132196 0.09615384615384616 0.008528784648187633 0.020833333333333332
4 0.7899786780383795 0.2644230769230769 0.008528784648187633 0.022435897435897436
4 0.8326226012793176 0.2644230769230769 0.008528784648187633 0.022435897435897436
4 0.8059701492537313 0.266025641025641 0.008528784648187633 0.022435897435897436
4 0.8208955223880597 0.2644230769230769 0.008528784648187633 0.022435897435897436
4 0.8038379530916845 0.0673076923076923 0.013859275053304905 0.01282051282051282
4 0.8038379530916845 0.046474358974358976 0.014925373134328358 0.01282051282051282
4 0.8113006396588486 0.004807692307692308 0.014925373134328358 0.00641025641025641
1 0.7974413646055437 0.008012820512820512 0.008528784648187633 0.01282051282051282
1 0.8187633262260128 0.7451923076923077 0.07462686567164178 0.11698717948717949
1 0.6556503198294243 0.16025641025641027 0.07462686567164178 0.11698717948717949
3 0.7238805970149254 0.7451923076923077 0.053304904051172705 0.08974358974358974
0 0.6439232409381663 0.5544871794871795 0.06183368869936034 0.10737179487179487
0 0.6449893390191898 0.40384615384615385 0.06183368869936034 0.10737179487179487
0 0.509594882729211 0.2387820512820513 0.060767590618336885 0.09294871794871795
0 0.509594882729211 0.07532051282051282 0.060767590618336885 0.09294871794871795
0 0.7825159914712153 0.34615384615384615 0.06183368869936034 0.08974358974358974
0 0.7910447761194029 0.16506410256410256 0.03731343283582089 0.057692307692307696
4 0.826226012793177 0.38621794871794873 0.009594882729211088 0.022435897435897436
0 0.7372068230277186 0.029647435897435896 0.07569296375266525 0.05608974358974359
3 0.5394456289978679 0.5512820512820513 0.11087420042643924 0.11858974358974358
3 0.5362473347547975 0.40064102564102566 0.11513859275053305 0.11858974358974358
3 0.39125799573560766 0.23237179487179488 0.11513859275053305 0.11858974358974358
3 0.39339019189765456 0.07532051282051282 0.11513859275053305 0.11858974358974358
0 0.38486140724946694 0.40544871794871795 0.03731343283582089 0.052884615384615384
1 0.12366737739872068 0.8028846153846154 0.0255863539445629 0.02564102564102564
1 0.16098081023454158 0.8044871794871795 0.0255863539445629 0.02564102564102564
1 0.19829424307036247 0.8044871794871795 0.0255863539445629 0.02564102564102564
1 0.2345415778251599 0.8044871794871795 0.0255863539445629 0.02564102564102564
1 0.01279317697228145 0.8036858974358975 0.023454157782515993 0.027243589743589744
1 0.04904051172707889 0.8044871794871795 0.0255863539445629 0.02564102564102564
1 0.08635394456289978 0.8044871794871795 0.0255863539445629 0.02564102564102564
1 0.2878464818763326 0.27884615384615385 0.017057569296375266 0.038461538461538464
1 0.28038379530916846 0.11217948717948718 0.017057569296375266 0.04006410256410257
1 0.25692963752665243 0.11217948717948718 0.015991471215351813 0.038461538461538464
1 0.2345415778251599 0.11378205128205128 0.01812366737739872 0.038461538461538464