1 0.6821946169772257 0.6277258566978193 0.016563146997929608 0.037383177570093455
1 0.6107660455486542 0.6230529595015576 0.012422360248447204 0.010903426791277258
1 0.7028985507246377 0.6214953271028038 0.007246376811594203 0.017133956386292833
1 0.943064182194617 0.618380062305296 0.008281573498964804 0.018691588785046728
1 0.9554865424430642 0.616822429906542 0.007246376811594203 0.018691588785046728
4 0.8374741200828157 0.6090342679127726 0.013457556935817806 0.012461059190031152
1 0.8768115942028986 0.6074766355140186 0.012422360248447204 0.029595015576323987
1 0.6635610766045549 0.6074766355140186 0.013457556935817806 0.010903426791277258
1 0.9026915113871635 0.6059190031152648 0.018633540372670808 0.017133956386292833
1 0.8633540372670807 0.5965732087227414 0.007246376811594203 0.020249221183800622
4 0.7246376811594203 0.5919003115264797 0.008281573498964804 0.020249221183800622
4 0.8167701863354038 0.5919003115264797 0.007246376811594203 0.020249221183800622
1 0.8053830227743272 0.5919003115264797 0.008281573498964804 0.018691588785046728
4 0.7028985507246377 0.5919003115264797 0.008281573498964804 0.020249221183800622
4 0.8374741200828157 0.5903426791277259 0.013457556935817806 0.012461059190031152
1 0.6200828157349897 0.5763239875389408 0.012422360248447204 0.010903426791277258
4 0.8374741200828157 0.5700934579439252 0.013457556935817806 0.012461059190031152
1 0.6842650103519669 0.5607476635514018 0.017598343685300208 0.040498442367601244
1 0.6200828157349897 0.559190031152648 0.012422360248447204 0.010903426791277258
1 0.6635610766045549 0.559190031152648 0.015527950310559006 0.037383177570093455
1 0.8074534161490683 0.5545171339563862 0.008281573498964804 0.020249221183800622
1 0.8374741200828157 0.5529595015576324 0.012422360248447204 0.012461059190031152
4 0.7008281573498965 0.5498442367601246 0.007246376811594203 0.02336448598130841
3 0.9648033126293996 0.5366043613707165 0.06832298136645963 0.11682242990654206
0 0.7484472049689441 0.5295950155763239 0.044513457556935816 0.08566978193146417
1 0.8799171842650103 0.5280373831775701 0.07349896480331262 0.11214953271028037
1 0.8074534161490683 0.5093457943925234 0.011387163561076604 0.03115264797507788
1 0.6045548654244306 0.5031152647975078 0.012422360248447204 0.010903426791277258
1 0.6055900621118012 0.48598130841121495 0.012422360248447204 0.010903426791277258
1 0.8074534161490683 0.4766355140186916 0.012422360248447204 0.010903426791277258
1 0.7701863354037267 0.4735202492211838 0.013457556935817806 0.010903426791277258
1 0.7463768115942029 0.4470404984423676 0.007246376811594203 0.020249221183800622
1 0.7577639751552795 0.4454828660436137 0.007246376811594203 0.020249221183800622
1 0.5993788819875776 0.40498442367601245 0.013457556935817806 0.010903426791277258
1 0.6739130434782609 0.3956386292834891 0.049689440993788817 0.1308411214953271
1 0.5993788819875776 0.3878504672897196 0.013457556935817806 0.010903426791277258
4 0.9968944099378882 0.3707165109034268 0.004140786749482402 0.01557632398753894
1 0.8830227743271222 0.3691588785046729 0.018633540372670808 0.01557632398753894
1 0.9140786749482401 0.3691588785046729 0.018633540372670808 0.01557632398753894
1 0.5993788819875776 0.3613707165109034 0.013457556935817806 0.010903426791277258
1 0.937888198757764 0.3598130841121495 0.010351966873706004 0.028037383177570093
4 0.9974120082815735 0.35202492211838005 0.003105590062111801 0.01557632398753894
4 0.9875776397515528 0.34890965732087226 0.009316770186335404 0.020249221183800622
4 0.8985507246376812 0.34579439252336447 0.013457556935817806 0.012461059190031152
1 0.5993788819875776 0.3442367601246106 0.013457556935817806 0.010903426791277258
4 0.9606625258799172 0.3442367601246106 0.013457556935817806 0.012461059190031152
4 0.7412008281573499 0.32242990654205606 0.008281573498964804 0.020249221183800622
1 0.5993788819875776 0.31931464174454827 0.013457556935817806 0.010903426791277258
4 0.9668737060041408 0.3099688473520249 0.008281573498964804 0.020249221183800622
1 0.9368530020703933 0.3052959501557632 0.010351966873706004 0.028037383177570093
1 0.5993788819875776 0.30218068535825543 0.013457556935817806 0.010903426791277258
2 0.7681159420289855 0.30218068535825543 0.034161490683229816 0.024922118380062305
4 0.8664596273291926 0.29750778816199375 0.008281573498964804 0.021806853582554516
4 0.7981366459627329 0.29595015576323985 0.013457556935817806 0.012461059190031152
4 0.9109730848861284 0.29595015576323985 0.007246376811594203 0.018691588785046728
4 0.8975155279503105 0.29595015576323985 0.008281573498964804 0.020249221183800622
4 0.8291925465838509 0.29439252336448596 0.007246376811594203 0.020249221183800622
4 0.8840579710144928 0.29439252336448596 0.007246376811594203 0.020249221183800622
4 0.8178053830227743 0.29283489096573206 0.008281573498964804 0.021806853582554516
1 0.6004140786749482 0.27414330218068533 0.013457556935817806 0.010903426791277258
1 0.6004140786749482 0.2585669781931464 0.013457556935817806 0.010903426791277258
1 0.6004140786749482 0.2336448598130841 0.013457556935817806 0.010903426791277258
1 0.6004140786749482 0.21651090342679127 0.013457556935817806 0.010903426791277258
4 0.6614906832298136 0.13707165109034267 0.013457556935817806 0.012461059190031152
4 0.6614906832298136 0.11838006230529595 0.012422360248447204 0.014018691588785047
4 0.6625258799171843 0.09968847352024922 0.013457556935817806 0.012461059190031152
4 0.6625258799171843 0.08099688473520249 0.012422360248447204 0.01557632398753894
4 0.6625258799171843 0.06230529595015576 0.013457556935817806 0.012461059190031152
4 0.6625258799171843 0.04361370716510903 0.014492753623188406 0.012461059190031152
4 0.6625258799171843 0.024922118380062305 0.013457556935817806 0.014018691588785047
4 0.6635610766045549 0.006230529595015576 0.014492753623188406 0.009345794392523364
1 0.922360248447205 0.8411214953271028 0.013457556935817806 0.012461059190031152
1 0.9213250517598344 0.82398753894081 0.013457556935817806 0.010903426791277258
1 0.8716356107660456 0.7616822429906542 0.056935817805383024 0.06074766355140187
4 0.7805383022774327 0.7554517133956387 0.014492753623188406 0.012461059190031152
0 0.6304347826086957 0.7476635514018691 0.033126293995859216 0.03115264797507788
1 0.7215320910973085 0.7367601246105919 0.012422360248447204 0.010903426791277258
4 0.9585921325051759 0.7227414330218068 0.013457556935817806 0.012461059190031152
1 0.855072463768116 0.7165109034267912 0.011387163561076604 0.010903426791277258
4 0.7981366459627329 0.7149532710280374 0.013457556935817806 0.010903426791277258
4 0.6997929606625258 0.7118380062305296 0.008281573498964804 0.021806853582554516
4 0.6873706004140787 0.7118380062305296 0.008281573498964804 0.021806853582554516
1 0.8840579710144928 0.7102803738317757 0.008281573498964804 0.021806853582554516
4 0.870600414078675 0.7102803738317757 0.009316770186335404 0.021806853582554516
4 0.9585921325051759 0.7040498442367601 0.013457556935817806 0.012461059190031152
4 0.9140786749482401 0.7040498442367601 0.013457556935817806 0.012461059190031152
1 0.6708074534161491 0.677570093457944 0.024844720496894408 0.024922118380062305
1 0.8209109730848861 0.67601246105919 0.012422360248447204 0.03115264797507788
1 0.8064182194616977 0.67601246105919 0.008281573498964804 0.020249221183800622
0 0.9901656314699793 0.6736760124610592 0.017598343685300208 0.10747663551401869
1 0.9658385093167702 0.6635514018691588 0.007246376811594203 0.020249221183800622
0 0.7474120082815735 0.6588785046728972 0.044513457556935816 0.08566978193146417
1 0.9513457556935818 0.6542056074766355 0.010351966873706004 0.0264797507788162
1 0.6107660455486542 0.6401869158878505 0.012422360248447204 0.010903426791277258