1 0.3270042194092827 0.8433544303797469 0.039029535864978905 0.03322784810126582
1 0.3860759493670886 0.7579113924050633 0.024261603375527425 0.02531645569620253
1 0.4240506329113924 0.759493670886076 0.02531645569620253 0.023734177215189875
1 0.570675105485232 0.7626582278481012 0.02531645569620253 0.02531645569620253
1 0.6223628691983122 0.7642405063291139 0.02531645569620253 0.02531645569620253
1 0.6582278481012658 0.7642405063291139 0.02531645569620253 0.02531645569620253
1 0.6951476793248945 0.7642405063291139 0.02531645569620253 0.023734177215189875
1 0.3438818565400844 0.6091772151898734 0.02531645569620253 0.02531645569620253
1 0.3438818565400844 0.6408227848101266 0.02531645569620253 0.02531645569620253
1 0.3438818565400844 0.6724683544303798 0.024261603375527425 0.02531645569620253
1 0.3438818565400844 0.7041139240506329 0.024261603375527425 0.02531645569620253
1 0.3438818565400844 0.5838607594936709 0.012658227848101266 0.011075949367088608
1 0.3069620253164557 0.4936708860759494 0.0189873417721519 0.015822784810126583
1 0.3449367088607595 0.4430379746835443 0.013713080168776372 0.012658227848101266
1 0.26371308016877637 0.42563291139240506 0.012658227848101266 0.011075949367088608
1 0.24261603375527427 0.42563291139240506 0.012658227848101266 0.011075949367088608
1 0.2289029535864979 0.40031645569620256 0.007383966244725738 0.0189873417721519
1 0.2552742616033755 0.40031645569620256 0.007383966244725738 0.01740506329113924
1 0.3027426160337553 0.3322784810126582 0.0189873417721519 0.01740506329113924
1 0.27109704641350213 0.2927215189873418 0.007383966244725738 0.0189873417721519
1 0.27109704641350213 0.26582278481012656 0.007383966244725738 0.0189873417721519
1 0.24578059071729957 0.2310126582278481 0.007383966244725738 0.0189873417721519
1 0.17721518987341772 0.15031645569620253 0.008438818565400843 0.020569620253164556
1 0.17827004219409281 0.11867088607594936 0.007383966244725738 0.020569620253164556
1 0.26054852320675104 0.12341772151898735 0.008438818565400843 0.020569620253164556
1 0.4578059071729958 0.13132911392405064 0.011603375527426161 0.030063291139240507
1 0.47468354430379744 0.13132911392405064 0.011603375527426161 0.030063291139240507
1 0.4936708860759494 0.14556962025316456 0.012658227848101266 0.011075949367088608
1 0.44936708860759494 0.18354430379746836 0.013713080168776372 0.011075949367088608
1 0.33122362869198313 0.03164556962025317 0.012658227848101266 0.011075949367088608
1 0.33122362869198313 0.012658227848101266 0.012658227848101266 0.011075949367088608
1 0.6033755274261603 0.2879746835443038 0.007383966244725738 0.020569620253164556
1 0.6940928270042194 0.24367088607594936 0.015822784810126583 0.03639240506329114
1 0.44936708860759494 0.02531645569620253 0.013713080168776372 0.011075949367088608
4 0.31223628691983124 0.5142405063291139 0.015822784810126583 0.012658227848101266
4 0.18459915611814345 0.3987341772151899 0.008438818565400843 0.020569620253164556
4 0.19725738396624473 0.3987341772151899 0.008438818565400843 0.020569620253164556
4 0.24261603375527427 0.3987341772151899 0.008438818565400843 0.022151898734177215
4 0.2689873417721519 0.40031645569620256 0.008438818565400843 0.022151898734177215
4 0.27109704641350213 0.34810126582278483 0.008438818565400843 0.020569620253164556
4 0.3069620253164557 0.3528481012658228 0.014767932489451477 0.012658227848101266
4 0.27109704641350213 0.3180379746835443 0.007383966244725738 0.022151898734177215
4 0.4462025316455696 0.4462025316455696 0.008438818565400843 0.020569620253164556
4 0.44936708860759494 0.2958860759493671 0.00949367088607595 0.022151898734177215
4 0.6160337552742616 0.2879746835443038 0.008438818565400843 0.022151898734177215
4 0.6318565400843882 0.2879746835443038 0.008438818565400843 0.022151898734177215
4 0.6487341772151899 0.40822784810126583 0.008438818565400843 0.020569620253164556
1 0.6012658227848101 0.44145569620253167 0.007383966244725738 0.020569620253164556
4 0.6128691983122363 0.44145569620253167 0.008438818565400843 0.022151898734177215
4 0.6286919831223629 0.44145569620253167 0.008438818565400843 0.022151898734177215
4 0.17827004219409281 0.1930379746835443 0.008438818565400843 0.022151898734177215
4 0.270042194092827 0.23259493670886075 0.008438818565400843 0.022151898734177215
4 0.25843881856540085 0.2310126582278481 0.008438818565400843 0.022151898734177215
4 0.2478902953586498 0.06645569620253164 0.008438818565400843 0.022151898734177215
4 0.20569620253164558 0.1930379746835443 0.008438818565400843 0.0189873417721519
4 0.189873417721519 0.1930379746835443 0.008438818565400843 0.020569620253164556
4 0.20780590717299577 0.06645569620253164 0.008438818565400843 0.022151898734177215
4 0.2320675105485232 0.06645569620253164 0.008438818565400843 0.022151898734177215
4 0.21835443037974683 0.06645569620253164 0.008438818565400843 0.022151898734177215
4 0.25316455696202533 0.1962025316455696 0.008438818565400843 0.0189873417721519
4 0.270042194092827 0.1962025316455696 0.008438818565400843 0.020569620253164556
4 0.2626582278481013 0.15822784810126583 0.014767932489451477 0.012658227848101266
4 0.44936708860759494 0.20094936708860758 0.013713080168776372 0.011075949367088608
4 0.45147679324894513 0.22468354430379747 0.008438818565400843 0.020569620253164556
4 0.44936708860759494 0.04113924050632911 0.013713080168776372 0.011075949367088608
4 0.4525316455696203 0.06487341772151899 0.008438818565400843 0.020569620253164556
4 0.22046413502109705 0.2310126582278481 0.008438818565400843 0.022151898734177215
4 0.17827004219409281 0.2310126582278481 0.008438818565400843 0.022151898734177215
4 0.20464135021097046 0.23259493670886075 0.008438818565400843 0.022151898734177215
4 0.189873417721519 0.2310126582278481 0.008438818565400843 0.022151898734177215
4 0.20675105485232068 0.03639240506329114 0.013713080168776372 0.012658227848101266
4 0.20675105485232068 0.015822784810126583 0.014767932489451477 0.012658227848101266
1 0.19198312236286919 0.7056962025316456 0.07383966244725738 0.11550632911392406
1 0.35337552742616035 0.1281645569620253 0.07383966244725738 0.11550632911392406
3 0.2858649789029536 0.7056962025316456 0.052742616033755275 0.08860759493670886
0 0.3649789029535865 0.5174050632911392 0.06118143459915612 0.1060126582278481
0 0.3639240506329114 0.3686708860759494 0.06118143459915612 0.1060126582278481
0 0.4978902953586498 0.20569620253164558 0.060126582278481014 0.09177215189873418
0 0.4978902953586498 0.04588607594936709 0.06118143459915612 0.08860759493670886
0 0.22784810126582278 0.31170886075949367 0.06118143459915612 0.08860759493670886
0 0.21940928270042195 0.13291139240506328 0.03691983122362869 0.056962025316455694
4 0.18459915611814345 0.3512658227848101 0.00949367088607595 0.022151898734177215
0 0.27267932489451474 0.014240506329113924 0.07489451476793249 0.02531645569620253
3 0.46835443037974683 0.5142405063291139 0.10970464135021098 0.11708860759493671
3 0.47151898734177217 0.36550632911392406 0.11392405063291139 0.11708860759493671
3 0.6149789029535865 0.19936708860759494 0.11392405063291139 0.11708860759493671
3 0.6133966244725738 0.05221518987341772 0.1149789029535865 0.10126582278481013
0 0.6213080168776371 0.370253164556962 0.03691983122362869 0.05221518987341772
1 0.879746835443038 0.7626582278481012 0.02531645569620253 0.02531645569620253
1 0.8428270042194093 0.7642405063291139 0.02531645569620253 0.02531645569620253
1 0.8059071729957806 0.7642405063291139 0.02531645569620253 0.02531645569620253
1 0.770042194092827 0.7642405063291139 0.02531645569620253 0.02531645569620253
1 0.9883966244725738 0.7634493670886076 0.02109704641350211 0.02689873417721519
1 0.9535864978902954 0.7642405063291139 0.02531645569620253 0.02531645569620253
1 0.9166666666666666 0.7642405063291139 0.02531645569620253 0.02531645569620253
1 0.7172995780590717 0.24525316455696203 0.016877637130801686 0.0379746835443038
1 0.7246835443037974 0.08069620253164557 0.016877637130801686 0.03955696202531646
1 0.7478902953586498 0.08069620253164557 0.015822784810126583 0.0379746835443038
1 0.770042194092827 0.08227848101265822 0.017932489451476793 0.0379746835443038