1 0.7114624505928854 0.7848664688427299 0.023715415019762844 0.02373887240356083
1 0.7460474308300395 0.7848664688427299 0.023715415019762844 0.02373887240356083
1 0.983201581027668 0.7863501483679525 0.023715415019762844 0.02373887240356083
1 0.9496047430830039 0.7863501483679525 0.023715415019762844 0.02373887240356083
1 0.8478260869565217 0.7863501483679525 0.023715415019762844 0.02373887240356083
1 0.8142292490118577 0.7848664688427299 0.023715415019762844 0.02373887240356083
1 0.7796442687747036 0.7848664688427299 0.023715415019762844 0.02373887240356083
1 0.7183794466403162 0.08753709198813056 0.015810276679841896 0.037091988130563795
1 0.7183794466403162 0.032640949554896145 0.015810276679841896 0.037091988130563795
1 0.8843873517786561 0.08753709198813056 0.015810276679841896 0.037091988130563795
1 0.8843873517786561 0.03412462908011869 0.015810276679841896 0.037091988130563795
1 0.7549407114624506 0.08753709198813056 0.015810276679841896 0.037091988130563795
1 0.7549407114624506 0.032640949554896145 0.015810276679841896 0.037091988130563795
1 0.8468379446640316 0.08902077151335312 0.015810276679841896 0.037091988130563795
1 0.8468379446640316 0.03412462908011869 0.015810276679841896 0.037091988130563795
1 0.8656126482213439 0.08753709198813056 0.015810276679841896 0.037091988130563795
1 0.8656126482213439 0.03412462908011869 0.015810276679841896 0.037091988130563795
1 0.8102766798418972 0.08753709198813056 0.015810276679841896 0.037091988130563795
1 0.8102766798418972 0.03412462908011869 0.015810276679841896 0.037091988130563795
1 0.8290513833992095 0.08753709198813056 0.015810276679841896 0.037091988130563795
1 0.8290513833992095 0.032640949554896145 0.015810276679841896 0.037091988130563795
1 0.7737154150197628 0.08902077151335312 0.015810276679841896 0.037091988130563795
1 0.7737154150197628 0.03412462908011869 0.015810276679841896 0.037091988130563795
1 0.791501976284585 0.08753709198813056 0.015810276679841896 0.037091988130563795
1 0.791501976284585 0.03412462908011869 0.015810276679841896 0.037091988130563795
1 0.7371541501976284 0.08753709198813056 0.015810276679841896 0.037091988130563795
1 0.7361660079051383 0.03412462908011869 0.015810276679841896 0.037091988130563795
1 0.91600790513834 0.7863501483679525 0.019762845849802372 0.016320474777448073
1 0.07509881422924901 0.5563798219584569 0.014822134387351778 0.03412462908011869
1 0.09486166007905138 0.5563798219584569 0.014822134387351778 0.032640949554896145
1 0.12944664031620554 0.5890207715133531 0.017786561264822136 0.016320474777448073
1 0.1541501976284585 0.5890207715133531 0.011857707509881422 0.010385756676557863
1 0.030632411067193676 0.5712166172106825 0.009881422924901186 0.026706231454005934
1 0.06126482213438735 0.629080118694362 0.00691699604743083 0.017804154302670624
1 0.15118577075098813 0.008902077151335312 0.019762845849802372 0.017804154302670624
1 0.13191699604743082 0.005934718100890208 0.008893280632411068 0.011869436201780416
1 0.12104743083003952 0.005934718100890208 0.008893280632411068 0.011869436201780416
1 0.06719367588932806 0.04302670623145401 0.010869565217391304 0.010385756676557863
1 0.06719367588932806 0.05934718100890208 0.012845849802371542 0.010385756676557863
1 0.15217391304347827 0.04599406528189911 0.010869565217391304 0.010385756676557863
1 0.15217391304347827 0.06231454005934718 0.011857707509881422 0.010385756676557863
1 0.15118577075098813 0.0771513353115727 0.011857707509881422 0.011869436201780416
1 0.15217391304347827 0.09347181008902077 0.011857707509881422 0.010385756676557863
1 0.09683794466403162 0.13353115727002968 0.00691699604743083 0.019287833827893175
1 0.08596837944664032 0.13204747774480713 0.00691699604743083 0.017804154302670624
1 0.2924901185770751 0.019287833827893175 0.011857707509881422 0.011869436201780416
1 0.23616600790513834 0.15875370919881307 0.036561264822134384 0.028189910979228485
1 0.23616600790513834 0.19881305637982197 0.036561264822134384 0.02967359050445104
1 0.2381422924901186 0.23293768545994065 0.018774703557312252 0.016320474777448073
1 0.2826086956521739 0.28041543026706234 0.012845849802371542 0.011869436201780416
1 0.2826086956521739 0.31602373887240354 0.011857707509881422 0.008902077151335312
1 0.208498023715415 0.32344213649851633 0.012845849802371542 0.010385756676557863
1 0.14525691699604742 0.41097922848664686 0.022727272727272728 0.02225519287833828
1 0.1442687747035573 0.44510385756676557 0.021739130434782608 0.02225519287833828
1 0.08300395256916997 0.4287833827893175 0.011857707509881422 0.011869436201780416
1 0.05928853754940711 0.4732937685459941 0.011857707509881422 0.010385756676557863
1 0.040513833992094864 0.4732937685459941 0.011857707509881422 0.010385756676557863
4 0.31966403162055335 0.002967359050445104 0.014822134387351778 0.005934718100890208
4 0.3201581027667984 0.019287833827893175 0.012845849802371542 0.011869436201780416
4 0.34535573122529645 0.002967359050445104 0.014822134387351778 0.005934718100890208
4 0.3458498023715415 0.019287833827893175 0.011857707509881422 0.011869436201780416
4 0.0800395256916996 0.005934718100890208 0.009881422924901186 0.011869436201780416
4 0.10770750988142293 0.13204747774480713 0.007905138339920948 0.020771513353115726
4 0.3458498023715415 0.05341246290801187 0.012845849802371542 0.011869436201780416
4 0.3458498023715415 0.08902077151335312 0.012845849802371542 0.013353115727002967
4 0.2924901185770751 0.05341246290801187 0.012845849802371542 0.011869436201780416
1 0.3201581027667984 0.05341246290801187 0.012845849802371542 0.011869436201780416
4 0.11017786561264822 0.005934718100890208 0.008893280632411068 0.011869436201780416
4 0.10128458498023715 0.005934718100890208 0.008893280632411068 0.011869436201780416
4 0.11857707509881422 0.13204747774480713 0.00691699604743083 0.019287833827893175
4 0.13932806324110672 0.13353115727002968 0.007905138339920948 0.020771513353115726
4 0.0029644268774703555 0.10682492581602374 0.003952569169960474 0.020771513353115726
4 0.012845849802371542 0.10682492581602374 0.007905138339920948 0.019287833827893175
4 0.025691699604743084 0.10682492581602374 0.00691699604743083 0.019287833827893175
4 0.03557312252964427 0.14836795252225518 0.007905138339920948 0.019287833827893175
4 0.023715415019762844 0.14688427299703263 0.007905138339920948 0.020771513353115726
4 0.012845849802371542 0.14688427299703263 0.007905138339920948 0.020771513353115726
4 0.0029644268774703555 0.1476261127596439 0.003952569169960474 0.019287833827893175
4 0.0958498023715415 0.18991097922848665 0.007905138339920948 0.020771513353115726
4 0.1432806324110672 0.2166172106824926 0.007905138339920948 0.019287833827893175
4 0.1541501976284585 0.21810089020771514 0.007905138339920948 0.020771513353115726
4 0.30434782608695654 0.20178041543026706 0.007905138339920948 0.020771513353115726
4 0.31719367588932806 0.20178041543026706 0.007905138339920948 0.019287833827893175
4 0.3468379446640316 0.2344213649851632 0.012845849802371542 0.010385756676557863
4 0.3458498023715415 0.25370919881305637 0.012845849802371542 0.011869436201780416
4 0.2826086956521739 0.2433234421364985 0.012845849802371542 0.011869436201780416
4 0.283596837944664 0.26112759643916916 0.012845849802371542 0.010385756676557863
4 0.21047430830039526 0.2774480712166172 0.007905138339920948 0.019287833827893175
4 0.0741106719367589 0.3293768545994065 0.008893280632411068 0.019287833827893175
4 0.06126482213438735 0.3293768545994065 0.007905138339920948 0.019287833827893175
4 0.04940711462450593 0.3293768545994065 0.007905138339920948 0.020771513353115726
4 0.038537549407114624 0.3293768545994065 0.007905138339920948 0.019287833827893175
4 0.019762845849802372 0.33086053412462907 0.01383399209486166 0.013353115727002967
4 0.005928853754940711 0.3293768545994065 0.007905138339920948 0.019287833827893175
4 0.08399209486166008 0.3516320474777448 0.01383399209486166 0.011869436201780416
4 0.08399209486166008 0.3694362017804154 0.01383399209486166 0.011869436201780416
4 0.08399209486166008 0.3887240356083086 0.01383399209486166 0.011869436201780416
4 0.14624505928853754 0.38130563798219586 0.018774703557312252 0.017804154302670624
4 0.11067193675889328 0.40801186943620177 0.01383399209486166 0.013353115727002967
4 0.08300395256916997 0.44807121661721067 0.012845849802371542 0.010385756676557863
4 0.08498023715415019 0.46735905044510384 0.01383399209486166 0.013353115727002967
4 0.11067193675889328 0.46735905044510384 0.01383399209486166 0.011869436201780416
4 0.10968379446640317 0.44807121661721067 0.01383399209486166 0.011869436201780416
4 0.11067193675889328 0.4287833827893175 0.01383399209486166 0.010385756676557863
4 0.025691699604743084 0.47774480712166173 0.007905138339920948 0.019287833827893175
4 0.014822134387351778 0.47774480712166173 0.007905138339920948 0.020771513353115726
4 0.017786561264822136 0.5741839762611276 0.007905138339920948 0.020771513353115726
4 0.14723320158102768 0.7804154302670623 0.012845849802371542 0.011869436201780416
4 0.2134387351778656 0.7789317507418397 0.014822134387351778 0.011869436201780416
4 0.2826086956521739 0.29821958456973297 0.011857707509881422 0.011869436201780416
3 0.0958498023715415 0.8100890207715133 0.08102766798418973 0.1513353115727003
0 0.1007905138339921 0.6572700296735905 0.06620553359683795 0.08456973293768547
1 0.2015810276679842 0.586053412462908 0.07905138339920949 0.10385756676557864
1 0.13438735177865613 0.526706231454006 0.0800395256916996 0.10385756676557864
0 0.11067193675889328 0.06676557863501484 0.046442687747035576 0.06824925816023739
3 0.23616600790513834 0.1172106824925816 0.036561264822134384 0.02967359050445104
5 0.30237154150197626 0.14391691394658754 0.025691699604743084 0.02373887240356083
0 0.24110671936758893 0.28486646884273 0.042490118577075096 0.06231454005934718
3 0.2015810276679842 0.3991097922848665 0.0741106719367589 0.10979228486646884
0 0.03260869565217391 0.4035608308605341 0.05632411067193676 0.0830860534124629