4 0.6257763975155279 0.9929906542056075 0.015527950310559006 0.010903426791277258
4 0.5564182194616977 0.9898753894080997 0.009316770186335404 0.017133956386292833
1 0.5662525879917184 0.985981308411215 0.007246376811594203 0.018691588785046728
4 0.6252587991718427 0.9672897196261683 0.013457556935817806 0.020249221183800622
3 0.546583850931677 0.883177570093458 0.07556935817805382 0.11370716510903427
1 0.6066252587991718 0.7710280373831776 0.008281573498964804 0.020249221183800622
0 0.5683229813664596 0.7445482866043613 0.057971014492753624 0.09034267912772585
1 0.5196687370600414 0.7320872274143302 0.021739130434782608 0.059190031152647975
4 0.6946169772256728 0.7289719626168224 0.012422360248447204 0.012461059190031152
4 0.9585921325051759 0.6915887850467289 0.008281573498964804 0.020249221183800622
4 0.9472049689440993 0.6915887850467289 0.008281573498964804 0.020249221183800622
4 0.9244306418219461 0.6915887850467289 0.008281573498964804 0.020249221183800622
4 0.6987577639751553 0.6869158878504673 0.009316770186335404 0.018691588785046728
1 0.6190476190476191 0.677570093457944 0.012422360248447204 0.010903426791277258
4 0.5279503105590062 0.67601246105919 0.012422360248447204 0.012461059190031152
4 0.5962732919254659 0.6744548286604362 0.007246376811594203 0.020249221183800622
1 0.5652173913043478 0.6728971962616822 0.007246376811594203 0.020249221183800622
4 0.5548654244306418 0.6728971962616822 0.008281573498964804 0.020249221183800622
1 0.5124223602484472 0.6728971962616822 0.007246376811594203 0.018691588785046728
4 0.5434782608695652 0.6728971962616822 0.008281573498964804 0.020249221183800622
1 0.6190476190476191 0.661993769470405 0.013457556935817806 0.012461059190031152
4 0.8726708074534162 0.6277258566978193 0.013457556935817806 0.012461059190031152
4 0.6770186335403726 0.6230529595015576 0.007246376811594203 0.018691588785046728
4 0.6645962732919255 0.6230529595015576 0.007246376811594203 0.017133956386292833
4 0.6532091097308489 0.6214953271028038 0.008281573498964804 0.018691588785046728
4 0.6097308488612836 0.6214953271028038 0.008281573498964804 0.020249221183800622
4 0.6221532091097308 0.6214953271028038 0.007246376811594203 0.018691588785046728
4 0.7111801242236024 0.618380062305296 0.008281573498964804 0.018691588785046728
4 0.7422360248447205 0.618380062305296 0.015527950310559006 0.020249221183800622
1 0.4140786749482402 0.6105919003115264 0.11180124223602485 0.17445482866043613
2 0.8861283643892339 0.6012461059190031 0.025879917184265012 0.024922118380062305
4 0.27639751552795033 0.5965732087227414 0.012422360248447204 0.012461059190031152
1 0.2111801242236025 0.5965732087227414 0.011387163561076604 0.028037383177570093
4 0.2515527950310559 0.5965732087227414 0.007246376811594203 0.020249221183800622
4 0.2401656314699793 0.5965732087227414 0.008281573498964804 0.020249221183800622
1 0.8033126293995859 0.5747663551401869 0.007246376811594203 0.021806853582554516
1 0.7919254658385093 0.5747663551401869 0.008281573498964804 0.020249221183800622
4 0.7443064182194618 0.5747663551401869 0.008281573498964804 0.020249221183800622
4 0.6997929606625258 0.573208722741433 0.007246376811594203 0.018691588785046728
4 0.6894409937888198 0.573208722741433 0.008281573498964804 0.018691588785046728
4 0.6780538302277432 0.573208722741433 0.008281573498964804 0.018691588785046728
5 0.31262939958592134 0.5716510903426791 0.033126293995859216 0.024922118380062305
4 0.8633540372670807 0.5716510903426791 0.008281573498964804 0.021806853582554516
4 0.6625258799171843 0.5716510903426791 0.007246376811594203 0.018691588785046728
4 0.34057971014492755 0.5545171339563862 0.008281573498964804 0.020249221183800622
4 0.5910973084886129 0.5482866043613707 0.013457556935817806 0.012461059190031152
4 0.567287784679089 0.5467289719626168 0.013457556935817806 0.010903426791277258
1 0.5393374741200828 0.5467289719626168 0.012422360248447204 0.010903426791277258
4 0.2546583850931677 0.5373831775700935 0.013457556935817806 0.012461059190031152
4 0.2360248447204969 0.5358255451713395 0.012422360248447204 0.012461059190031152
4 0.5910973084886129 0.5311526479750779 0.012422360248447204 0.010903426791277258
4 0.5662525879917184 0.5311526479750779 0.012422360248447204 0.010903426791277258
4 0.5921325051759835 0.5093457943925234 0.014492753623188406 0.010903426791277258
4 0.593167701863354 0.49221183800623053 0.012422360248447204 0.014018691588785047
4 0.1956521739130435 0.48909657320872274 0.012422360248447204 0.010903426791277258
1 0.9244306418219461 0.48442367601246106 0.007246376811594203 0.020249221183800622
4 0.9492753623188406 0.48442367601246106 0.008281573498964804 0.020249221183800622
4 0.9917184265010351 0.48286604361370716 0.008281573498964804 0.021806853582554516
4 0.2484472049689441 0.48130841121495327 0.008281573498964804 0.020249221183800622
4 0.8674948240165632 0.48130841121495327 0.013457556935817806 0.012461059190031152
1 0.2598343685300207 0.48130841121495327 0.007246376811594203 0.020249221183800622
4 0.2370600414078675 0.48130841121495327 0.008281573498964804 0.020249221183800622
1 0.2267080745341615 0.4797507788161994 0.007246376811594203 0.020249221183800622
4 0.2743271221532091 0.4766355140186916 0.013457556935817806 0.012461059190031152
4 0.9037267080745341 0.4750778816199377 0.013457556935817806 0.012461059190031152
1 0.19668737060041408 0.4719626168224299 0.011387163561076604 0.010903426791277258
4 0.9037267080745341 0.45638629283489096 0.013457556935817806 0.012461059190031152
4 0.2722567287784679 0.45482866043613707 0.012422360248447204 0.010903426791277258
1 0.2722567287784679 0.4392523364485981 0.013457556935817806 0.010903426791277258
4 0.9254658385093167 0.43769470404984423 0.012422360248447204 0.012461059190031152
4 0.9906832298136646 0.43769470404984423 0.008281573498964804 0.020249221183800622
4 0.9047619047619048 0.43769470404984423 0.013457556935817806 0.010903426791277258
4 0.979296066252588 0.43613707165109034 0.008281573498964804 0.020249221183800622
4 0.9679089026915114 0.43613707165109034 0.008281573498964804 0.020249221183800622
4 0.9420289855072463 0.43613707165109034 0.007246376811594203 0.020249221183800622
4 0.953416149068323 0.43613707165109034 0.008281573498964804 0.021806853582554516
4 0.8643892339544513 0.42990654205607476 0.013457556935817806 0.012461059190031152
4 0.17287784679089027 0.4127725856697819 0.012422360248447204 0.010903426791277258
0 0.2194616977225673 0.411214953271028 0.057971014492753624 0.09034267912772585
4 0.8643892339544513 0.40342679127725856 0.014492753623188406 0.014018691588785047
4 0.9057971014492754 0.40186915887850466 0.012422360248447204 0.037383177570093455
4 0.9358178053830227 0.3987538940809969 0.013457556935817806 0.03582554517133956
4 0.17391304347826086 0.3987538940809969 0.013457556935817806 0.010903426791277258
4 0.17391304347826086 0.38006230529595014 0.014492753623188406 0.012461059190031152
4 0.937888198757764 0.3691588785046729 0.013457556935817806 0.010903426791277258
0 0.7298136645962733 0.3691588785046729 0.20910973084886128 0.32242990654205606
4 0.8674948240165632 0.3660436137071651 0.012422360248447204 0.03894080996884735
0 0.45652173913043476 0.3660436137071651 0.10041407867494824 0.22118380062305296
4 0.17391304347826086 0.3629283489096573 0.012422360248447204 0.012461059190031152
4 0.2867494824016563 0.35358255451713394 0.013457556935817806 0.010903426791277258
4 0.17391304347826086 0.34890965732087226 0.013457556935817806 0.010903426791277258
1 0.3064182194616977 0.34735202492211836 0.007246376811594203 0.018691588785046728
1 0.2712215320910973 0.34735202492211836 0.007246376811594203 0.018691588785046728
4 0.15631469979296067 0.34735202492211836 0.012422360248447204 0.010903426791277258
1 0.2598343685300207 0.34735202492211836 0.007246376811594203 0.020249221183800622
4 0.2826086956521739 0.32866043613707163 0.008281573498964804 0.020249221183800622
4 0.15424430641821946 0.32866043613707163 0.012422360248447204 0.012461059190031152
4 0.13664596273291926 0.32398753894080995 0.012422360248447204 0.012461059190031152
4 0.8861283643892339 0.3161993769470405 0.013457556935817806 0.012461059190031152
4 0.5952380952380952 0.3099688473520249 0.013457556935817806 0.014018691588785047
1 0.38095238095238093 0.2850467289719626 0.007246376811594203 0.020249221183800622
1 0.36231884057971014 0.2834890965732087 0.015527950310559006 0.03582554517133956
0 0.9710144927536232 0.2733644859813084 0.055900621118012424 0.09501557632398754
1 0.14492753623188406 0.26791277258566976 0.015527950310559006 0.03582554517133956
1 0.11283643892339544 0.26635514018691586 0.021739130434782608 0.059190031152647975
1 0.16252587991718426 0.26635514018691586 0.007246376811594203 0.021806853582554516
0 0.2080745341614907 0.2507788161993769 0.057971014492753624 0.09034267912772585
3 0.3022774327122153 0.24766355140186916 0.07556935817805382 0.11526479750778816
1 0.2505175983436853 0.24454828660436137 0.009316770186335404 0.021806853582554516
4 0.11490683229813664 0.21962616822429906 0.012422360248447204 0.010903426791277258
4 0.9006211180124224 0.21495327102803738 0.012422360248447204 0.020249221183800622
4 0.8685300207039337 0.21495327102803738 0.013457556935817806 0.021806853582554516
4 0.11490683229813664 0.20093457943925233 0.013457556935817806 0.010903426791277258
1 0.2463768115942029 0.18691588785046728 0.008281573498964804 0.020249221183800622
1 0.2349896480331263 0.1853582554517134 0.007246376811594203 0.021806853582554516
4 0.9006211180124224 0.17757009345794392 0.012422360248447204 0.02336448598130841
4 0.8385093167701864 0.16199376947040497 0.015527950310559006 0.020249221183800622
4 0.7712215320910973 0.16199376947040497 0.008281573498964804 0.020249221183800622
4 0.7598343685300207 0.16199376947040497 0.007246376811594203 0.020249221183800622
4 0.5900621118012422 0.16199376947040497 0.018633540372670808 0.017133956386292833
4 0.7194616977225673 0.16199376947040497 0.007246376811594203 0.020249221183800622
1 0.6832298136645962 0.16043613707165108 0.007246376811594203 0.018691588785046728
1 0.6708074534161491 0.16043613707165108 0.007246376811594203 0.018691588785046728
1 0.7080745341614907 0.16043613707165108 0.007246376811594203 0.020249221183800622
1 0.6956521739130435 0.16043613707165108 0.007246376811594203 0.018691588785046728
4 0.2349896480331263 0.1588785046728972 0.008281573498964804 0.020249221183800622
4 0.5900621118012422 0.1292834890965732 0.018633540372670808 0.017133956386292833
4 0.8405797101449275 0.1261682242990654 0.008281573498964804 0.020249221183800622
0 0.5010351966873706 0.1261682242990654 0.043478260869565216 0.08878504672897196
4 0.8291925465838509 0.1261682242990654 0.007246376811594203 0.020249221183800622
0 0.39648033126293997 0.12461059190031153 0.043478260869565216 0.08878504672897196
1 0.7204968944099379 0.12461059190031153 0.007246376811594203 0.018691588785046728
4 0.6956521739130435 0.12461059190031153 0.007246376811594203 0.020249221183800622
4 0.6832298136645962 0.12461059190031153 0.008281573498964804 0.020249221183800622
4 0.6708074534161491 0.12305295950155763 0.007246376811594203 0.020249221183800622
4 0.6221532091097308 0.12149532710280374 0.007246376811594203 0.020249221183800622
4 0.6107660455486542 0.11993769470404984 0.007246376811594203 0.020249221183800622
4 0.7091097308488613 0.11682242990654206 0.008281573498964804 0.021806853582554516
4 0.7204968944099379 0.09813084112149532 0.007246376811594203 0.021806853582554516
4 0.6356107660455487 0.09345794392523364 0.011387163561076604 0.029595015576323987
1 0.6563146997929606 0.09034267912772585 0.011387163561076604 0.0264797507788162
4 0.6966873706004141 0.08722741433021806 0.008281573498964804 0.021806853582554516
4 0.6832298136645962 0.08722741433021806 0.007246376811594203 0.020249221183800622
4 0.8033126293995859 0.08566978193146417 0.013457556935817806 0.010903426791277258
4 0.7784679089026915 0.08566978193146417 0.013457556935817806 0.010903426791277258
4 0.7608695652173914 0.08566978193146417 0.013457556935817806 0.010903426791277258
2 0.8374741200828157 0.08255451713395638 0.016563146997929608 0.03894080996884735
1 0.7432712215320911 0.06853582554517133 0.012422360248447204 0.010903426791277258
4 0.7246376811594203 0.06853582554517133 0.013457556935817806 0.012461059190031152
1 0.2857142857142857 0.059190031152647975 0.07660455486542443 0.11526479750778816