3 0.4639830508474576 0.07165605095541401 0.07733050847457627 0.11624203821656051
1 0.4025423728813559 0.18630573248407642 0.00847457627118644 0.020700636942675158
0 0.4417372881355932 0.21337579617834396 0.059322033898305086 0.09235668789808917
1 0.4915254237288136 0.22611464968152867 0.022245762711864406 0.06050955414012739
4 0.3125 0.22929936305732485 0.012711864406779662 0.012738853503184714
4 0.0423728813559322 0.267515923566879 0.00847457627118644 0.020700636942675158
4 0.05402542372881356 0.267515923566879 0.00847457627118644 0.020700636942675158
4 0.07733050847457627 0.267515923566879 0.00847457627118644 0.020700636942675158
4 0.3082627118644068 0.27229299363057324 0.009533898305084746 0.01910828025477707
1 0.3898305084745763 0.2818471337579618 0.012711864406779662 0.011146496815286623
4 0.4830508474576271 0.28343949044585987 0.012711864406779662 0.012738853503184714
4 0.413135593220339 0.28503184713375795 0.007415254237288136 0.020700636942675158
1 0.4449152542372881 0.28662420382165604 0.007415254237288136 0.020700636942675158
4 0.4555084745762712 0.28662420382165604 0.00847457627118644 0.020700636942675158
1 0.4989406779661017 0.28662420382165604 0.007415254237288136 0.01910828025477707
4 0.4671610169491525 0.28662420382165604 0.00847457627118644 0.020700636942675158
1 0.3898305084745763 0.29777070063694266 0.013771186440677966 0.012738853503184714
4 0.13029661016949154 0.3328025477707006 0.013771186440677966 0.012738853503184714
4 0.3305084745762712 0.3375796178343949 0.007415254237288136 0.01910828025477707
4 0.3432203389830508 0.3375796178343949 0.007415254237288136 0.01751592356687898
4 0.3548728813559322 0.339171974522293 0.00847457627118644 0.01910828025477707
4 0.399364406779661 0.339171974522293 0.00847457627118644 0.020700636942675158
4 0.3866525423728814 0.339171974522293 0.007415254237288136 0.01910828025477707
4 0.2955508474576271 0.34235668789808915 0.00847457627118644 0.01910828025477707
4 0.263771186440678 0.34235668789808915 0.015889830508474576 0.020700636942675158
1 0.5995762711864406 0.3503184713375796 0.11440677966101695 0.17834394904458598
2 0.11652542372881355 0.35987261146496813 0.026483050847457626 0.025477707006369428
4 0.7404661016949152 0.3646496815286624 0.012711864406779662 0.012738853503184714
1 0.8072033898305084 0.3646496815286624 0.011652542372881356 0.028662420382165606
4 0.7658898305084746 0.3646496815286624 0.007415254237288136 0.020700636942675158
4 0.777542372881356 0.3646496815286624 0.00847457627118644 0.020700636942675158
1 0.20127118644067796 0.3869426751592357 0.007415254237288136 0.022292993630573247
1 0.2129237288135593 0.3869426751592357 0.00847457627118644 0.020700636942675158
4 0.2616525423728814 0.3869426751592357 0.00847457627118644 0.020700636942675158
4 0.3072033898305085 0.3885350318471338 0.007415254237288136 0.01910828025477707
4 0.3177966101694915 0.3885350318471338 0.00847457627118644 0.01910828025477707
4 0.3294491525423729 0.3885350318471338 0.00847457627118644 0.01910828025477707
5 0.7033898305084746 0.39012738853503187 0.03389830508474576 0.025477707006369428
4 0.13983050847457626 0.39012738853503187 0.00847457627118644 0.022292993630573247
4 0.3453389830508475 0.39012738853503187 0.007415254237288136 0.01910828025477707
4 0.6747881355932204 0.40764331210191085 0.00847457627118644 0.020700636942675158
4 0.4184322033898305 0.4140127388535032 0.013771186440677966 0.012738853503184714
4 0.4427966101694915 0.4156050955414013 0.013771186440677966 0.011146496815286623
1 0.4713983050847458 0.4156050955414013 0.012711864406779662 0.011146496815286623
4 0.7627118644067796 0.4251592356687898 0.013771186440677966 0.012738853503184714
4 0.7817796610169492 0.4267515923566879 0.012711864406779662 0.012738853503184714
4 0.4184322033898305 0.4315286624203822 0.012711864406779662 0.011146496815286623
4 0.4438559322033898 0.4315286624203822 0.012711864406779662 0.011146496815286623
4 0.4173728813559322 0.4538216560509554 0.014830508474576272 0.011146496815286623
4 0.4163135593220339 0.4713375796178344 0.012711864406779662 0.014331210191082803
4 0.823093220338983 0.4745222929936306 0.012711864406779662 0.011146496815286623
1 0.07733050847457627 0.47929936305732485 0.007415254237288136 0.020700636942675158
4 0.05190677966101695 0.47929936305732485 0.00847457627118644 0.020700636942675158
4 0.00847457627118644 0.48089171974522293 0.00847457627118644 0.022292993630573247
4 0.7690677966101694 0.482484076433121 0.00847457627118644 0.020700636942675158
4 0.13559322033898305 0.482484076433121 0.013771186440677966 0.012738853503184714
1 0.7574152542372882 0.482484076433121 0.007415254237288136 0.020700636942675158
4 0.7807203389830508 0.482484076433121 0.00847457627118644 0.020700636942675158
1 0.7913135593220338 0.4840764331210191 0.007415254237288136 0.020700636942675158
4 0.7425847457627118 0.4872611464968153 0.013771186440677966 0.012738853503184714
4 0.09851694915254237 0.4888535031847134 0.013771186440677966 0.012738853503184714
1 0.8220338983050848 0.49203821656050956 0.011652542372881356 0.011146496815286623
4 0.09851694915254237 0.5079617834394905 0.013771186440677966 0.012738853503184714
4 0.7447033898305084 0.5095541401273885 0.012711864406779662 0.011146496815286623
1 0.7447033898305084 0.5254777070063694 0.013771186440677966 0.011146496815286623
4 0.07627118644067797 0.5270700636942676 0.012711864406779662 0.012738853503184714
4 0.009533898305084746 0.5270700636942676 0.00847457627118644 0.020700636942675158
4 0.09745762711864407 0.5270700636942676 0.013771186440677966 0.011146496815286623
4 0.0211864406779661 0.5286624203821656 0.00847457627118644 0.020700636942675158
4 0.03283898305084746 0.5286624203821656 0.00847457627118644 0.020700636942675158
4 0.059322033898305086 0.5286624203821656 0.007415254237288136 0.020700636942675158
4 0.04766949152542373 0.5286624203821656 0.00847457627118644 0.022292993630573247
4 0.13877118644067796 0.535031847133758 0.013771186440677966 0.012738853503184714
4 0.8463983050847458 0.552547770700637 0.012711864406779662 0.011146496815286623
0 0.798728813559322 0.554140127388535 0.059322033898305086 0.09235668789808917
4 0.13877118644067796 0.5621019108280255 0.014830508474576272 0.014331210191082803
4 0.09639830508474577 0.5636942675159236 0.012711864406779662 0.03821656050955414
4 0.06567796610169492 0.5668789808917197 0.013771186440677966 0.03662420382165605
4 0.8453389830508474 0.5668789808917197 0.013771186440677966 0.011146496815286623
4 0.8453389830508474 0.5859872611464968 0.014830508474576272 0.012738853503184714
4 0.0635593220338983 0.5971337579617835 0.013771186440677966 0.011146496815286623
0 0.2764830508474576 0.5971337579617835 0.21398305084745764 0.32961783439490444
4 0.13559322033898305 0.6003184713375797 0.012711864406779662 0.03980891719745223
0 0.5561440677966102 0.6003184713375797 0.1027542372881356 0.22611464968152867
4 0.8453389830508474 0.6035031847133758 0.012711864406779662 0.012738853503184714
4 0.7298728813559322 0.6130573248407644 0.013771186440677966 0.011146496815286623
4 0.8453389830508474 0.6178343949044586 0.013771186440677966 0.011146496815286623
1 0.7097457627118644 0.6194267515923567 0.007415254237288136 0.01910828025477707
1 0.7457627118644068 0.6194267515923567 0.007415254237288136 0.01910828025477707
4 0.8633474576271186 0.6194267515923567 0.012711864406779662 0.011146496815286623
1 0.7574152542372882 0.6194267515923567 0.007415254237288136 0.020700636942675158
4 0.7341101694915254 0.6385350318471338 0.00847457627118644 0.020700636942675158
4 0.8654661016949152 0.6385350318471338 0.012711864406779662 0.012738853503184714
4 0.8834745762711864 0.643312101910828 0.012711864406779662 0.012738853503184714
4 0.11652542372881355 0.6512738853503185 0.013771186440677966 0.012738853503184714
4 0.4141949152542373 0.6576433121019108 0.013771186440677966 0.014331210191082803
1 0.6334745762711864 0.6831210191082803 0.007415254237288136 0.020700636942675158
1 0.652542372881356 0.6847133757961783 0.015889830508474576 0.03662420382165605
0 0.02913135593220339 0.695859872611465 0.05826271186440678 0.09554140127388536
1 0.875 0.7006369426751592 0.015889830508474576 0.03662420382165605
1 0.9078389830508474 0.7022292993630573 0.022245762711864406 0.06050955414012739
1 0.8569915254237288 0.7022292993630573 0.007415254237288136 0.022292993630573247
0 0.8103813559322034 0.7181528662420382 0.059322033898305086 0.09235668789808917
3 0.7139830508474576 0.7213375796178344 0.07733050847457627 0.1178343949044586
1 0.7669491525423728 0.7245222929936306 0.009533898305084746 0.022292993630573247
4 0.9057203389830508 0.75 0.012711864406779662 0.011146496815286623
4 0.1016949152542373 0.7547770700636943 0.012711864406779662 0.020700636942675158
4 0.13453389830508475 0.7547770700636943 0.013771186440677966 0.022292993630573247
4 0.9057203389830508 0.7691082802547771 0.013771186440677966 0.011146496815286623
1 0.7711864406779662 0.7834394904458599 0.00847457627118644 0.020700636942675158
1 0.7828389830508474 0.785031847133758 0.007415254237288136 0.022292993630573247
4 0.1016949152542373 0.7929936305732485 0.012711864406779662 0.02388535031847134
4 0.1652542372881356 0.8089171974522293 0.015889830508474576 0.020700636942675158
4 0.2341101694915254 0.8089171974522293 0.00847457627118644 0.020700636942675158
4 0.2457627118644068 0.8089171974522293 0.007415254237288136 0.020700636942675158
4 0.4194915254237288 0.8089171974522293 0.019067796610169493 0.01751592356687898
4 0.2870762711864407 0.8089171974522293 0.007415254237288136 0.020700636942675158
1 0.3241525423728814 0.8105095541401274 0.007415254237288136 0.01910828025477707
1 0.336864406779661 0.8105095541401274 0.007415254237288136 0.01910828025477707
1 0.298728813559322 0.8105095541401274 0.007415254237288136 0.020700636942675158
1 0.3114406779661017 0.8105095541401274 0.007415254237288136 0.01910828025477707
4 0.7828389830508474 0.8121019108280255 0.00847457627118644 0.020700636942675158
4 0.4194915254237288 0.8423566878980892 0.019067796610169493 0.01751592356687898
4 0.163135593220339 0.8455414012738853 0.00847457627118644 0.020700636942675158
0 0.510593220338983 0.8455414012738853 0.04449152542372881 0.09076433121019108
4 0.17478813559322035 0.8455414012738853 0.007415254237288136 0.020700636942675158
0 0.6175847457627118 0.8471337579617835 0.04449152542372881 0.09076433121019108
1 0.2860169491525424 0.8471337579617835 0.007415254237288136 0.01910828025477707
4 0.3114406779661017 0.8471337579617835 0.007415254237288136 0.020700636942675158
4 0.3241525423728814 0.8471337579617835 0.00847457627118644 0.020700636942675158
4 0.336864406779661 0.8487261146496815 0.007415254237288136 0.020700636942675158
4 0.3866525423728814 0.8503184713375797 0.007415254237288136 0.020700636942675158
4 0.3983050847457627 0.8519108280254777 0.007415254237288136 0.020700636942675158
4 0.2976694915254237 0.8550955414012739 0.00847457627118644 0.022292993630573247
4 0.2860169491525424 0.8742038216560509 0.007415254237288136 0.022292993630573247
4 0.3728813559322034 0.8789808917197452 0.011652542372881356 0.030254777070063694
1 0.3516949152542373 0.8821656050955414 0.011652542372881356 0.027070063694267517
4 0.3103813559322034 0.8853503184713376 0.00847457627118644 0.022292993630573247
4 0.3241525423728814 0.8853503184713376 0.007415254237288136 0.020700636942675158
4 0.20127118644067796 0.8869426751592356 0.013771186440677966 0.011146496815286623
4 0.2266949152542373 0.8869426751592356 0.013771186440677966 0.011146496815286623
4 0.24470338983050846 0.8869426751592356 0.013771186440677966 0.011146496815286623
2 0.1663135593220339 0.8901273885350318 0.01694915254237288 0.03980891719745223
1 0.2627118644067797 0.9044585987261147 0.012711864406779662 0.011146496815286623
4 0.2817796610169492 0.9044585987261147 0.013771186440677966 0.012738853503184714
1 0.7309322033898306 0.9156050955414012 0.07733050847457627 0.12101910828025478