1 0.6837944664031621 0.16023738872403562 0.036561264822134384 0.03115727002967359
1 0.6284584980237155 0.2403560830860534 0.022727272727272728 0.02373887240356083
1 0.5928853754940712 0.23887240356083086 0.023715415019762844 0.02225519287833828
1 0.45553359683794464 0.23590504451038577 0.023715415019762844 0.02373887240356083
1 0.40711462450592883 0.2344213649851632 0.023715415019762844 0.02373887240356083
1 0.37351778656126483 0.2344213649851632 0.023715415019762844 0.02373887240356083
1 0.33893280632411066 0.2344213649851632 0.023715415019762844 0.02225519287833828
1 0.6679841897233202 0.3798219584569733 0.023715415019762844 0.02373887240356083
1 0.6679841897233202 0.35014836795252224 0.023715415019762844 0.02373887240356083
1 0.6679841897233202 0.32047477744807124 0.022727272727272728 0.02373887240356083
1 0.6679841897233202 0.29080118694362017 0.022727272727272728 0.02373887240356083
1 0.6679841897233202 0.4035608308605341 0.011857707509881422 0.010385756676557863
1 0.7025691699604744 0.48813056379821956 0.017786561264822136 0.01483679525222552
1 0.6669960474308301 0.5356083086053413 0.012845849802371542 0.011869436201780416
1 0.7430830039525692 0.5519287833827893 0.011857707509881422 0.010385756676557863
1 0.7628458498023716 0.5519287833827893 0.011857707509881422 0.010385756676557863
1 0.775691699604743 0.5756676557863502 0.00691699604743083 0.017804154302670624
1 0.7509881422924901 0.5756676557863502 0.00691699604743083 0.016320474777448073
1 0.7065217391304348 0.6394658753709199 0.017786561264822136 0.016320474777448073
1 0.7361660079051383 0.6765578635014837 0.00691699604743083 0.017804154302670624
1 0.7361660079051383 0.701780415430267 0.00691699604743083 0.017804154302670624
1 0.7598814229249012 0.7344213649851632 0.00691699604743083 0.017804154302670624
1 0.8241106719367589 0.8100890207715133 0.007905138339920948 0.019287833827893175
1 0.8231225296442688 0.8397626112759644 0.00691699604743083 0.019287833827893175
1 0.7460474308300395 0.8353115727002968 0.007905138339920948 0.019287833827893175
1 0.6778656126482213 0.9977744807121661 0.01383399209486166 0.001483679525222552
1 0.5612648221343873 0.827893175074184 0.010869565217391304 0.028189910979228485
1 0.5454545454545454 0.827893175074184 0.010869565217391304 0.028189910979228485
1 0.5276679841897233 0.814540059347181 0.011857707509881422 0.010385756676557863
1 0.5691699604743083 0.7789317507418397 0.012845849802371542 0.010385756676557863
1 0.6798418972332015 0.9213649851632048 0.011857707509881422 0.010385756676557863
1 0.6798418972332015 0.9391691394658753 0.011857707509881422 0.010385756676557863
1 0.424901185770751 0.6810089020771514 0.00691699604743083 0.019287833827893175
1 0.33992094861660077 0.7225519287833828 0.014822134387351778 0.03412462908011869
1 0.5276679841897233 0.9643916913946587 0.011857707509881422 0.010385756676557863
1 0.5691699604743083 0.9272997032640949 0.012845849802371542 0.010385756676557863
1 0.5444664031620553 0.9777448071216617 0.010869565217391304 0.028189910979228485
1 0.5612648221343873 0.9792284866468842 0.010869565217391304 0.028189910979228485
4 0.6976284584980237 0.4688427299703264 0.014822134387351778 0.011869436201780416
4 0.817193675889328 0.5771513353115727 0.007905138339920948 0.019287833827893175
4 0.8053359683794467 0.5771513353115727 0.007905138339920948 0.019287833827893175
4 0.7628458498023716 0.5771513353115727 0.007905138339920948 0.020771513353115726
4 0.7381422924901185 0.5756676557863502 0.007905138339920948 0.020771513353115726
4 0.7361660079051383 0.6246290801186943 0.007905138339920948 0.019287833827893175
4 0.7025691699604744 0.6201780415430267 0.01383399209486166 0.011869436201780416
4 0.7361660079051383 0.6528189910979229 0.00691699604743083 0.020771513353115726
4 0.5721343873517787 0.5326409495548962 0.007905138339920948 0.019287833827893175
4 0.5691699604743083 0.6735905044510386 0.008893280632411068 0.020771513353115726
4 0.41304347826086957 0.6810089020771514 0.007905138339920948 0.020771513353115726
4 0.39822134387351776 0.6810089020771514 0.007905138339920948 0.020771513353115726
4 0.3824110671936759 0.5682492581602374 0.007905138339920948 0.019287833827893175
1 0.4268774703557312 0.5370919881305638 0.00691699604743083 0.019287833827893175
4 0.4160079051383399 0.5370919881305638 0.007905138339920948 0.020771513353115726
4 0.40118577075098816 0.5370919881305638 0.007905138339920948 0.020771513353115726
4 0.8231225296442688 0.7700296735905044 0.007905138339920948 0.020771513353115726
4 0.7371541501976284 0.7329376854599406 0.007905138339920948 0.020771513353115726
4 0.7480237154150198 0.7344213649851632 0.007905138339920948 0.020771513353115726
4 0.7579051383399209 0.8887240356083086 0.007905138339920948 0.020771513353115726
4 0.7974308300395256 0.7700296735905044 0.007905138339920948 0.017804154302670624
4 0.8122529644268774 0.7700296735905044 0.007905138339920948 0.019287833827893175
4 0.7954545454545454 0.8887240356083086 0.007905138339920948 0.020771513353115726
4 0.7727272727272727 0.8887240356083086 0.007905138339920948 0.020771513353115726
4 0.7855731225296443 0.8887240356083086 0.007905138339920948 0.020771513353115726
4 0.7529644268774703 0.7670623145400594 0.007905138339920948 0.017804154302670624
4 0.7371541501976284 0.7670623145400594 0.007905138339920948 0.019287833827893175
4 0.7440711462450593 0.8026706231454006 0.01383399209486166 0.011869436201780416
4 0.5691699604743083 0.7626112759643917 0.012845849802371542 0.010385756676557863
4 0.567193675889328 0.7403560830860534 0.007905138339920948 0.019287833827893175
4 0.5691699604743083 0.9124629080118695 0.012845849802371542 0.010385756676557863
4 0.5662055335968379 0.8902077151335311 0.007905138339920948 0.019287833827893175
4 0.7835968379446641 0.7344213649851632 0.007905138339920948 0.020771513353115726
4 0.8231225296442688 0.7344213649851632 0.007905138339920948 0.020771513353115726
4 0.7984189723320159 0.7329376854599406 0.007905138339920948 0.020771513353115726
4 0.8122529644268774 0.7344213649851632 0.007905138339920948 0.020771513353115726
4 0.7964426877470355 0.9169139465875371 0.012845849802371542 0.011869436201780416
4 0.7964426877470355 0.9362017804154302 0.01383399209486166 0.011869436201780416
4 0.8033596837944664 0.9851632047477745 0.01383399209486166 0.026706231454005934
1 0.7905138339920948 0.9762611275964391 0.00691699604743083 0.019287833827893175
1 0.8102766798418972 0.2893175074183976 0.0691699604743083 0.1083086053412463
1 0.6590909090909091 0.8308605341246291 0.0691699604743083 0.1083086053412463
3 0.7223320158102767 0.2893175074183976 0.04940711462450593 0.0830860534124629
0 0.6482213438735178 0.4658753709198813 0.05731225296442688 0.09940652818991098
0 0.6492094861660079 0.6053412462908012 0.05731225296442688 0.09940652818991098
0 0.5237154150197628 0.7581602373887241 0.05632411067193676 0.08605341246290801
0 0.5237154150197628 0.9094955489614244 0.05632411067193676 0.08605341246290801
0 0.7766798418972332 0.658753709198813 0.05731225296442688 0.0830860534124629
0 0.7845849802371542 0.8264094955489614 0.03458498023715415 0.05341246290801187
4 0.817193675889328 0.6216617210682492 0.008893280632411068 0.020771513353115726
0 0.7346837944664032 0.962166172106825 0.07015810276679842 0.07270029673590504
3 0.5513833992094862 0.4688427299703264 0.10276679841897234 0.10979228486646884
3 0.5484189723320159 0.6083086053412463 0.1067193675889328 0.10979228486646884
3 0.4140316205533597 0.7640949554896143 0.1067193675889328 0.10979228486646884
3 0.4160079051383399 0.9094955489614244 0.1067193675889328 0.10979228486646884
0 0.40810276679841895 0.6038575667655787 0.03458498023715415 0.04896142433234421
1 0.16600790513833993 0.23590504451038577 0.023715415019762844 0.02373887240356083
1 0.20059288537549408 0.2344213649851632 0.023715415019762844 0.02373887240356083
1 0.23517786561264822 0.2344213649851632 0.023715415019762844 0.02373887240356083
1 0.26877470355731226 0.2344213649851632 0.023715415019762844 0.02373887240356083
1 0.02766798418972332 0.2344213649851632 0.023715415019762844 0.02373887240356083
1 0.06225296442687747 0.2344213649851632 0.023715415019762844 0.02373887240356083
1 0.09683794466403162 0.2344213649851632 0.023715415019762844 0.02373887240356083
1 0.13142292490118576 0.2344213649851632 0.023715415019762844 0.02373887240356083
1 0.3181818181818182 0.7210682492581603 0.015810276679841896 0.03560830860534125
1 0.31126482213438733 0.8753709198813057 0.015810276679841896 0.037091988130563795
1 0.28952569169960474 0.8753709198813057 0.014822134387351778 0.03560830860534125
1 0.26877470355731226 0.8738872403560831 0.016798418972332016 0.03560830860534125
4 0.004940711462450593 0.23961424332344214 0.007905138339920948 0.013353115727002967