1 0.5127931769722814 0.7868589743589743 0.01279317697228145 0.011217948717948718
1 0.5575692963752665 0.8253205128205128 0.013859275053304905 0.011217948717948718
1 0.5309168443496801 0.7708333333333334 0.011727078891257996 0.030448717948717948
1 0.5490405117270789 0.7708333333333334 0.011727078891257996 0.030448717948717948
1 0.5127931769722814 0.9471153846153846 0.01279317697228145 0.011217948717948718
1 0.5575692963752665 0.9871794871794872 0.013859275053304905 0.011217948717948718
1 0.5319829424307037 0.9326923076923077 0.011727078891257996 0.030448717948717948
1 0.5490405117270789 0.9326923076923077 0.011727078891257996 0.030448717948717948
1 0.5842217484008528 0.7307692307692307 0.022388059701492536 0.057692307692307696
1 0.593816631130064 0.6634615384615384 0.011727078891257996 0.030448717948717948
1 0.5767590618336887 0.6650641025641025 0.010660980810234541 0.028846153846153848
1 0.5565031982942431 0.6650641025641025 0.011727078891257996 0.011217948717948718
1 0.5074626865671642 0.6217948717948718 0.01279317697228145 0.011217948717948718
1 0.7057569296375267 0.6618589743589743 0.024520255863539446 0.02403846153846154
1 0.7078891257995735 0.6378205128205128 0.01279317697228145 0.011217948717948718
1 0.7452025586353944 0.5432692307692307 0.019189765458422176 0.016025641025641024
1 0.7068230277185501 0.4951923076923077 0.0255863539445629 0.02564102564102564
1 0.8219616204690832 0.8044871794871795 0.023454157782515993 0.060897435897435896
1 0.826226012793177 0.8717948717948718 0.008528784648187633 0.017628205128205128
1 0.814498933901919 0.8717948717948718 0.007462686567164179 0.019230769230769232
1 0.47867803837953093 0.5753205128205128 0.01812366737739872 0.038461538461538464
1 0.4466950959488273 0.5753205128205128 0.017057569296375266 0.038461538461538464
1 0.39552238805970147 0.5288461538461539 0.007462686567164179 0.019230769230769232
1 0.38272921108742003 0.5288461538461539 0.007462686567164179 0.020833333333333332
1 0.7484008528784648 0.3926282051282051 0.02025586353944563 0.016025641025641024
1 0.6876332622601279 0.3301282051282051 0.01279317697228145 0.011217948717948718
1 0.6695095948827292 0.3301282051282051 0.01279317697228145 0.011217948717948718
1 0.7761194029850746 0.32371794871794873 0.007462686567164179 0.020833333333333332
1 0.7633262260127932 0.32371794871794873 0.007462686567164179 0.020833333333333332
1 0.746268656716418 0.3125 0.01279317697228145 0.011217948717948718
1 0.767590618336887 0.296474358974359 0.01279317697228145 0.011217948717948718
1 0.753731343283582 0.2708333333333333 0.021321961620469083 0.017628205128205128
1 0.5469083155650319 0.20833333333333334 0.007462686567164179 0.019230769230769232
1 0.5597014925373134 0.20673076923076922 0.008528784648187633 0.020833333333333332
1 0.40085287846481876 0.20352564102564102 0.024520255863539446 0.02403846153846154
1 0.3187633262260128 0.20352564102564102 0.0255863539445629 0.022435897435897436
4 0.5565031982942431 0.6810897435897436 0.013859275053304905 0.011217948717948718
4 0.5533049040511727 0.7051282051282052 0.008528784648187633 0.020833333333333332
4 0.5565031982942431 0.842948717948718 0.013859275053304905 0.011217948717948718
4 0.5533049040511727 0.8669871794871795 0.008528784648187633 0.020833333333333332
4 0.6732409381663113 0.9967948717948718 0.009594882729211088 0.003205128205128205
4 0.6844349680170576 0.9951923076923077 0.010660980810234541 0.00641025641025641
4 0.7137526652452025 0.9943910256410257 0.015991471215351813 0.008012820512820512
4 0.7894456289978679 0.9943910256410257 0.015991471215351813 0.008012820512820512
4 0.7702558635394456 0.9943910256410257 0.015991471215351813 0.008012820512820512
4 0.7510660980810234 0.9943910256410257 0.015991471215351813 0.008012820512820512
4 0.7329424307036247 0.9943910256410257 0.015991471215351813 0.008012820512820512
1 0.6961620469083155 0.9959935897435898 0.010660980810234541 0.004807692307692308
4 0.4093816631130064 0.5641025641025641 0.014925373134328358 0.011217948717948718
4 0.39019189765458423 0.5625 0.014925373134328358 0.01282051282051282
4 0.4157782515991471 0.5288461538461539 0.008528784648187633 0.020833333333333332
4 0.6002132196162047 0.4983974358974359 0.009594882729211088 0.020833333333333332
4 0.7452025586353944 0.5673076923076923 0.014925373134328358 0.01282051282051282
4 0.7473347547974414 0.41346153846153844 0.013859275053304905 0.011217948717948718
1 0.7068230277185501 0.47115384615384615 0.01279317697228145 0.011217948717948718
4 0.7452025586353944 0.3301282051282051 0.01279317697228145 0.011217948717948718
4 0.7452025586353944 0.296474358974359 0.013859275053304905 0.011217948717948718
4 0.7164179104477612 0.3333333333333333 0.008528784648187633 0.020833333333333332
4 0.7036247334754797 0.3333333333333333 0.008528784648187633 0.020833333333333332
4 0.7857142857142857 0.2692307692307692 0.019189765458422176 0.017628205128205128
4 0.5714285714285714 0.20833333333333334 0.008528784648187633 0.020833333333333332
4 0.6577825159914712 0.1362179487179487 0.008528784648187633 0.020833333333333332
4 0.6833688699360341 0.1362179487179487 0.008528784648187633 0.020833333333333332
4 0.6705756929637526 0.1762820512820513 0.008528784648187633 0.020833333333333332
4 0.6588486140724946 0.1762820512820513 0.008528784648187633 0.020833333333333332
4 0.6716417910447762 0.1362179487179487 0.008528784648187633 0.020833333333333332
4 0.6993603411513859 0.1346153846153846 0.008528784648187633 0.020833333333333332
4 0.7228144989339019 0.1346153846153846 0.008528784648187633 0.020833333333333332
4 0.7110874200426439 0.1762820512820513 0.008528784648187633 0.020833333333333332
4 0.6993603411513859 0.1778846153846154 0.008528784648187633 0.020833333333333332
4 0.7228144989339019 0.1762820512820513 0.008528784648187633 0.020833333333333332
4 0.6833688699360341 0.1762820512820513 0.008528784648187633 0.020833333333333332
0 0.6908315565031983 0.2548076923076923 0.060767590618336885 0.09134615384615384
1 0.8411513859275054 0.5641025641025641 0.07462686567164178 0.11698717948717949
1 0.6556503198294243 0.8894230769230769 0.07462686567164178 0.11698717948717949
1 0.6556503198294243 0.7307692307692307 0.07462686567164178 0.11698717948717949
3 0.802771855010661 0.6826923076923077 0.05543710021321962 0.08814102564102565
0 0.6918976545842217 0.2548076923076923 0.060767590618336885 0.08974358974358974
0 0.6876332622601279 0.5689102564102564 0.06183368869936034 0.10737179487179487
0 0.6865671641791045 0.40384615384615385 0.06183368869936034 0.10737179487179487
0 0.5090618336886994 0.9791666666666666 0.0628997867803838 0.038461538461538464
0 0.5085287846481876 0.8461538461538461 0.060767590618336885 0.09294871794871795
0 0.5074626865671642 0.6858974358974359 0.060767590618336885 0.09294871794871795
3 0.39339019189765456 0.9703525641025641 0.11727078891257996 0.05608974358974359
3 0.582089552238806 0.5673076923076923 0.11300639658848614 0.11698717948717949
3 0.5810234541577826 0.41185897435897434 0.11300639658848614 0.11698717948717949
3 0.39019189765458423 0.8413461538461539 0.11513859275053305 0.11858974358974358
3 0.39232409381663114 0.6810897435897436 0.11513859275053305 0.12179487179487179
3 0.744136460554371 0.8028846153846154 0.07889125799573561 0.11858974358974358
1 0.267590618336887 0.8798076923076923 0.017057569296375266 0.04006410256410257
1 0.24520255863539445 0.8782051282051282 0.015991471215351813 0.038461538461538464
1 0.13646055437100213 0.20512820512820512 0.024520255863539446 0.02564102564102564
1 0.21321961620469082 0.20512820512820512 0.0255863539445629 0.02403846153846154
1 0.10021321961620469 0.20512820512820512 0.0255863539445629 0.02564102564102564
1 0.17590618336886993 0.20512820512820512 0.0255863539445629 0.02564102564102564
1 0.0628997867803838 0.20673076923076922 0.0255863539445629 0.02564102564102564
1 0.0255863539445629 0.20673076923076922 0.0255863539445629 0.02564102564102564
4 0.26439232409381663 0.20512820512820512 0.013859275053304905 0.01282051282051282
4 0.24520255863539445 0.20512820512820512 0.013859275053304905 0.01282051282051282