3 0.7184782608695652 0.021241830065359478 0.11739130434782609 0.042483660130718956
4 0.9945652173913043 0.004084967320261438 0.008695652173913044 0.008169934640522876
1 0.5679347826086957 0.014705882352941176 0.01847826086956522 0.029411764705882353
1 0.5902173913043478 0.015522875816993464 0.017391304347826087 0.03104575163398693
1 0.6146739130434783 0.015522875816993464 0.01847826086956522 0.03104575163398693
1 0.005434782608695652 0.03022875816993464 0.010869565217391304 0.04084967320261438
1 0.021739130434782608 0.029411764705882353 0.017391304347826087 0.0392156862745098
1 0.042391304347826085 0.03104575163398693 0.017391304347826087 0.0392156862745098
1 0.08369565217391305 0.03104575163398693 0.017391304347826087 0.0392156862745098
1 0.12391304347826088 0.03104575163398693 0.017391304347826087 0.0392156862745098
1 0.06195652173913044 0.03104575163398693 0.017391304347826087 0.0392156862745098
1 0.10326086956521739 0.03104575163398693 0.017391304347826087 0.0392156862745098
5 0.9945652173913043 0.04738562091503268 0.008695652173913044 0.026143790849673203
1 0.8978260869565218 0.06699346405228758 0.011956521739130435 0.029411764705882353
1 0.9152173913043479 0.06862745098039216 0.011956521739130435 0.03104575163398693
1 0.8880434782608696 0.11274509803921569 0.015217391304347827 0.013071895424836602
1 0.566304347826087 0.13562091503267973 0.017391304347826087 0.0392156862745098
1 0.5902173913043478 0.13562091503267973 0.016304347826086956 0.0392156862745098
3 0.7184782608695652 0.13562091503267973 0.11521739130434783 0.1323529411764706
1 0.6130434782608696 0.13725490196078433 0.017391304347826087 0.0392156862745098
1 0.9565217391304348 0.18627450980392157 0.07717391304347826 0.11764705882352941
1 0.8967391304347826 0.22875816993464052 0.011956521739130435 0.029411764705882353
1 0.9141304347826087 0.2369281045751634 0.010869565217391304 0.03104575163398693
1 0.8880434782608696 0.27941176470588236 0.016304347826086956 0.014705882352941176
4 0.8869565217391304 0.2973856209150327 0.014130434782608696 0.014705882352941176
3 0.717391304347826 0.30718954248366015 0.11521739130434783 0.1323529411764706
1 0.7771739130434783 0.3758169934640523 0.013043478260869565 0.00980392156862745
4 0.7771739130434783 0.3937908496732026 0.014130434782608696 0.013071895424836602
0 0.7228260869565217 0.4035947712418301 0.03695652173913044 0.058823529411764705
4 0.6565217391304348 0.4084967320261438 0.008695652173913044 0.02287581699346405
4 0.6684782608695652 0.4084967320261438 0.008695652173913044 0.02287581699346405
4 0.7771739130434783 0.4199346405228758 0.014130434782608696 0.013071895424836602
4 0.7771739130434783 0.4362745098039216 0.014130434782608696 0.011437908496732025
4 0.6869565217391305 0.4526143790849673 0.008695652173913044 0.021241830065359478
3 0.9347826086956522 0.46405228758169936 0.07934782608695652 0.12581699346405228
4 0.7793478260869565 0.4869281045751634 0.007608695652173913 0.021241830065359478
1 0.004347826086956522 0.6372549019607843 0.008695652173913044 0.016339869281045753
1 0.025 0.7973856209150327 0.02608695652173913 0.026143790849673203
1 0.06304347826086956 0.7990196078431373 0.02608695652173913 0.026143790849673203
1 0.1391304347826087 0.7990196078431373 0.02608695652173913 0.026143790849673203
1 0.10108695652173913 0.7990196078431373 0.02608695652173913 0.026143790849673203
1 0.1782608695652174 0.8022875816993464 0.021739130434782608 0.021241830065359478
1 0.2576086956521739 0.8022875816993464 0.02608695652173913 0.026143790849673203
1 0.2956521739130435 0.8022875816993464 0.02608695652173913 0.026143790849673203
1 0.33369565217391306 0.8022875816993464 0.02608695652173913 0.026143790849673203
1 0.37282608695652175 0.803921568627451 0.02608695652173913 0.026143790849673203
1 0.4097826086956522 0.803921568627451 0.02608695652173913 0.026143790849673203
4 0.8445652173913043 0.8088235294117647 0.015217391304347827 0.014705882352941176
1 0.9130434782608695 0.8104575163398693 0.025 0.026143790849673203
1 0.8739130434782608 0.8104575163398693 0.025 0.026143790849673203
4 0.9793478260869565 0.8513071895424836 0.008695652173913044 0.024509803921568627