1 0.3217391304347826 0.35294117647058826 0.014130434782608696 0.014705882352941176
4 0.8826086956521739 0.36437908496732024 0.014130434782608696 0.013071895424836602
4 0.9021739130434783 0.36437908496732024 0.014130434782608696 0.013071895424836602
4 0.9239130434782609 0.36437908496732024 0.014130434782608696 0.013071895424836602
4 0.9510869565217391 0.3660130718954248 0.014130434782608696 0.013071895424836602
4 0.8532608695652174 0.37254901960784315 0.009782608695652175 0.021241830065359478
4 0.841304347826087 0.37254901960784315 0.009782608695652175 0.02287581699346405
1 0.8641304347826086 0.3741830065359477 0.007608695652173913 0.0196078431372549
1 0.8815217391304347 0.38235294117647056 0.014130434782608696 0.011437908496732025
1 0.9010869565217391 0.38235294117647056 0.014130434782608696 0.011437908496732025
1 0.9239130434782609 0.3839869281045752 0.015217391304347827 0.013071895424836602
1 0.9510869565217391 0.3839869281045752 0.015217391304347827 0.011437908496732025
4 0.8456521739130435 0.4035947712418301 0.015217391304347827 0.013071895424836602
1 0.8445652173913043 0.4199346405228758 0.014130434782608696 0.013071895424836602
1 0.9652173913043478 0.42810457516339867 0.007608695652173913 0.02287581699346405
4 0.9771739130434782 0.42810457516339867 0.008695652173913044 0.02287581699346405
1 0.8445652173913043 0.4395424836601307 0.013043478260869565 0.011437908496732025
1 0.9918478260869565 0.45751633986928103 0.014130434782608696 0.06535947712418301
0 0.907608695652174 0.4624183006535948 0.07173913043478261 0.10947712418300654
1 0.966304347826087 0.46405228758169936 0.007608695652173913 0.0196078431372549
1 0.8445652173913043 0.49673202614379086 0.014130434782608696 0.011437908496732025
4 0.9706521739130435 0.5049019607843137 0.014130434782608696 0.013071895424836602
1 0.8445652173913043 0.5147058823529411 0.014130434782608696 0.011437908496732025
4 0.9706521739130435 0.5228758169934641 0.014130434782608696 0.013071895424836602
4 0.9608695652173913 0.5620915032679739 0.009782608695652175 0.02287581699346405
4 0.9793478260869565 0.5620915032679739 0.008695652173913044 0.021241830065359478
5 0.9326086956521739 0.5996732026143791 0.03695652173913044 0.027777777777777776
5 0.9760869565217392 0.6290849673202614 0.03695652173913044 0.027777777777777776
4 0.7543478260869565 0.630718954248366 0.014130434782608696 0.013071895424836602
4 0.7782608695652173 0.630718954248366 0.014130434782608696 0.013071895424836602
4 0.9771739130434782 0.673202614379085 0.014130434782608696 0.013071895424836602
1 0.9010869565217391 0.6813725490196079 0.011956521739130435 0.03104575163398693
1 0.9184782608695652 0.6830065359477124 0.010869565217391304 0.032679738562091505
1 0.8923913043478261 0.7271241830065359 0.016304347826086956 0.013071895424836602
4 0.8913043478260869 0.7450980392156863 0.015217391304347827 0.014705882352941176
3 0.7217391304347827 0.7516339869281046 0.11521739130434783 0.1323529411764706
1 0.9614130434782608 0.7933006535947712 0.075 0.119281045751634
1 0.8989130434782608 0.8480392156862745 0.010869565217391304 0.03104575163398693
1 0.9173913043478261 0.8496732026143791 0.011956521739130435 0.03104575163398693
1 0.5695652173913044 0.8529411764705882 0.017391304347826087 0.0392156862745098
1 0.592391304347826 0.8529411764705882 0.016304347826086956 0.0392156862745098
1 0.6152173913043478 0.8545751633986928 0.017391304347826087 0.0392156862745098
1 0.8902173913043478 0.8937908496732027 0.014130434782608696 0.013071895424836602
3 0.7195652173913043 0.9199346405228758 0.11521739130434783 0.1323529411764706
1 0.005978260869565218 0.9599673202614379 0.011956521739130435 0.04084967320261438
1 0.021739130434782608 0.9591503267973857 0.017391304347826087 0.0392156862745098
1 0.06304347826086956 0.9591503267973857 0.017391304347826087 0.0392156862745098
1 0.042391304347826085 0.9591503267973857 0.017391304347826087 0.0392156862745098
1 0.10434782608695652 0.9607843137254902 0.017391304347826087 0.0392156862745098
1 0.08369565217391305 0.9607843137254902 0.017391304347826087 0.0392156862745098
1 0.125 0.9607843137254902 0.017391304347826087 0.0392156862745098
1 0.5690217391304347 0.9795751633986928 0.01847826086956522 0.03758169934640523
1 0.591304347826087 0.9795751633986928 0.017391304347826087 0.03758169934640523
1 0.9163043478260869 0.9803921568627451 0.011956521739130435 0.03104575163398693
1 0.6146739130434783 0.9803921568627451 0.01847826086956522 0.03594771241830065
1 0.002717391304347826 0.1854575163398693 0.005434782608695652 0.027777777777777776
1 0.029347826086956522 0.18627450980392157 0.02608695652173913 0.026143790849673203
1 0.06739130434782609 0.18627450980392157 0.02608695652173913 0.027777777777777776
1 0.14565217391304347 0.18790849673202614 0.02608695652173913 0.026143790849673203
1 0.225 0.18790849673202614 0.02608695652173913 0.027777777777777776
1 0.18695652173913044 0.18790849673202614 0.02608695652173913 0.026143790849673203
4 0.1108695652173913 0.18790849673202614 0.020652173913043477 0.0196078431372549
1 0.26413043478260867 0.1895424836601307 0.02608695652173913 0.026143790849673203
1 0.3010869565217391 0.1895424836601307 0.02608695652173913 0.026143790849673203
1 0.3391304347826087 0.19117647058823528 0.02608695652173913 0.027777777777777776
1 0.8858695652173914 0.19281045751633988 0.014130434782608696 0.011437908496732025
1 0.907608695652174 0.19444444444444445 0.013043478260869565 0.011437908496732025
4 0.9347826086956522 0.19444444444444445 0.014130434782608696 0.013071895424836602
4 0.9543478260869566 0.19444444444444445 0.014130434782608696 0.013071895424836602
1 0.9760869565217392 0.19444444444444445 0.013043478260869565 0.011437908496732025
4 0.5858695652173913 0.1977124183006536 0.014130434782608696 0.013071895424836602
4 0.6065217391304348 0.1977124183006536 0.014130434782608696 0.013071895424836602
4 0.8858695652173914 0.21241830065359477 0.014130434782608696 0.013071895424836602
4 0.9543478260869566 0.21241830065359477 0.014130434782608696 0.013071895424836602
1 0.975 0.21241830065359477 0.013043478260869565 0.011437908496732025