3 0.690677966101695 0.02308917197452229 0.11440677966101695 0.04617834394904458
4 0.9597457627118644 0.006369426751592357 0.00847457627118644 0.012738853503184714
1 0.5439618644067796 0.016719745222929936 0.018008474576271187 0.03343949044585987
1 0.565677966101695 0.01751592356687898 0.01694915254237288 0.03503184713375796
1 0.5895127118644068 0.01751592356687898 0.018008474576271187 0.03503184713375796
1 0.011652542372881356 0.03343949044585987 0.01694915254237288 0.03821656050955414
1 0.03177966101694915 0.03503184713375796 0.01694915254237288 0.03821656050955414
1 0.07203389830508475 0.03503184713375796 0.01694915254237288 0.03821656050955414
1 0.11122881355932203 0.03503184713375796 0.01694915254237288 0.03821656050955414
1 0.05084745762711865 0.03503184713375796 0.01694915254237288 0.03821656050955414
1 0.09110169491525423 0.03503184713375796 0.01694915254237288 0.03821656050955414
4 0.9925847457627118 0.04617834394904458 0.00847457627118644 0.020700636942675158
5 0.9692796610169492 0.050955414012738856 0.026483050847457626 0.02388535031847134
1 0.8654661016949152 0.07006369426751592 0.011652542372881356 0.028662420382165606
1 0.8824152542372882 0.07165605095541401 0.011652542372881356 0.030254777070063694
4 0.9671610169491526 0.09713375796178345 0.00847457627118644 0.020700636942675158
1 0.8559322033898306 0.11464968152866242 0.014830508474576272 0.012738853503184714
1 0.5423728813559322 0.13694267515923567 0.01694915254237288 0.03821656050955414
1 0.565677966101695 0.13694267515923567 0.015889830508474576 0.03821656050955414
3 0.690677966101695 0.13694267515923567 0.11228813559322035 0.12898089171974522
1 0.5879237288135594 0.13853503184713375 0.01694915254237288 0.03821656050955414
1 0.9226694915254238 0.18630573248407642 0.07521186440677965 0.11464968152866242
1 0.864406779661017 0.22770700636942676 0.011652542372881356 0.028662420382165606
1 0.8813559322033898 0.2356687898089172 0.01059322033898305 0.030254777070063694
1 0.8559322033898306 0.2770700636942675 0.015889830508474576 0.014331210191082803
4 0.8548728813559322 0.2945859872611465 0.013771186440677966 0.014331210191082803
3 0.6896186440677966 0.304140127388535 0.11228813559322035 0.12898089171974522
0 0.9809322033898306 0.3519108280254777 0.036016949152542374 0.12738853503184713
1 0.7478813559322034 0.37101910828025475 0.012711864406779662 0.009554140127388535
4 0.7478813559322034 0.3885350318471338 0.013771186440677966 0.012738853503184714
0 0.6949152542372882 0.3980891719745223 0.036016949152542374 0.05732484076433121
4 0.6302966101694916 0.4028662420382166 0.00847457627118644 0.022292993630573247
4 0.6419491525423728 0.4028662420382166 0.00847457627118644 0.022292993630573247
4 0.7478813559322034 0.4140127388535032 0.013771186440677966 0.012738853503184714
4 0.7478813559322034 0.4299363057324841 0.013771186440677966 0.011146496815286623
4 0.659957627118644 0.445859872611465 0.00847457627118644 0.020700636942675158
3 0.9014830508474576 0.4570063694267516 0.07733050847457627 0.12261146496815287
4 0.75 0.47929936305732485 0.007415254237288136 0.020700636942675158
1 0.9830508474576272 0.5310509554140127 0.03177966101694915 0.11624203821656051
3 0.9745762711864406 0.660828025477707 0.048728813559322036 0.12420382165605096
1 0.014830508474576272 0.7818471337579618 0.025423728813559324 0.025477707006369428
1 0.05190677966101695 0.7834394904458599 0.025423728813559324 0.025477707006369428
1 0.1260593220338983 0.7834394904458599 0.025423728813559324 0.025477707006369428
1 0.08898305084745763 0.7834394904458599 0.025423728813559324 0.025477707006369428
1 0.1641949152542373 0.7866242038216561 0.0211864406779661 0.020700636942675158
1 0.24152542372881355 0.7866242038216561 0.025423728813559324 0.025477707006369428
1 0.2786016949152542 0.7866242038216561 0.025423728813559324 0.025477707006369428
1 0.3156779661016949 0.7866242038216561 0.025423728813559324 0.025477707006369428
1 0.3538135593220339 0.7882165605095541 0.025423728813559324 0.025477707006369428
1 0.3898305084745763 0.7882165605095541 0.025423728813559324 0.025477707006369428
4 0.8135593220338984 0.7929936305732485 0.014830508474576272 0.014331210191082803
1 0.8802966101694916 0.7945859872611465 0.024364406779661018 0.025477707006369428
1 0.8421610169491526 0.7945859872611465 0.024364406779661018 0.025477707006369428
0 0.9804025423728814 0.8001592356687898 0.037076271186440676 0.09076433121019108
4 0.9449152542372882 0.8343949044585988 0.00847457627118644 0.02388535031847134