1 0.6798418972332015 0.00741839762611276 0.011857707509881422 0.010385756676557863
1 0.5266798418972332 0.2507418397626113 0.011857707509881422 0.010385756676557863
1 0.5681818181818182 0.21513353115727002 0.012845849802371542 0.010385756676557863
1 0.5434782608695652 0.2655786350148368 0.010869565217391304 0.028189910979228485
1 0.5602766798418972 0.2655786350148368 0.010869565217391304 0.028189910979228485
1 0.5266798418972332 0.10237388724035608 0.011857707509881422 0.010385756676557863
1 0.5681818181818182 0.06528189910979229 0.012845849802371542 0.010385756676557863
1 0.5444664031620553 0.11572700296735905 0.010869565217391304 0.028189910979228485
1 0.5602766798418972 0.11572700296735905 0.010869565217391304 0.028189910979228485
1 0.5928853754940712 0.3026706231454006 0.020750988142292492 0.05341246290801187
1 0.6017786561264822 0.3649851632047478 0.010869565217391304 0.028189910979228485
1 0.5859683794466403 0.36350148367952523 0.009881422924901186 0.026706231454005934
1 0.567193675889328 0.36350148367952523 0.010869565217391304 0.010385756676557863
1 0.5217391304347826 0.4035608308605341 0.011857707509881422 0.010385756676557863
1 0.7055335968379447 0.3664688427299703 0.022727272727272728 0.02225519287833828
1 0.7075098814229249 0.3887240356083086 0.011857707509881422 0.010385756676557863
1 0.7420948616600791 0.4762611275964392 0.017786561264822136 0.01483679525222552
1 0.7065217391304348 0.5207715133531158 0.023715415019762844 0.02373887240356083
1 0.8132411067193676 0.2344213649851632 0.021739130434782608 0.05637982195845697
1 0.817193675889328 0.17210682492581603 0.007905138339920948 0.016320474777448073
1 0.8063241106719368 0.17210682492581603 0.00691699604743083 0.017804154302670624
1 0.4950592885375494 0.4465875370919881 0.016798418972332016 0.03560830860534125
1 0.4654150197628458 0.4465875370919881 0.015810276679841896 0.03560830860534125
1 0.41798418972332013 0.4896142433234421 0.00691699604743083 0.017804154302670624
1 0.4061264822134387 0.4896142433234421 0.00691699604743083 0.019287833827893175
1 0.7450592885375494 0.615727002967359 0.018774703557312252 0.01483679525222552
1 0.6887351778656127 0.6735905044510386 0.011857707509881422 0.010385756676557863
1 0.6719367588932806 0.6735905044510386 0.011857707509881422 0.010385756676557863
1 0.7707509881422925 0.6795252225519288 0.00691699604743083 0.019287833827893175
1 0.758893280632411 0.6795252225519288 0.00691699604743083 0.019287833827893175
1 0.7430830039525692 0.6899109792284867 0.011857707509881422 0.010385756676557863
1 0.7628458498023716 0.7047477744807121 0.011857707509881422 0.010385756676557863
1 0.75 0.728486646884273 0.019762845849802372 0.016320474777448073
1 0.558300395256917 0.7863501483679525 0.00691699604743083 0.017804154302670624
1 0.5701581027667985 0.787833827893175 0.007905138339920948 0.019287833827893175
1 0.42292490118577075 0.7908011869436202 0.022727272727272728 0.02225519287833828
1 0.3468379446640316 0.7908011869436202 0.023715415019762844 0.020771513353115726
4 0.567193675889328 0.3486646884272997 0.012845849802371542 0.010385756676557863
4 0.5642292490118577 0.3264094955489614 0.007905138339920948 0.019287833827893175
4 0.5681818181818182 0.04896142433234421 0.012845849802371542 0.010385756676557863
4 0.5652173913043478 0.026706231454005934 0.007905138339920948 0.019287833827893175
4 0.567193675889328 0.19881305637982197 0.012845849802371542 0.010385756676557863
4 0.5642292490118577 0.17655786350148367 0.007905138339920948 0.019287833827893175
4 0.6788537549407114 0.02373887240356083 0.012845849802371542 0.010385756676557863
4 0.674901185770751 0.04747774480712166 0.00691699604743083 0.019287833827893175
4 0.6857707509881423 0.04896142433234421 0.007905138339920948 0.020771513353115726
4 0.7124505928853755 0.05637982195845697 0.012845849802371542 0.010385756676557863
1 0.7124505928853755 0.040059347181008904 0.012845849802371542 0.010385756676557863
4 0.782608695652174 0.05637982195845697 0.012845849802371542 0.010385756676557863
1 0.782608695652174 0.04154302670623145 0.012845849802371542 0.010385756676557863
4 0.7648221343873518 0.05637982195845697 0.012845849802371542 0.010385756676557863
1 0.7648221343873518 0.04154302670623145 0.012845849802371542 0.010385756676557863
4 0.7470355731225297 0.05637982195845697 0.012845849802371542 0.010385756676557863
1 0.7470355731225297 0.040059347181008904 0.012845849802371542 0.010385756676557863
4 0.7302371541501976 0.05637982195845697 0.012845849802371542 0.010385756676557863
1 0.7292490118577075 0.040059347181008904 0.012845849802371542 0.010385756676557863
1 0.6966403162055336 0.04896142433234421 0.007905138339920948 0.019287833827893175
4 0.4308300395256917 0.456973293768546 0.01383399209486166 0.010385756676557863
4 0.41304347826086957 0.45845697329376855 0.01383399209486166 0.011869436201780416
4 0.4367588932806324 0.4896142433234421 0.007905138339920948 0.019287833827893175
4 0.607707509881423 0.5178041543026706 0.008893280632411068 0.019287833827893175
4 0.7420948616600791 0.4540059347181009 0.01383399209486166 0.011869436201780416
4 0.7440711462450593 0.5964391691394659 0.012845849802371542 0.010385756676557863
1 0.7065217391304348 0.543026706231454 0.011857707509881422 0.010385756676557863
4 0.7420948616600791 0.6735905044510386 0.011857707509881422 0.010385756676557863
4 0.7420948616600791 0.7047477744807121 0.012845849802371542 0.010385756676557863
4 0.7154150197628458 0.6706231454005934 0.007905138339920948 0.019287833827893175
4 0.7035573122529645 0.6706231454005934 0.007905138339920948 0.019287833827893175
4 0.7796442687747036 0.7299703264094956 0.017786561264822136 0.016320474777448073
4 0.5810276679841897 0.7863501483679525 0.007905138339920948 0.019287833827893175
4 0.6610671936758893 0.8531157270029673 0.007905138339920948 0.019287833827893175
4 0.6847826086956522 0.8531157270029673 0.007905138339920948 0.019287833827893175
4 0.6729249011857708 0.8160237388724035 0.007905138339920948 0.019287833827893175
4 0.6620553359683794 0.8160237388724035 0.007905138339920948 0.019287833827893175
4 0.6739130434782609 0.8531157270029673 0.007905138339920948 0.019287833827893175
4 0.6996047430830039 0.8545994065281899 0.007905138339920948 0.019287833827893175
4 0.7213438735177866 0.8545994065281899 0.007905138339920948 0.019287833827893175
4 0.7104743083003953 0.8160237388724035 0.007905138339920948 0.019287833827893175
4 0.6996047430830039 0.814540059347181 0.007905138339920948 0.019287833827893175
4 0.7213438735177866 0.8160237388724035 0.007905138339920948 0.019287833827893175
4 0.6847826086956522 0.8160237388724035 0.007905138339920948 0.019287833827893175
0 0.691699604743083 0.7433234421364985 0.05632411067193676 0.08456973293768547
1 0.8310276679841897 0.456973293768546 0.0691699604743083 0.1083086053412463
1 0.6590909090909091 0.15578635014836795 0.0691699604743083 0.1083086053412463
1 0.6590909090909091 0.3026706231454006 0.0691699604743083 0.1083086053412463
3 0.7954545454545454 0.34718100890207715 0.05138339920948617 0.08160237388724036
0 0.6926877470355731 0.7433234421364985 0.05632411067193676 0.0830860534124629
0 0.6887351778656127 0.45252225519287836 0.05731225296442688 0.09940652818991098
0 0.6877470355731226 0.6053412462908012 0.05731225296442688 0.09940652818991098
0 0.5227272727272727 0.04599406528189911 0.05632411067193676 0.08605341246290801
0 0.5227272727272727 0.19584569732937684 0.05632411067193676 0.08605341246290801
0 0.5217391304347826 0.34421364985163205 0.05632411067193676 0.08605341246290801
0 0.7346837944664032 0.009643916913946587 0.07015810276679842 0.019287833827893175
3 0.41551383399209485 0.05341246290801187 0.10770750988142293 0.10682492581602374
3 0.5909090909090909 0.4540059347181009 0.10474308300395258 0.1083086053412463
3 0.5899209486166008 0.5979228486646885 0.10474308300395258 0.1083086053412463
3 0.41304347826086957 0.20029673590504452 0.1067193675889328 0.10979228486646884
3 0.4150197628458498 0.3486646884272997 0.1067193675889328 0.11275964391691394
3 0.741106719367589 0.23590504451038577 0.07312252964426877 0.10979228486646884
1 0.2994071146245059 0.16468842729970326 0.015810276679841896 0.037091988130563795
1 0.27865612648221344 0.1661721068249258 0.014822134387351778 0.03560830860534125
1 0.308300395256917 0.01483679525222552 0.017786561264822136 0.02967359050445104
1 0.2875494071146245 0.01483679525222552 0.017786561264822136 0.02967359050445104
1 0.266304347826087 0.01483679525222552 0.018774703557312252 0.02967359050445104
1 0.17786561264822134 0.7893175074183977 0.022727272727272728 0.02373887240356083
1 0.2490118577075099 0.7893175074183977 0.023715415019762844 0.02225519287833828
1 0.1442687747035573 0.7893175074183977 0.023715415019762844 0.02373887240356083
1 0.21442687747035574 0.7893175074183977 0.023715415019762844 0.02373887240356083
1 0.040513833992094864 0.787833827893175 0.023715415019762844 0.02373887240356083
1 0.10968379446640317 0.787833827893175 0.023715415019762844 0.02373887240356083
1 0.009387351778656126 0.7885756676557863 0.016798418972332016 0.025222551928783383
1 0.07509881422924901 0.787833827893175 0.023715415019762844 0.02373887240356083
4 0.2964426877470356 0.7893175074183977 0.012845849802371542 0.011869436201780416
4 0.27865612648221344 0.7893175074183977 0.012845849802371542 0.011869436201780416