4 0.22210953346855983 0.3155487804878049 0.010141987829614604 0.027439024390243903
4 0.31947261663286003 0.3170731707317073 0.011156186612576065 0.025914634146341462
4 0.35294117647058826 0.3155487804878049 0.011156186612576065 0.025914634146341462
4 0.6369168356997972 0.7317073170731707 0.011156186612576065 0.027439024390243903
4 0.4411764705882353 0.8567073170731707 0.018255578093306288 0.01676829268292683
4 0.3793103448275862 0.7621951219512195 0.017241379310344827 0.01524390243902439
4 0.3539553752535497 0.8399390243902439 0.018255578093306288 0.01524390243902439
4 0.4513184584178499 0.9664634146341463 0.011156186612576065 0.027439024390243903
4 0.1881338742393509 0.9961890243902439 0.013184584178498986 0.004573170731707317
4 0.22565922920892495 0.9954268292682927 0.013184584178498986 0.006097560975609756
0 0.579107505070994 0.7820121951219512 0.09634888438133875 0.12042682926829268
4 0.821501014198783 0.9100609756097561 0.018255578093306288 0.01524390243902439
4 0.8417849898580122 0.8810975609756098 0.011156186612576065 0.027439024390243903
1 0.5517241379310345 0.5213414634146342 0.012170385395537525 0.028963414634146343
1 0.5649087221095335 0.5228658536585366 0.009127789046653144 0.025914634146341462
1 0.5517241379310345 0.4024390243902439 0.012170385395537525 0.028963414634146343
1 0.5649087221095335 0.4024390243902439 0.009127789046653144 0.025914634146341462
1 0.5253549695740365 0.5640243902439024 0.016227180527383367 0.01524390243902439
1 0.5233265720081136 0.7286585365853658 0.010141987829614604 0.027439024390243903
1 0.5152129817444219 0.8307926829268293 0.010141987829614604 0.025914634146341462
1 0.6572008113590264 0.8551829268292683 0.02332657200811359 0.053353658536585365
1 0.5405679513184585 0.9969512195121951 0.036511156186612576 0.003048780487804878
1 0.795131845841785 0.8567073170731707 0.02332657200811359 0.051829268292682924
1 0.8803245436105477 0.8582317073170732 0.02332657200811359 0.051829268292682924
1 0.9766734279918864 0.9283536585365854 0.035496957403651115 0.0350609756097561
1 0.6338742393509128 0.9847560975609756 0.011156186612576065 0.010670731707317074
1 0.7221095334685599 0.961890243902439 0.006085192697768763 0.01676829268292683
1 0.678498985801217 0.9420731707317073 0.006085192697768763 0.01676829268292683
1 0.7961460446247465 0.9847560975609756 0.006085192697768763 0.01676829268292683
1 0.8397565922920892 0.961890243902439 0.006085192697768763 0.01676829268292683
1 0.8995943204868154 0.9603658536585366 0.006085192697768763 0.01676829268292683
3 0.5172413793103449 0.4375 0.032454361054766734 0.028963414634146343
3 0.5172413793103449 0.48323170731707316 0.030425963488843813 0.03048780487804878