1 0.1944990176817289 0.3967551622418879 0.015717092337917484 0.014749262536873156
1 0.1944990176817289 0.3775811209439528 0.01669941060903733 0.01327433628318584
1 0.18369351669941061 0.32595870206489674 0.014734774066797643 0.014749262536873156
1 0.18369351669941061 0.30678466076696165 0.01669941060903733 0.014749262536873156
1 0.4037328094302554 0.308259587020649 0.018664047151277015 0.016224188790560472
1 0.4027504911591356 0.3274336283185841 0.018664047151277015 0.016224188790560472
1 0.7396856581532416 0.9793510324483776 0.015717092337917484 0.01327433628318584
1 0.6984282907662083 0.9778761061946902 0.01669941060903733 0.014749262536873156
1 0.7180746561886051 0.9513274336283186 0.030451866404715127 0.028023598820058997
1 0.5108055009823183 0.8775811209439528 0.015717092337917484 0.014749262536873156
4 0.4263261296660118 0.9144542772861357 0.01669941060903733 0.014749262536873156
4 0.01768172888015717 0.5029498525073747 0.009823182711198428 0.025073746312684365
4 0.030451866404715127 0.5029498525073747 0.009823182711198428 0.02654867256637168