1 0.19646365422396855 0.39823008849557523 0.015717092337917484 0.014749262536873156
1 0.19646365422396855 0.37905604719764013 0.01669941060903733 0.01327433628318584
1 0.1856581532416503 0.3274336283185841 0.014734774066797643 0.014749262536873156
1 0.1856581532416503 0.308259587020649 0.01669941060903733 0.014749262536873156
1 0.4056974459724951 0.30973451327433627 0.018664047151277015 0.016224188790560472
1 0.40471512770137524 0.32890855457227136 0.018664047151277015 0.016224188790560472
1 0.7416502946954814 0.9808259587020649 0.015717092337917484 0.01327433628318584
1 0.7003929273084479 0.9793510324483776 0.01669941060903733 0.014749262536873156
1 0.7200392927308448 0.9528023598820059 0.030451866404715127 0.028023598820058997
1 0.5127701375245579 0.8790560471976401 0.015717092337917484 0.014749262536873156
4 0.42829076620825146 0.915929203539823 0.01669941060903733 0.014749262536873156
4 0.019646365422396856 0.504424778761062 0.009823182711198428 0.025073746312684365
4 0.03241650294695481 0.504424778761062 0.009823182711198428 0.02654867256637168