4 0.34557235421166305 0.4090909090909091 0.019438444924406047 0.017857142857142856
4 0.34557235421166305 0.4318181818181818 0.019438444924406047 0.017857142857142856
4 0.36825053995680346 0.4448051948051948 0.011879049676025918 0.027597402597402596
1 0.012419006479481642 0.987012987012987 0.011879049676025918 0.022727272727272728
1 0.062095032397408205 0.9862012987012987 0.011879049676025918 0.024350649350649352
1 0.07937365010799136 0.987012987012987 0.011879049676025918 0.022727272727272728
1 0.09449244060475162 0.9862012987012987 0.011879049676025918 0.024350649350649352
1 0.11177105831533478 0.987012987012987 0.011879049676025918 0.022727272727272728
1 0.12796976241900648 0.9862012987012987 0.011879049676025918 0.024350649350649352
1 0.14416846652267817 0.987012987012987 0.011879049676025918 0.022727272727272728
1 0.029157667386609073 0.987012987012987 0.01079913606911447 0.022727272727272728
1 0.0458963282937365 0.987012987012987 0.011879049676025918 0.022727272727272728
1 0.32181425485961124 0.42045454545454547 0.011879049676025918 0.027597402597402596