1 0.9664031620553359 0.4465875370919881 0.009881422924901186 0.026706231454005934
1 0.7282608695652174 0.443620178041543 0.009881422924901186 0.02225519287833828
1 0.6393280632411067 0.43026706231454004 0.016798418972332016 0.01483679525222552
1 0.5849802371541502 0.42729970326409494 0.016798418972332016 0.013353115727002967
1 0.6413043478260869 0.5489614243323442 0.015810276679841896 0.01483679525222552
1 0.6324110671936759 0.6068249258160238 0.016798418972332016 0.01483679525222552
1 0.6324110671936759 0.6468842729970327 0.015810276679841896 0.01483679525222552
1 0.717391304347826 0.6172106824925816 0.009881422924901186 0.025222551928783383
1 0.6047430830039525 0.787833827893175 0.009881422924901186 0.02373887240356083
1 0.6047430830039525 0.9020771513353115 0.009881422924901186 0.02373887240356083
1 0.4772727272727273 0.7181008902077152 0.015810276679841896 0.01483679525222552
1 0.41699604743083 0.6172106824925816 0.009881422924901186 0.025222551928783383
1 0.41699604743083 0.543026706231454 0.009881422924901186 0.025222551928783383
1 0.4426877470355731 0.4258160237388724 0.016798418972332016 0.013353115727002967
1 0.4723320158102767 0.4228486646884273 0.015810276679841896 0.01483679525222552
1 0.5049407114624506 0.42433234421364985 0.016798418972332016 0.013353115727002967
1 0.4298418972332016 0.2878338278931751 0.009881422924901186 0.025222551928783383
1 0.29545454545454547 0.39465875370919884 0.04841897233201581 0.040059347181008904
1 0.1422924901185771 0.4020771513353116 0.014822134387351778 0.037091988130563795
2 0.8913043478260869 0.5519287833827893 0.044466403162055336 0.05637982195845697
2 0.8181818181818182 0.48813056379821956 0.0266798418972332 0.020771513353115726
2 0.4723320158102767 0.9154302670623146 0.025691699604743084 0.02225519287833828
2 0.2509881422924901 0.4807121661721068 0.014822134387351778 0.037091988130563795
2 0.29347826086956524 0.4792284866468843 0.014822134387351778 0.03857566765578635
2 0.3339920948616601 0.4807121661721068 0.014822134387351778 0.037091988130563795
2 0.37450592885375494 0.4807121661721068 0.01383399209486166 0.037091988130563795
2 0.3191699604743083 0.30415430267062316 0.025691699604743084 0.02225519287833828
0 0.4901185770750988 0.31750741839762614 0.0533596837944664 0.10682492581602374
0 0.5128458498023716 0.56973293768546 0.14130434782608695 0.21364985163204747
0 0.5454545454545454 0.8353115727002968 0.08992094861660078 0.11127596439169139
0 0.19367588932806323 0.4169139465875371 0.0266798418972332 0.06379821958456973
4 0.9940711462450593 0.4473293768545994 0.009881422924901186 0.028189910979228485
4 0.9812252964426877 0.4465875370919881 0.010869565217391304 0.02373887240356083
4 0.9466403162055336 0.5341246290801187 0.016798418972332016 0.01483679525222552
4 0.9476284584980237 0.5682492581602374 0.016798418972332016 0.016320474777448073
4 0.808300395256917 0.44510385756676557 0.009881422924901186 0.026706231454005934
4 0.7134387351778656 0.443620178041543 0.010869565217391304 0.025222551928783383
4 0.6413043478260869 0.5682492581602374 0.016798418972332016 0.01483679525222552
4 0.5780632411067194 0.39762611275964393 0.009881422924901186 0.025222551928783383
4 0.5543478260869565 0.39762611275964393 0.008893280632411068 0.025222551928783383
4 0.5365612648221344 0.3991097922848665 0.008893280632411068 0.026706231454005934
4 0.5227272727272727 0.39762611275964393 0.008893280632411068 0.025222551928783383
4 0.775691699604743 0.6765578635014837 0.009881422924901186 0.02373887240356083
4 0.6324110671936759 0.6275964391691394 0.016798418972332016 0.016320474777448073
4 0.6324110671936759 0.6691394658753709 0.016798418972332016 0.01483679525222552
4 0.5148221343873518 0.7418397626112759 0.009881422924901186 0.025222551928783383
4 0.4881422924901186 0.787833827893175 0.010869565217391304 0.025222551928783383
4 0.45849802371541504 0.7922848664688428 0.009881422924901186 0.026706231454005934
4 0.45849802371541504 0.8590504451038575 0.008893280632411068 0.025222551928783383
4 0.5849802371541502 0.9228486646884273 0.016798418972332016 0.013353115727002967
4 0.508893280632411 0.9213649851632048 0.015810276679841896 0.016320474777448073
4 0.48221343873517786 0.9599406528189911 0.009881422924901186 0.025222551928783383
4 0.45849802371541504 0.9599406528189911 0.008893280632411068 0.025222551928783383
4 0.8043478260869565 0.9272997032640949 0.010869565217391304 0.025222551928783383
4 0.7895256916996047 0.9272997032640949 0.010869565217391304 0.025222551928783383
4 0.7203557312252964 0.9272997032640949 0.010869565217391304 0.025222551928783383
4 0.7045454545454546 0.9272997032640949 0.010869565217391304 0.025222551928783383
4 0.7480237154150198 0.9272997032640949 0.010869565217391304 0.025222551928783383
4 0.7341897233201581 0.9272997032640949 0.010869565217391304 0.025222551928783383
4 0.775691699604743 0.9272997032640949 0.010869565217391304 0.025222551928783383
4 0.7618577075098815 0.9272997032640949 0.010869565217391304 0.025222551928783383
4 0.2964426877470356 0.3486646884272997 0.046442687747035576 0.03560830860534125
4 0.27964426877470355 0.30415430267062316 0.016798418972332016 0.01483679525222552