4 0.13793103448275862 0.07774390243902439 0.018255578093306288 0.01676829268292683
4 0.16531440162271804 0.07774390243902439 0.018255578093306288 0.01676829268292683
4 0.02332657200811359 0.08231707317073171 0.018255578093306288 0.01676829268292683
4 0.02434077079107505 0.10670731707317073 0.018255578093306288 0.01676829268292683
4 0.02332657200811359 0.12957317073170732 0.017241379310344827 0.01524390243902439
4 0.02332657200811359 0.15091463414634146 0.018255578093306288 0.01676829268292683
4 0.4716024340770791 0.16615853658536586 0.018255578093306288 0.01676829268292683
4 0.5070993914807302 0.17682926829268292 0.011156186612576065 0.024390243902439025
4 0.5466531440162272 0.21646341463414634 0.011156186612576065 0.027439024390243903
4 0.47971602434077076 0.20884146341463414 0.018255578093306288 0.01676829268292683
4 0.6166328600405679 0.4298780487804878 0.018255578093306288 0.01524390243902439
4 0.6156186612576064 0.45121951219512196 0.018255578093306288 0.01676829268292683
4 0.6582150101419878 0.4405487804878049 0.018255578093306288 0.01524390243902439
4 0.5689655172413793 0.5411585365853658 0.011156186612576065 0.027439024390243903
4 0.5202839756592292 0.5411585365853658 0.011156186612576065 0.027439024390243903
4 0.5517241379310345 0.49847560975609756 0.011156186612576065 0.027439024390243903
4 0.5354969574036511 0.5 0.011156186612576065 0.027439024390243903
4 0.6501014198782962 0.5411585365853658 0.011156186612576065 0.027439024390243903
4 0.6338742393509128 0.5411585365853658 0.011156186612576065 0.027439024390243903
4 0.6176470588235294 0.5411585365853658 0.011156186612576065 0.027439024390243903
4 0.6014198782961461 0.5426829268292683 0.011156186612576065 0.027439024390243903
4 0.6582150101419878 0.48323170731707316 0.017241379310344827 0.01524390243902439
1 0.2099391480730223 0.28353658536585363 0.02231237322515213 0.04878048780487805
1 0.038539553752535496 0.6814024390243902 0.02231237322515213 0.05030487804878049
1 0.1206896551724138 0.6829268292682927 0.02332657200811359 0.051829268292682924
1 0.1947261663286004 0.6829268292682927 0.02332657200811359 0.051829268292682924
1 0.17342799188640973 0.6890243902439024 0.009127789046653144 0.025914634146341462
1 0.09939148073022312 0.6890243902439024 0.010141987829614604 0.024390243902439025
1 0.061866125760649086 0.6890243902439024 0.010141987829614604 0.025914634146341462
1 0.002028397565922921 0.1524390243902439 0.004056795131845842 0.01524390243902439
1 0.002028397565922921 0.12804878048780488 0.004056795131845842 0.01524390243902439
1 0.002028397565922921 0.10518292682926829 0.004056795131845842 0.01524390243902439
1 0.002028397565922921 0.08231707317073171 0.004056795131845842 0.01524390243902439
1 0.18356997971602435 0.22408536585365854 0.009127789046653144 0.025914634146341462
1 0.5233265720081136 0.21646341463414634 0.010141987829614604 0.025914634146341462
1 0.5202839756592292 0.6128048780487805 0.015212981744421906 0.039634146341463415
1 0.5273833671399595 0.4481707317073171 0.006085192697768763 0.01676829268292683
1 0.5385395537525355 0.4405487804878049 0.006085192697768763 0.01524390243902439
1 0.550709939148073 0.4329268292682927 0.006085192697768763 0.01524390243902439
1 0.5030425963488844 0.4405487804878049 0.006085192697768763 0.01676829268292683
1 0.4634888438133874 0.4344512195121951 0.011156186612576065 0.009146341463414634
1 0.43610547667342797 0.3628048780487805 0.011156186612576065 0.010670731707317074
1 0.4634888438133874 0.3201219512195122 0.011156186612576065 0.010670731707317074
1 0.5314401622718052 0.26676829268292684 0.006085192697768763 0.01676829268292683
1 0.5415821501014199 0.2926829268292683 0.006085192697768763 0.01676829268292683
1 0.5811359026369168 0.2820121951219512 0.011156186612576065 0.010670731707317074
1 0.5801217038539553 0.3125 0.006085192697768763 0.018292682926829267
1 0.5821501014198783 0.3475609756097561 0.011156186612576065 0.009146341463414634
1 0.45740365111561865 0.25 0.011156186612576065 0.009146341463414634
1 0.25963488843813387 0.010670731707317074 0.011156186612576065 0.010670731707317074
1 0.28600405679513186 0.03353658536585366 0.007099391480730223 0.018292682926829267
1 0.24239350912778904 0.042682926829268296 0.007099391480730223 0.01676829268292683
1 0.2302231237322515 0.042682926829268296 0.006085192697768763 0.01676829268292683
1 0.19776876267748478 0.051829268292682924 0.007099391480730223 0.01676829268292683
1 0.1947261663286004 0.024390243902439025 0.010141987829614604 0.009146341463414634
1 0.17139959432048682 0.028963414634146343 0.011156186612576065 0.009146341463414634
1 0.12373225152129817 0.007621951219512195 0.008113590263691683 0.01524390243902439
1 0.09432048681541583 0.010670731707317074 0.010141987829614604 0.009146341463414634
1 0.2657200811359026 0.14786585365853658 0.006085192697768763 0.01524390243902439
1 0.2718052738336714 0.19817073170731708 0.011156186612576065 0.009146341463414634
1 0.24746450304259635 0.19664634146341464 0.010141987829614604 0.009146341463414634
1 0.2413793103448276 0.1676829268292683 0.007099391480730223 0.01676829268292683
1 0.21196754563894524 0.19664634146341464 0.011156186612576065 0.009146341463414634
1 0.17647058823529413 0.17835365853658536 0.011156186612576065 0.009146341463414634
1 0.15314401622718052 0.1798780487804878 0.011156186612576065 0.009146341463414634
1 0.11764705882352941 0.19664634146341464 0.012170385395537525 0.010670731707317074
1 0.09939148073022312 0.20579268292682926 0.006085192697768763 0.01676829268292683