4 0.1663286004056795 0.9725609756097561 0.010141987829614604 0.025914634146341462
4 0.1815415821501014 0.9725609756097561 0.011156186612576065 0.027439024390243903
4 0.10547667342799188 0.9725609756097561 0.010141987829614604 0.025914634146341462
4 0.1206896551724138 0.9725609756097561 0.011156186612576065 0.027439024390243903
4 0.07403651115618662 0.9725609756097561 0.010141987829614604 0.025914634146341462
4 0.08924949290060852 0.9710365853658537 0.011156186612576065 0.027439024390243903
4 0.04259634888438134 0.9710365853658537 0.010141987829614604 0.025914634146341462
4 0.058823529411764705 0.9710365853658537 0.011156186612576065 0.027439024390243903
4 0.1359026369168357 0.9725609756097561 0.010141987829614604 0.025914634146341462
4 0.15212981744421908 0.9725609756097561 0.011156186612576065 0.027439024390243903
4 0.3711967545638945 0.3856707317073171 0.018255578093306288 0.01676829268292683
4 0.3711967545638945 0.4070121951219512 0.018255578093306288 0.01676829268292683
4 0.3924949290060852 0.4192073170731707 0.011156186612576065 0.025914634146341462
1 0.22565922920892495 0.975609756097561 0.02332657200811359 0.04573170731707317
1 0.04259634888438134 0.9314024390243902 0.010141987829614604 0.027439024390243903
1 0.057809330628803245 0.9314024390243902 0.010141987829614604 0.027439024390243903
1 0.10446247464503043 0.9298780487804879 0.010141987829614604 0.027439024390243903
1 0.1206896551724138 0.9314024390243902 0.010141987829614604 0.027439024390243903
1 0.13488843813387424 0.9298780487804879 0.010141987829614604 0.027439024390243903
1 0.1511156186612576 0.9314024390243902 0.010141987829614604 0.027439024390243903
1 0.1663286004056795 0.9298780487804879 0.010141987829614604 0.027439024390243903
1 0.1815415821501014 0.9314024390243902 0.010141987829614604 0.027439024390243903
1 0.07403651115618662 0.9298780487804879 0.009127789046653144 0.024390243902439025
1 0.08924949290060852 0.9314024390243902 0.010141987829614604 0.027439024390243903
1 0.3488843813387424 0.39634146341463417 0.011156186612576065 0.025914634146341462