1 0.8162055335968379 0.025222551928783383 0.02766798418972332 0.050445103857566766
1 0.8705533596837944 0.08605341246290801 0.023715415019762844 0.020771513353115726
1 0.9011857707509882 0.13204747774480713 0.009881422924901186 0.02373887240356083
1 0.9407114624505929 0.12759643916913946 0.04743083003952569 0.03857566765578635
1 0.4827075098814229 0.01112759643916914 0.016798418972332016 0.02225519287833828
1 0.38537549407114624 0.020771513353115726 0.01383399209486166 0.03857566765578635
1 0.366600790513834 0.020771513353115726 0.014822134387351778 0.037091988130563795
1 0.42193675889328064 0.07566765578635015 0.009881422924901186 0.02225519287833828
1 0.508893280632411 0.14836795252225518 0.018774703557312252 0.04451038575667656
1 0.8428853754940712 0.15281899109792285 0.014822134387351778 0.013353115727002967
1 0.8132411067193676 0.20029673590504452 0.025691699604743084 0.06973293768545995
1 0.5681818181818182 0.21364985163204747 0.029644268774703556 0.02967359050445104
1 0.5800395256916996 0.2551928783382789 0.02865612648221344 0.03115727002967359
1 0.5681818181818182 0.314540059347181 0.029644268774703556 0.02967359050445104
1 0.5079051383399209 0.2596439169139466 0.018774703557312252 0.04451038575667656
1 0.4278656126482213 0.30712166172106825 0.01383399209486166 0.03560830860534125
1 0.41304347826086957 0.22255192878338279 0.016798418972332016 0.01483679525222552
1 0.41304347826086957 0.2433234421364985 0.015810276679841896 0.01483679525222552
1 0.4061264822134387 0.4658753709198813 0.029644268774703556 0.028189910979228485
1 0.7164031620553359 0.771513353115727 0.04841897233201581 0.040059347181008904
1 0.1225296442687747 0.050445103857566766 0.016798418972332016 0.01483679525222552
1 0.08498023715415019 0.3724035608308605 0.008893280632411068 0.025222551928783383
1 0.07114624505928854 0.3724035608308605 0.009881422924901186 0.025222551928783383
1 0.16798418972332016 0.37388724035608306 0.008893280632411068 0.025222551928783383
1 0.1541501976284585 0.3724035608308605 0.009881422924901186 0.025222551928783383
1 0.14031620553359683 0.37388724035608306 0.008893280632411068 0.025222551928783383
1 0.12648221343873517 0.3724035608308605 0.009881422924901186 0.025222551928783383
1 0.11264822134387352 0.3724035608308605 0.008893280632411068 0.025222551928783383
1 0.09881422924901186 0.3724035608308605 0.009881422924901186 0.025222551928783383
1 0.05731225296442688 0.3724035608308605 0.009881422924901186 0.025222551928783383
1 0.07509881422924901 0.5667655786350149 0.010869565217391304 0.028189910979228485
1 0.06126482213438735 0.5667655786350149 0.008893280632411068 0.025222551928783383
1 0.04841897233201581 0.5652818991097923 0.008893280632411068 0.02225519287833828
0 0.8764822134387352 0.13649851632047477 0.03162055335968379 0.04599406528189911
0 0.4851778656126482 0.3916913946587537 0.08695652173913043 0.129080118694362
0 0.18280632411067194 0.17655786350148367 0.18675889328063242 0.1913946587537092
3 0.8680830039525692 0.02744807121661721 0.046442687747035576 0.05489614243323442
3 0.8616600790513834 0.20474777448071216 0.043478260869565216 0.06676557863501484
3 0.5573122529644269 0.28338278931750743 0.023715415019762844 0.019287833827893175
3 0.5286561264822134 0.258160237388724 0.012845849802371542 0.03412462908011869
3 0.09189723320158102 0.5727002967359051 0.012845849802371542 0.03560830860534125
4 0.7712450592885376 0.001483679525222552 0.010869565217391304 0.002967359050445104
4 0.7223320158102767 0.02967359050445104 0.016798418972332016 0.013353115727002967
4 0.424901185770751 0.013353115727002967 0.04743083003952569 0.026706231454005934
4 0.4654150197628458 0.01112759643916914 0.011857707509881422 0.02225519287833828
4 0.41205533596837945 0.04451038575667656 0.017786561264822136 0.013353115727002967
4 0.4051383399209486 0.07566765578635015 0.009881422924901186 0.02373887240356083
4 0.8379446640316206 0.11572700296735905 0.016798418972332016 0.01483679525222552
4 0.841897233201581 0.13501483679525222 0.016798418972332016 0.01483679525222552
4 0.9051383399209486 0.09198813056379822 0.023715415019762844 0.020771513353115726
4 0.7559288537549407 0.14540059347181009 0.010869565217391304 0.025222551928783383
4 0.7302371541501976 0.14540059347181009 0.010869565217391304 0.026706231454005934
4 0.7855731225296443 0.16468842729970326 0.014822134387351778 0.03560830860534125
4 0.38735177865612647 0.258160237388724 0.015810276679841896 0.01483679525222552
4 0.38636363636363635 0.28041543026706234 0.017786561264822136 0.01483679525222552
4 0.41106719367588934 0.3115727002967359 0.009881422924901186 0.02373887240356083
4 0.48616600790513836 0.29821958456973297 0.010869565217391304 0.026706231454005934
4 0.40019762845849804 0.34124629080118696 0.016798418972332016 0.013353115727002967
4 0.40019762845849804 0.36053412462908013 0.016798418972332016 0.016320474777448073
4 0.40118577075098816 0.3798219584569733 0.015810276679841896 0.01483679525222552
4 0.7164031620553359 0.7195845697329377 0.045454545454545456 0.037091988130563795
4 0.16699604743083005 0.3323442136498516 0.010869565217391304 0.025222551928783383
4 0.13932806324110672 0.33382789317507416 0.010869565217391304 0.025222551928783383
4 0.07114624505928854 0.3323442136498516 0.010869565217391304 0.025222551928783383
4 0.05731225296442688 0.33382789317507416 0.010869565217391304 0.025222551928783383
4 0.09881422924901186 0.33382789317507416 0.010869565217391304 0.025222551928783383
4 0.08498023715415019 0.3323442136498516 0.010869565217391304 0.025222551928783383
4 0.12648221343873517 0.33382789317507416 0.010869565217391304 0.025222551928783383
4 0.11264822134387352 0.3353115727002967 0.010869565217391304 0.025222551928783383
4 0.1541501976284585 0.33382789317507416 0.010869565217391304 0.025222551928783383
4 0.04743083003952569 0.6231454005934718 0.008893280632411068 0.02373887240356083
5 0.7430830039525692 0.0830860534124629 0.044466403162055336 0.03857566765578635