4 0.2634989200863931 0.10064935064935066 0.017278617710583154 0.016233766233766232
4 0.4244060475161987 0.07305194805194805 0.0183585313174946 0.016233766233766232
4 0.44168466522678185 0.09740259740259741 0.019438444924406047 0.016233766233766232
4 0.3142548596112311 0.13636363636363635 0.019438444924406047 0.017857142857142856
0 0.24190064794816415 0.16071428571428573 0.04967602591792657 0.045454545454545456
0 0.32721382289416845 0.2824675324675325 0.08423326133909287 0.13636363636363635
4 0.2267818574514039 0.2353896103896104 0.019438444924406047 0.016233766233766232
4 0.22462203023758098 0.29545454545454547 0.020518358531317494 0.017857142857142856
4 0.4373650107991361 0.2662337662337662 0.019438444924406047 0.016233766233766232
4 0.6166306695464363 0.36688311688311687 0.01079913606911447 0.02922077922077922
4 0.41576673866090713 0.5275974025974026 0.01079913606911447 0.027597402597402596
4 0.32397408207343414 0.5340909090909091 0.011879049676025918 0.02922077922077922
4 0.30669546436285094 0.5340909090909091 0.01079913606911447 0.02922077922077922
4 0.29049676025917925 0.5681818181818182 0.0183585313174946 0.016233766233766232
4 0.42332613390928725 0.5633116883116883 0.017278617710583154 0.016233766233766232
4 0.33153347732181426 0.5665584415584416 0.019438444924406047 0.016233766233766232
4 0.30345572354211664 0.698051948051948 0.0183585313174946 0.016233766233766232
4 0.30345572354211664 0.650974025974026 0.0183585313174946 0.016233766233766232
4 0.30345572354211664 0.6266233766233766 0.0183585313174946 0.016233766233766232
4 0.3023758099352052 0.5974025974025974 0.0183585313174946 0.016233766233766232
4 0.30345572354211664 0.6753246753246753 0.0183585313174946 0.016233766233766232
4 0.19978401727861772 0.512987012987013 0.01079913606911447 0.027597402597402596
0 0.10043196544276457 0.6266233766233766 0.16630669546436286 0.1314935064935065
4 0.06803455723542116 0.810064935064935 0.019438444924406047 0.01461038961038961
4 0.026997840172786176 0.8311688311688312 0.019438444924406047 0.017857142857142856
4 0.01079913606911447 0.8051948051948052 0.019438444924406047 0.016233766233766232
4 0.19654427645788336 0.8327922077922078 0.020518358531317494 0.017857142857142856
1 0.5237580993520519 0.025974025974025976 0.0367170626349892 0.03571428571428571
1 0.3174946004319654 0.10551948051948051 0.028077753779697623 0.024350649350649352
1 0.20302375809935205 0.14285714285714285 0.011879049676025918 0.027597402597402596
1 0.4190064794816415 0.22402597402597402 0.01079913606911447 0.025974025974025976
1 0.4427645788336933 0.21266233766233766 0.023758099352051837 0.05357142857142857
1 0.5248380129589633 0.22727272727272727 0.0367170626349892 0.03571428571428571
1 0.5237580993520519 0.28084415584415584 0.0367170626349892 0.037337662337662336
1 0.6349892008639308 0.5097402597402597 0.02591792656587473 0.05519480519480519
1 0.4352051835853132 0.599025974025974 0.012958963282937365 0.030844155844155844
1 0.43628509719222464 0.6444805194805194 0.011879049676025918 0.030844155844155844
1 0.3466522678185745 0.599025974025974 0.012958963282937365 0.030844155844155844
1 0.34773218142548595 0.6542207792207793 0.011879049676025918 0.030844155844155844
1 0.36393088552915764 0.599025974025974 0.011879049676025918 0.025974025974025976
1 0.36393088552915764 0.6542207792207793 0.009719222462203024 0.027597402597402596
1 0.4514038876889849 0.599025974025974 0.012958963282937365 0.030844155844155844
1 0.4514038876889849 0.6444805194805194 0.011879049676025918 0.030844155844155844
1 0.46760259179265656 0.6444805194805194 0.009719222462203024 0.027597402597402596
1 0.46760259179265656 0.599025974025974 0.011879049676025918 0.025974025974025976
1 0.028077753779697623 0.4935064935064935 0.017278617710583154 0.016233766233766232
1 0.19654427645788336 0.7077922077922078 0.017278617710583154 0.016233766233766232
1 0.19978401727861772 0.5584415584415584 0.01079913606911447 0.027597402597402596
1 0.8002159827213823 0.5113636363636364 0.02591792656587473 0.056818181818181816
1 0.8812095032397408 0.5113636363636364 0.024838012958963283 0.056818181818181816
1 0.9859611231101512 0.32061688311688313 0.02591792656587473 0.040584415584415584
1 0.9848812095032398 0.08116883116883117 0.028077753779697623 0.03896103896103896
1 0.6565874730021598 0.2224025974025974 0.0064794816414686825 0.017857142857142856
1 0.593952483801296 0.2987012987012987 0.00755939524838013 0.017857142857142856
1 0.6241900647948164 0.22077922077922077 0.011879049676025918 0.011363636363636364
1 0.591792656587473 0.36688311688311687 0.0064794816414686825 0.017857142857142856
1 0.6241900647948164 0.413961038961039 0.0064794816414686825 0.017857142857142856
1 0.6393088552915767 0.41233766233766234 0.0064794816414686825 0.017857142857142856
1 0.6706263498920086 0.41233766233766234 0.0064794816414686825 0.017857142857142856
1 0.6868250539956804 0.36688311688311687 0.0064794816414686825 0.017857142857142856
1 0.6393088552915767 0.3181818181818182 0.0064794816414686825 0.017857142857142856
1 0.6868250539956804 0.31655844155844154 0.0064794816414686825 0.017857142857142856
1 0.703023758099352 0.29383116883116883 0.0064794816414686825 0.017857142857142856
1 0.703023758099352 0.2694805194805195 0.0064794816414686825 0.017857142857142856
1 0.7192224622030238 0.24675324675324675 0.0064794816414686825 0.017857142857142856
1 0.734341252699784 0.2694805194805195 0.0064794816414686825 0.017857142857142856
1 0.7516198704103672 0.29383116883116883 0.0064794816414686825 0.017857142857142856
1 0.7645788336933045 0.29383116883116883 0.0064794816414686825 0.017857142857142856
1 0.765658747300216 0.3652597402597403 0.0064794816414686825 0.017857142857142856
1 0.734341252699784 0.36688311688311687 0.0064794816414686825 0.017857142857142856
1 0.734341252699784 0.41233766233766234 0.0064794816414686825 0.017857142857142856
1 0.703023758099352 0.41233766233766234 0.0064794816414686825 0.017857142857142856
1 0.765658747300216 0.41233766233766234 0.0064794816414686825 0.017857142857142856
1 0.796976241900648 0.38961038961038963 0.0064794816414686825 0.017857142857142856
1 0.7958963282937365 0.36688311688311687 0.0064794816414686825 0.017857142857142856
1 0.8444924406047516 0.36363636363636365 0.0064794816414686825 0.017857142857142856
1 0.8596112311015118 0.39285714285714285 0.0064794816414686825 0.017857142857142856
1 0.8758099352051836 0.362012987012987 0.0064794816414686825 0.017857142857142856
1 0.906047516198704 0.37012987012987014 0.0064794816414686825 0.017857142857142856
1 0.8909287257019438 0.413961038961039 0.0064794816414686825 0.017857142857142856
1 0.8131749460043196 0.2905844155844156 0.0064794816414686825 0.017857142857142856
1 0.7807775377969762 0.2711038961038961 0.0064794816414686825 0.017857142857142856
1 0.7807775377969762 0.2483766233766234 0.0064794816414686825 0.017857142857142856
1 0.7818574514038877 0.00974025974025974 0.0064794816414686825 0.017857142857142856
1 0.765658747300216 0.19967532467532467 0.0064794816414686825 0.017857142857142856
1 0.7354211663066955 0.19967532467532467 0.0064794816414686825 0.017857142857142856
1 0.703023758099352 0.21915584415584416 0.0064794816414686825 0.017857142857142856
1 0.6727861771058316 0.31655844155844154 0.011879049676025918 0.011363636363636364
1 0.6868250539956804 0.29383116883116883 0.011879049676025918 0.011363636363636364
1 0.703023758099352 0.31655844155844154 0.011879049676025918 0.011363636363636364
1 0.7213822894168467 0.2694805194805195 0.011879049676025918 0.011363636363636364
1 0.755939524838013 0.32954545454545453 0.011879049676025918 0.011363636363636364
1 0.7807775377969762 0.29383116883116883 0.011879049676025918 0.011363636363636364
1 0.796976241900648 0.3181818181818182 0.011879049676025918 0.011363636363636364
1 0.8120950323974082 0.31655844155844154 0.011879049676025918 0.011363636363636364
1 0.8315334773218143 0.31655844155844154 0.011879049676025918 0.011363636363636364
1 0.9190064794816415 0.3538961038961039 0.011879049676025918 0.011363636363636364
1 0.9416846652267818 0.2824675324675325 0.011879049676025918 0.011363636363636364
1 0.8952483801295896 0.25811688311688313 0.011879049676025918 0.011363636363636364
1 0.8131749460043196 0.24675324675324675 0.011879049676025918 0.011363636363636364
1 0.796976241900648 0.2483766233766234 0.011879049676025918 0.011363636363636364
1 0.7019438444924406 0.24675324675324675 0.011879049676025918 0.011363636363636364
1 0.8466522678185745 0.2224025974025974 0.011879049676025918 0.011363636363636364
1 0.9114470842332614 0.18668831168831168 0.011879049676025918 0.011363636363636364
1 0.8682505399568035 0.14123376623376624 0.011879049676025918 0.011363636363636364
1 0.8131749460043196 0.1525974025974026 0.011879049676025918 0.011363636363636364
1 0.7980561555075594 0.17532467532467533 0.011879049676025918 0.011363636363636364
1 0.7818574514038877 0.15422077922077923 0.011879049676025918 0.011363636363636364
1 0.7181425485961123 0.1737012987012987 0.011879049676025918 0.011363636363636364
1 0.7181425485961123 0.1525974025974026 0.011879049676025918 0.011363636363636364
1 0.6879049676025918 0.1525974025974026 0.011879049676025918 0.011363636363636364
1 0.703023758099352 0.12824675324675325 0.011879049676025918 0.011363636363636364
1 0.6220302375809935 0.125 0.011879049676025918 0.011363636363636364
1 0.5734341252699784 0.09253246753246754 0.011879049676025918 0.011363636363636364
1 0.6079913606911447 0.00974025974025974 0.011879049676025918 0.011363636363636364
1 0.6544276457883369 0.03409090909090909 0.011879049676025918 0.011363636363636364
1 0.7494600431965442 0.10551948051948051 0.011879049676025918 0.011363636363636364
1 0.8056155507559395 0.09415584415584416 0.011879049676025918 0.011363636363636364
1 0.9071274298056156 0.08116883116883117 0.011879049676025918 0.011363636363636364
1 0.8747300215982722 0.05844155844155844 0.011879049676025918 0.011363636363636364
1 0.9460043196544277 0.024350649350649352 0.011879049676025918 0.011363636363636364
1 0.7818574514038877 0.19967532467532467 0.0064794816414686825 0.017857142857142856
1 0.8131749460043196 0.12824675324675325 0.0064794816414686825 0.017857142857142856
1 0.7645788336933045 0.1314935064935065 0.0064794816414686825 0.017857142857142856
1 0.7354211663066955 0.12824675324675325 0.0064794816414686825 0.017857142857142856
1 0.7192224622030238 0.12824675324675325 0.0064794816414686825 0.017857142857142856
1 0.703023758099352 0.056818181818181816 0.0064794816414686825 0.017857142857142856
1 0.7046436285097192 0.008928571428571428 0.00755939524838013 0.017857142857142856
1 0.8293736501079914 0.030844155844155844 0.0064794816414686825 0.017857142857142856
3 0.398488120950324 0.6006493506493507 0.03455723542116631 0.03409090909090909
3 0.39956803455723544 0.6428571428571429 0.03455723542116631 0.03409090909090909