1 0.43186582809224316 0.8160377358490566 0.025157232704402517 0.02358490566037736
1 0.8542976939203354 0.9685534591194969 0.025157232704402517 0.02358490566037736
1 0.8532494758909853 0.8427672955974843 0.02620545073375262 0.0220125786163522
1 0.779874213836478 0.9544025157232704 0.025157232704402517 0.02358490566037736
1 0.7788259958071279 0.8836477987421384 0.025157232704402517 0.02358490566037736
1 0.8553459119496856 0.8883647798742138 0.025157232704402517 0.02358490566037736
1 0.429769392033543 0.970125786163522 0.025157232704402517 0.02358490566037736
1 0.3312368972746331 0.9418238993710691 0.025157232704402517 0.02358490566037736
1 0.4308176100628931 0.8616352201257862 0.025157232704402517 0.02358490566037736
1 0.259958071278826 0.47327044025157233 0.023060796645702306 0.02358490566037736
1 0.9889937106918238 0.654874213836478 0.019916142557651992 0.026729559748427674
1 0.9444444444444444 0.7216981132075472 0.023060796645702306 0.02358490566037736
1 0.8542976939203354 0.7216981132075472 0.023060796645702306 0.02358490566037736
1 0.7809224318658281 0.6933962264150944 0.023060796645702306 0.02358490566037736
1 0.7882599580712788 0.5172955974842768 0.025157232704402517 0.0220125786163522
1 0.7809224318658281 0.6525157232704403 0.023060796645702306 0.02358490566037736
1 0.7348008385744235 0.5172955974842768 0.023060796645702306 0.02358490566037736
1 0.6247379454926625 0.5172955974842768 0.023060796645702306 0.02358490566037736
1 0.49580712788259956 0.5188679245283019 0.023060796645702306 0.02358490566037736
1 0.43186582809224316 0.610062893081761 0.023060796645702306 0.02358490566037736
1 0.43186582809224316 0.720125786163522 0.023060796645702306 0.02358490566037736
4 0.9863731656184487 0.4559748427672956 0.025157232704402517 0.02830188679245283
4 0.9014675052410901 0.04559748427672956 0.051362683438155136 0.040880503144654086
4 0.8532494758909853 0.8050314465408805 0.02620545073375262 0.026729559748427674
4 0.8532494758909853 0.7657232704402516 0.02620545073375262 0.026729559748427674
4 0.7819706498951782 0.7358490566037735 0.02620545073375262 0.026729559748427674
4 0.7819706498951782 0.7751572327044025 0.02620545073375262 0.026729559748427674
4 0.7809224318658281 0.8128930817610063 0.02620545073375262 0.026729559748427674
4 0.7809224318658281 0.8459119496855346 0.02620545073375262 0.026729559748427674
4 0.7809224318658281 0.9150943396226415 0.02620545073375262 0.026729559748427674
4 0.540356394129979 0.9905660377358491 0.02620545073375262 0.015723270440251572
4 0.4863731656184486 0.9827044025157232 0.025157232704402517 0.026729559748427674
4 0.319706498951782 0.8254716981132075 0.031446540880503145 0.031446540880503145
4 0.43186582809224316 0.6839622641509434 0.025157232704402517 0.02358490566037736
4 0.5691823899371069 0.5911949685534591 0.027253668763102725 0.025157232704402517
4 0.6236897274633124 0.5911949685534591 0.027253668763102725 0.025157232704402517
4 0.5744234800838575 0.5188679245283019 0.025157232704402517 0.026729559748427674
4 0.43186582809224316 0.5754716981132075 0.025157232704402517 0.02358490566037736
4 0.43186582809224316 0.5440251572327044 0.025157232704402517 0.02358490566037736
4 0.31551362683438156 0.4748427672955975 0.02620545073375262 0.026729559748427674
4 0.1331236897274633 0.2531446540880503 0.031446540880503145 0.03459119496855346
4 0.1320754716981132 0.20125786163522014 0.03249475890985325 0.03459119496855346
4 0.1331236897274633 0.47641509433962265 0.031446540880503145 0.03459119496855346
4 0.1320754716981132 0.42452830188679247 0.03249475890985325 0.03459119496855346
4 0.1331236897274633 0.36792452830188677 0.031446540880503145 0.03459119496855346
4 0.1320754716981132 0.3113207547169811 0.03249475890985325 0.03459119496855346
3 0.38155136268343814 0.23742138364779874 0.049266247379454925 0.040880503144654086
4 0.4381551362683438 0.10062893081761007 0.03249475890985325 0.031446540880503145
4 0.59958071278826 0.09905660377358491 0.03249475890985325 0.03459119496855346
4 0.42033542976939203 0.018867924528301886 0.03249475890985325 0.03459119496855346