1 0.7989583333333333 0.8840125391849529 0.027083333333333334 0.023510971786833857
1 0.7458333333333333 0.8840125391849529 0.025 0.0219435736677116
1 0.6364583333333333 0.8871473354231975 0.026041666666666668 0.023510971786833857
1 0.5083333333333333 0.8871473354231975 0.025 0.023510971786833857
1 0.44375 0.9796238244514106 0.025 0.0219435736677116
1 0.271875 0.8448275862068966 0.026041666666666668 0.023510971786833857
1 0.8552083333333333 0.40282131661442006 0.025 0.023510971786833857
1 0.765625 0.3667711598746082 0.025 0.0219435736677116
1 0.6645833333333333 0.3495297805642633 0.025 0.023510971786833857
1 0.5166666666666667 0.36990595611285265 0.026041666666666668 0.023510971786833857
1 0.5177083333333333 0.33699059561128525 0.025 0.023510971786833857
1 0.5166666666666667 0.30250783699059564 0.025 0.023510971786833857
1 0.5166666666666667 0.26959247648902823 0.025 0.023510971786833857
1 0.5166666666666667 0.23667711598746083 0.025 0.023510971786833857
1 0.271875 0.3495297805642633 0.03125 0.034482758620689655
1 0.12916666666666668 0.3510971786833856 0.03229166666666667 0.032915360501567396
1 0.9791666666666666 0.2476489028213166 0.025 0.023510971786833857
1 0.7635416666666667 0.23667711598746083 0.025 0.025078369905956112
1 0.5614583333333333 0.09561128526645768 0.026041666666666668 0.025078369905956112
1 0.7625 0.11598746081504702 0.025 0.0219435736677116
1 0.9052083333333333 0.07210031347962383 0.025 0.0219435736677116
1 0.98125 0.0987460815047022 0.026041666666666668 0.023510971786833857
4 0.971875 0.16300940438871472 0.03333333333333333 0.034482758620689655
4 0.9911458333333333 0.8213166144200627 0.015625 0.02821316614420063
4 0.84375 0.07523510971786834 0.051041666666666666 0.04075235109717868
4 0.9114583333333334 0.4090909090909091 0.051041666666666666 0.04075235109717868
4 0.5020833333333333 0.09561128526645768 0.03229166666666667 0.034482758620689655
4 0.42604166666666665 0.09561128526645768 0.03229166666666667 0.034482758620689655
4 0.6302083333333334 0.08934169278996865 0.03229166666666667 0.034482758620689655
4 0.59375 0.15673981191222572 0.03229166666666667 0.034482758620689655
4 0.6625 0.15517241379310345 0.026041666666666668 0.02664576802507837
4 0.6604166666666667 0.27899686520376177 0.034375 0.034482758620689655
4 0.6635416666666667 0.20376175548589343 0.026041666666666668 0.02664576802507837
4 0.7708333333333334 0.18495297805642633 0.034375 0.034482758620689655
4 0.43125 0.19435736677115986 0.03229166666666667 0.034482758620689655
4 0.43020833333333336 0.2445141065830721 0.034375 0.03761755485893417
4 0.43020833333333336 0.29310344827586204 0.03229166666666667 0.034482758620689655
4 0.43125 0.3871473354231975 0.03333333333333333 0.03605015673981191
4 0.4479166666666667 0.4702194357366771 0.03333333333333333 0.034482758620689655
4 0.6104166666666667 0.4670846394984326 0.03229166666666667 0.03605015673981191
4 0.6635416666666667 0.3181818181818182 0.026041666666666668 0.025078369905956112
3 0.3927083333333333 0.6065830721003135 0.04791666666666667 0.04075235109717868
4 0.44375 0.945141065830721 0.027083333333333334 0.025078369905956112
4 0.44375 0.9122257053291536 0.027083333333333334 0.025078369905956112
4 0.32708333333333334 0.8448275862068966 0.028125 0.02664576802507837
4 0.5864583333333333 0.8871473354231975 0.027083333333333334 0.02664576802507837
4 0.6354166666666666 0.9592476489028213 0.026041666666666668 0.025078369905956112
4 0.5822916666666667 0.9592476489028213 0.027083333333333334 0.025078369905956112
4 0.14479166666666668 0.5721003134796239 0.034375 0.034482758620689655
4 0.14479166666666668 0.6238244514106583 0.034375 0.034482758620689655
4 0.146875 0.7931034482758621 0.034375 0.034482758620689655
4 0.146875 0.8463949843260188 0.034375 0.034482758620689655
4 0.14375 0.6818181818181818 0.034375 0.034482758620689655
4 0.14583333333333334 0.7382445141065831 0.034375 0.034482758620689655
4 0.12916666666666668 0.24294670846394983 0.03229166666666667 0.032915360501567396
4 0.27291666666666664 0.2445141065830721 0.03229166666666667 0.032915360501567396
4 0.27291666666666664 0.09090909090909091 0.03229166666666667 0.03605015673981191
4 0.12708333333333333 0.08934169278996865 0.03229166666666667 0.03761755485893417
4 0.271875 0.02821316614420063 0.03229166666666667 0.03605015673981191
4 0.12708333333333333 0.029780564263322883 0.03229166666666667 0.03761755485893417