1 0.014150943396226415 0.01729559748427673 0.02620545073375262 0.025157232704402517
1 0.013626834381551363 0.04874213836477988 0.025157232704402517 0.025157232704402517
1 0.05450733752620545 0.14622641509433962 0.02830188679245283 0.02358490566037736
1 0.10167714884696016 0.14779874213836477 0.02830188679245283 0.02358490566037736
1 0.2662473794549266 0.14622641509433962 0.02830188679245283 0.02358490566037736
1 0.32075471698113206 0.14779874213836477 0.02830188679245283 0.02358490566037736
1 0.48427672955974843 0.04716981132075472 0.02830188679245283 0.02358490566037736
1 0.48427672955974843 0.0023584905660377358 0.029350104821802937 0.0047169811320754715
1 0.3050314465408805 0.3977987421383648 0.04821802935010482 0.03930817610062893
1 0.09014675052410902 0.30660377358490565 0.025157232704402517 0.02358490566037736
1 0.4224318658280922 0.47955974842767296 0.04821802935010482 0.03930817610062893
1 0.3060796645702306 0.47955974842767296 0.04821802935010482 0.03930817610062893
1 0.43186582809224316 0.7358490566037735 0.031446540880503145 0.031446540880503145
1 0.21069182389937108 0.42452830188679247 0.031446540880503145 0.031446540880503145
1 0.07232704402515723 0.6289308176100629 0.049266247379454925 0.06132075471698113
1 0.7966457023060797 0.7358490566037735 0.025157232704402517 0.02358490566037736
4 0.48427672955974843 0.5251572327044025 0.027253668763102725 0.07861635220125786
4 0.4832285115303983 0.10377358490566038 0.027253668763102725 0.07861635220125786
4 0.4832285115303983 0.19968553459119498 0.027253668763102725 0.07861635220125786
4 0.48427672955974843 0.3411949685534591 0.027253668763102725 0.07861635220125786
4 0.48532494758909855 0.42924528301886794 0.027253668763102725 0.07861635220125786
4 0.1519916142557652 0.14622641509433962 0.025157232704402517 0.025157232704402517
4 0.20335429769392033 0.14779874213836477 0.02620545073375262 0.026729559748427674
4 0.48532494758909855 0.28144654088050314 0.025157232704402517 0.02358490566037736
4 0.48427672955974843 0.018867924528301886 0.02410901467505241 0.02358490566037736
4 0.4863731656184486 0.2531446540880503 0.025157232704402517 0.02358490566037736
4 0.4559748427672956 0.64937106918239 0.027253668763102725 0.026729559748427674
4 0.4549266247379455 0.6918238993710691 0.02620545073375262 0.026729559748427674
4 0.06918238993710692 0.5377358490566038 0.02620545073375262 0.025157232704402517
4 0.13626834381551362 0.7342767295597484 0.02620545073375262 0.025157232704402517
4 0.13731656184486374 0.5833333333333334 0.02620545073375262 0.025157232704402517
4 0.13731656184486374 0.5408805031446541 0.02620545073375262 0.025157232704402517
4 0.07232704402515723 0.6792452830188679 0.03249475890985325 0.03459119496855346
4 0.07232704402515723 0.7358490566037735 0.027253668763102725 0.026729559748427674
0 0.23375262054507337 0.04245283018867924 0.15513626834381553 0.08490566037735849