1 0.3502994011976048 0.5134730538922155 0.023952095808383235 0.02245508982035928
1 0.08283433133732535 0.35479041916167664 0.023952095808383235 0.02245508982035928
1 0.13672654690618763 0.3532934131736527 0.023952095808383235 0.02245508982035928
1 0.8622754491017964 0.6227544910179641 0.03093812375249501 0.03293413173652695
1 0.2624750499001996 0.43862275449101795 0.023952095808383235 0.02245508982035928
1 0.49201596806387227 0.39820359281437123 0.023952095808383235 0.02245508982035928
1 0.49101796407185627 0.4565868263473054 0.023952095808383235 0.02245508982035928
1 0.48902195608782434 0.4940119760479042 0.023952095808383235 0.02245508982035928
1 0.49001996007984033 0.5269461077844312 0.023952095808383235 0.02245508982035928
1 0.48902195608782434 0.5598802395209581 0.023952095808383235 0.02245508982035928
1 0.49001996007984033 0.592814371257485 0.023952095808383235 0.02245508982035928
1 0.2634730538922156 0.6137724550898204 0.023952095808383235 0.02245508982035928
1 0.2624750499001996 0.6541916167664671 0.023952095808383235 0.02245508982035928
1 0.44610778443113774 0.7529940119760479 0.023952095808383235 0.02245508982035928
1 0.7255489021956087 0.6227544910179641 0.03093812375249501 0.03293413173652695
1 0.0374251497005988 0.9940119760479041 0.02694610778443114 0.008982035928143712
1 0.22654690618762474 0.8922155688622755 0.023952095808383235 0.02245508982035928
1 0.1591816367265469 0.9970059880239521 0.02694610778443114 0.0029940119760479044
1 0.4291417165668663 0.8907185628742516 0.023952095808383235 0.02245508982035928
1 0.5598802395209581 0.8907185628742516 0.023952095808383235 0.025449101796407185
4 0.15868263473053892 0.9565868263473054 0.0249500998003992 0.023952095808383235
4 0.17365269461077845 0.8907185628742516 0.0249500998003992 0.025449101796407185
4 0.3083832335329341 0.8892215568862275 0.023952095808383235 0.025449101796407185
4 0.18163672654690619 0.7904191616766467 0.04590818363273453 0.0374251497005988
4 0.2624750499001996 0.718562874251497 0.023952095808383235 0.02245508982035928
4 0.028942115768463075 0.35479041916167664 0.0249500998003992 0.023952095808383235
4 0.05788423153692615 0.31137724550898205 0.0249500998003992 0.025449101796407185
4 0.13672654690618763 0.30988023952095806 0.023952095808383235 0.023952095808383235
4 0.1377245508982036 0.2694610778443114 0.023952095808383235 0.023952095808383235
4 0.34930139720558884 0.7065868263473054 0.0249500998003992 0.023952095808383235
4 0.39221556886227543 0.32934131736526945 0.023952095808383235 0.023952095808383235
4 0.44011976047904194 0.3997005988023952 0.03093812375249501 0.03293413173652695
4 0.40818363273453095 0.6736526946107785 0.03093812375249501 0.03293413173652695
4 0.5568862275449101 0.3967065868263473 0.03093812375249501 0.03293413173652695
4 0.5768463073852296 0.7544910179640718 0.03093812375249501 0.03293413173652695
4 0.5049900199600799 0.7529940119760479 0.03093812375249501 0.03293413173652695
4 0.5738522954091816 0.47604790419161674 0.031936127744510975 0.0344311377245509
4 0.3532934131736527 0.5838323353293413 0.03093812375249501 0.03293413173652695
4 0.2634730538922156 0.47155688622754494 0.023952095808383235 0.023952095808383235
4 0.34930139720558884 0.5464071856287425 0.023952095808383235 0.023952095808383235
4 0.5738522954091816 0.5658682634730539 0.031936127744510975 0.03293413173652695
4 0.5738522954091816 0.657185628742515 0.03093812375249501 0.0344311377245509
4 0.5738522954091816 0.6137724550898204 0.03093812375249501 0.0344311377245509
4 0.8622754491017964 0.7290419161676647 0.031936127744510975 0.03293413173652695
4 0.7255489021956087 0.7260479041916168 0.031936127744510975 0.03293413173652695
4 0.38223552894211577 0.7604790419161677 0.03093812375249501 0.03293413173652695
4 0.46506986027944114 0.8248502994011976 0.0249500998003992 0.02245508982035928
4 0.3582834331337325 0.8892215568862275 0.0249500998003992 0.02694610778443114
4 0.48902195608782434 0.8772455089820359 0.0249500998003992 0.025449101796407185
4 0.5608782435129741 0.968562874251497 0.0249500998003992 0.025449101796407185
4 0.5608782435129741 0.9932634730538922 0.027944111776447105 0.010479041916167664
4 0.592814371257485 0.8323353293413174 0.0249500998003992 0.023952095808383235
4 0.8642714570858283 0.8772455089820359 0.031936127744510975 0.029940119760479042
4 0.7235528942115769 0.874251497005988 0.031936127744510975 0.029940119760479042
4 0.7235528942115769 0.9341317365269461 0.031936127744510975 0.029940119760479042
4 0.7255489021956087 0.9872754491017964 0.033932135728542916 0.02245508982035928
4 0.8652694610778443 0.9865269461077845 0.033932135728542916 0.023952095808383235
4 0.8642714570858283 0.9326347305389222 0.031936127744510975 0.029940119760479042
0 0.06986027944111776 0.8502994011976048 0.1277445109780439 0.09580838323353294
0 0.11377245508982035 0.5568862275449101 0.22654690618762474 0.16467065868263472