1 0.5588822355289421 0.19910179640718562 0.023952095808383235 0.02245508982035928
1 0.156686626746507 0.05389221556886228 0.023952095808383235 0.02245508982035928
1 0.15768463073852296 0.17365269461077845 0.0249500998003992 0.020958083832335328
1 0.2275449101796407 0.06736526946107785 0.023952095808383235 0.02245508982035928
1 0.22854291417165667 0.1347305389221557 0.023952095808383235 0.02245508982035928
1 0.15568862275449102 0.13023952095808383 0.023952095808383235 0.02245508982035928
1 0.5608782435129741 0.05239520958083832 0.023952095808383235 0.02245508982035928
1 0.654690618762475 0.07934131736526946 0.023952095808383235 0.02245508982035928
1 0.5598802395209581 0.15568862275449102 0.023952095808383235 0.02245508982035928
1 0.7225548902195609 0.5254491017964071 0.021956087824351298 0.02245508982035928
1 0.02594810379241517 0.3532934131736527 0.021956087824351298 0.02245508982035928
1 0.07085828343313373 0.28892215568862273 0.021956087824351298 0.02245508982035928
1 0.156686626746507 0.28892215568862273 0.021956087824351298 0.02245508982035928
1 0.22654690618762474 0.3158682634730539 0.021956087824351298 0.02245508982035928
1 0.21956087824351297 0.48353293413173654 0.023952095808383235 0.020958083832335328
1 0.22654690618762474 0.35479041916167664 0.021956087824351298 0.02245508982035928
1 0.27045908183632733 0.48353293413173654 0.021956087824351298 0.02245508982035928
1 0.37524950099800397 0.48353293413173654 0.021956087824351298 0.02245508982035928
1 0.49800399201596807 0.4820359281437126 0.021956087824351298 0.02245508982035928
1 0.5588822355289421 0.39520958083832336 0.021956087824351298 0.02245508982035928
1 0.5588822355289421 0.2904191616766467 0.021956087824351298 0.02245508982035928
4 0.029940119760479042 0.5434131736526946 0.0249500998003992 0.023952095808383235
4 0.11177644710578842 0.9326347305389222 0.04890219560878244 0.038922155688622756
4 0.15768463073852296 0.20958083832335328 0.0249500998003992 0.025449101796407185
4 0.15768463073852296 0.2470059880239521 0.0249500998003992 0.025449101796407185
4 0.22554890219560877 0.2754491017964072 0.0249500998003992 0.025449101796407185
4 0.22554890219560877 0.23802395209580837 0.0249500998003992 0.025449101796407185
4 0.22654690618762474 0.20209580838323354 0.0249500998003992 0.025449101796407185
4 0.22654690618762474 0.17065868263473055 0.0249500998003992 0.025449101796407185
4 0.22654690618762474 0.10479041916167664 0.0249500998003992 0.025449101796407185
4 0.5598802395209581 0.014970059880239521 0.0249500998003992 0.025449101796407185
4 0.4550898203592814 0.02694610778443114 0.023952095808383235 0.025449101796407185
4 0.5069860279441117 0.040419161676646706 0.023952095808383235 0.025449101796407185
4 0.6656686626746507 0.19011976047904192 0.029940119760479042 0.029940119760479042
4 0.5588822355289421 0.3248502994011976 0.023952095808383235 0.02245508982035928
4 0.4281437125748503 0.41317365269461076 0.02594810379241517 0.023952095808383235
4 0.37624750499001997 0.41317365269461076 0.02594810379241517 0.023952095808383235
4 0.4231536926147705 0.4820359281437126 0.023952095808383235 0.025449101796407185
4 0.5588822355289421 0.4281437125748503 0.023952095808383235 0.02245508982035928
4 0.5588822355289421 0.45808383233532934 0.023952095808383235 0.02245508982035928
4 0.6696606786427146 0.5239520958083832 0.0249500998003992 0.025449101796407185
4 0.843313373253493 0.7350299401197605 0.029940119760479042 0.03293413173652695
4 0.844311377245509 0.7844311377245509 0.03093812375249501 0.03293413173652695
4 0.843313373253493 0.5224550898203593 0.029940119760479042 0.03293413173652695
4 0.844311377245509 0.5718562874251497 0.03093812375249501 0.03293413173652695
4 0.843313373253493 0.625748502994012 0.029940119760479042 0.03293413173652695
4 0.844311377245509 0.6796407185628742 0.03093812375249501 0.03293413173652695
3 0.6067864271457086 0.75 0.046906187624750496 0.038922155688622756
4 0.5528942115768463 0.8802395209580839 0.03093812375249501 0.029940119760479042
4 0.3992015968063872 0.8817365269461078 0.03093812375249501 0.03293413173652695
4 0.5698602794411177 0.9580838323353293 0.03093812375249501 0.03293413173652695