1 0.3927083333333333 0.05642633228840126 0.026041666666666668 0.023510971786833857
1 0.027083333333333334 0.007836990595611285 0.025 0.01567398119122257
1 0.028125 0.09247648902821316 0.026041666666666668 0.023510971786833857
1 0.027083333333333334 0.19905956112852666 0.025 0.0219435736677116
1 0.496875 0.28996865203761757 0.025 0.025078369905956112
1 0.3416666666666667 0.37460815047021945 0.025 0.023510971786833857
1 0.29270833333333335 0.3730407523510972 0.023958333333333335 0.023510971786833857
1 0.221875 0.3730407523510972 0.025 0.023510971786833857
1 0.115625 0.3730407523510972 0.027083333333333334 0.023510971786833857
1 0.028125 0.26489028213166144 0.025 0.023510971786833857
1 0.6822916666666666 0.5313479623824452 0.026041666666666668 0.023510971786833857
1 0.54375 0.5626959247648903 0.025 0.023510971786833857
1 0.4625 0.6567398119122257 0.025 0.023510971786833857
1 0.2916666666666667 0.664576802507837 0.025 0.0219435736677116
1 0.035416666666666666 0.7836990595611285 0.025 0.023510971786833857
1 0.509375 0.8213166144200627 0.025 0.023510971786833857
1 0.10729166666666666 0.95141065830721 0.026041666666666668 0.023510971786833857
4 0.496875 0.15203761755485892 0.028125 0.0768025078369906
4 0.496875 0.05956112852664577 0.028125 0.0768025078369906
4 0.496875 0.21473354231974923 0.026041666666666668 0.023510971786833857
4 0.21979166666666666 0.5501567398119123 0.026041666666666668 0.023510971786833857
4 0.21979166666666666 0.48589341692789967 0.025 0.025078369905956112
4 0.0625 0.3213166144200627 0.025 0.025078369905956112
4 0.16979166666666667 0.37460815047021945 0.025 0.025078369905956112
4 0.04791666666666667 0.4341692789968652 0.025 0.025078369905956112
4 0.027083333333333334 0.14420062695924765 0.026041666666666668 0.023510971786833857
4 0.035416666666666666 0.9075235109717869 0.027083333333333334 0.025078369905956112
4 0.14791666666666667 0.5517241379310345 0.027083333333333334 0.025078369905956112
4 0.54375 0.6426332288401254 0.026041666666666668 0.025078369905956112
4 0.60625 0.603448275862069 0.026041666666666668 0.025078369905956112
4 0.4625 0.768025078369906 0.026041666666666668 0.025078369905956112
4 0.60625 0.6849529780564263 0.026041666666666668 0.025078369905956112
4 0.6083333333333333 0.725705329153605 0.026041666666666668 0.025078369905956112
4 0.6072916666666667 0.7664576802507836 0.026041666666666668 0.025078369905956112
4 0.4625 0.6974921630094044 0.026041666666666668 0.025078369905956112
4 0.5708333333333333 0.8213166144200627 0.028125 0.02664576802507837
4 0.146875 0.6081504702194357 0.027083333333333334 0.025078369905956112
4 0.15208333333333332 0.7163009404388715 0.027083333333333334 0.025078369905956112
4 0.21666666666666667 0.7163009404388715 0.027083333333333334 0.025078369905956112
4 0.035416666666666666 0.8275862068965517 0.027083333333333334 0.025078369905956112
4 0.034375 0.8667711598746082 0.027083333333333334 0.025078369905956112
0 0.221875 0.9615987460815048 0.13333333333333333 0.07366771159874608
0 0.24791666666666667 0.15673981191222572 0.15 0.31347962382445144