1 0.2849576271186441 0.1178343949044586 0.014830508474576272 0.03662420382165605
1 0.4491525423728814 0.028662420382165606 0.024364406779661018 0.022292993630573247
1 0.4491525423728814 0.06847133757961783 0.025423728813559324 0.022292993630573247
1 0.451271186440678 0.1464968152866242 0.02754237288135593 0.022292993630573247
1 0.3252118644067797 0.21815286624203822 0.025423728813559324 0.020700636942675158
1 0.826271186440678 0.40764331210191085 0.019067796610169493 0.044585987261146494
3 0.3379237288135593 0.8280254777070064 0.015889830508474576 0.03821656050955414
1 0.690677966101695 0.660828025477707 0.10699152542372882 0.09872611464968153
0 0.7235169491525424 0.5254777070063694 0.057203389830508475 0.11146496815286625
2 0.8125 0.535031847133758 0.026483050847457626 0.08439490445859872
2 0.711864406779661 0.34394904458598724 0.04449152542372881 0.11624203821656051
3 0.8125 0.28662420382165604 0.08898305084745763 0.14171974522292993
1 0.2319915254237288 0.2340764331210191 0.08050847457627118 0.07643312101910828
2 0.3156779661016949 0.39012738853503187 0.038135593220338986 0.10987261146496816
2 0.2563559322033898 0.3885350318471338 0.0413135593220339 0.11624203821656051
0 0.3569915254237288 0.08280254777070063 0.05614406779661017 0.11146496815286625
4 0.4491525423728814 0.11146496815286625 0.024364406779661018 0.022292993630573247
4 0.326271186440678 0.18312101910828024 0.025423728813559324 0.02388535031847134
4 0.8453389830508474 0.19904458598726116 0.023305084745762712 0.02388535031847134
0 0.9364406779661016 0.3359872611464968 0.06038135593220339 0.21496815286624205
0 0.8358050847457628 0.9068471337579618 0.326271186440678 0.18312101910828024
0 0.5402542372881356 0.08121019108280254 0.05826271186440678 0.10828025477707007