1 0.19279661016949154 0.7468152866242038 0.045550847457627115 0.03662420382165605
3 0.4883474576271186 0.25955414012738853 0.045550847457627115 0.03821656050955414
1 0.025423728813559324 0.054140127388535034 0.013771186440677966 0.03503184713375796
1 0.7309322033898306 0.1480891719745223 0.06567796610169492 0.1592356687898089
1 0.423728813559322 0.14968152866242038 0.014830508474576272 0.03662420382165605
1 0.4830508474576271 0.19585987261146498 0.05190677966101695 0.06210191082802548
1 0.3707627118644068 0.10828025477707007 0.048728813559322036 0.11942675159235669
3 0.4872881355932203 0.1321656050955414 0.04766949152542373 0.03662420382165605
1 0.8559322033898306 0.9920382165605095 0.07203389830508475 0.012738853503184714
1 0.03972457627118644 0.981687898089172 0.04978813559322034 0.03343949044585987
4 0.03389830508474576 0.9156050955414012 0.023305084745762712 0.022292993630573247
4 0.036016949152542374 0.8805732484076433 0.024364406779661018 0.02388535031847134
4 0.034957627118644065 0.839171974522293 0.024364406779661018 0.02388535031847134
4 0.03072033898305085 0.7627388535031847 0.024364406779661018 0.07165605095541401
4 0.07944915254237288 0.7547770700636943 0.020127118644067795 0.04777070063694268
4 0.1048728813559322 0.7515923566878981 0.014830508474576272 0.03821656050955414
4 0.1281779661016949 0.7515923566878981 0.020127118644067795 0.04777070063694268
4 0.2701271186440678 0.7531847133757962 0.048728813559322036 0.03662420382165605
4 0.1843220338983051 0.05573248407643312 0.014830508474576272 0.03662420382165605
4 0.15783898305084745 0.054140127388535034 0.014830508474576272 0.03662420382165605
4 0.211864406779661 0.05573248407643312 0.014830508474576272 0.03662420382165605
4 0.05296610169491525 0.054140127388535034 0.014830508474576272 0.03662420382165605
4 0.13241525423728814 0.05573248407643312 0.014830508474576272 0.03662420382165605
4 0.1048728813559322 0.054140127388535034 0.014830508474576272 0.03662420382165605
4 0.07944915254237288 0.05573248407643312 0.014830508474576272 0.03662420382165605
4 0.2817796610169492 0.05732484076433121 0.045550847457627115 0.03821656050955414
4 0.4841101694915254 0.03184713375796178 0.04449152542372881 0.03821656050955414
4 0.3697033898305085 0.24522292993630573 0.048728813559322036 0.03662420382165605
0 0.8146186440677966 0.678343949044586 0.13135593220338984 0.535031847133758
0 0.475635593220339 0.5461783439490446 0.20127118644067796 0.3057324840764331
0 0.1329449152542373 0.4028662420382166 0.2658898305084746 0.43312101910828027
0 0.3718220338983051 0.9418789808917197 0.4004237288135593 0.11305732484076433