1 0.5400390625 0.3152492668621701 0.0927734375 0.09237536656891496
1 0.791015625 0.9838709677419355 0.06640625 0.02932551319648094
1 0.6181640625 0.9032258064516129 0.0439453125 0.1158357771260997
3 0.431640625 0.3152492668621701 0.0439453125 0.03519061583577713
1 0.7900390625 0.4046920821114369 0.05859375 0.14516129032258066
2 0.8837890625 0.5234604105571847 0.0224609375 0.06451612903225806
2 0.8828125 0.2844574780058651 0.0224609375 0.06451612903225806
2 0.8837890625 0.4032258064516129 0.0224609375 0.06451612903225806
1 0.03857421875 0.9706744868035191 0.0458984375 0.05571847507331378
4 0.03515625 0.6891495601173021 0.0224609375 0.07038123167155426
4 0.0361328125 0.8651026392961877 0.0234375 0.06744868035190615
4 0.451171875 0.41055718475073316 0.01953125 0.04252199413489736
4 0.4853515625 0.41055718475073316 0.0185546875 0.04252199413489736
4 0.515625 0.4090909090909091 0.01953125 0.04105571847507331
4 0.6796875 0.38563049853372433 0.0224609375 0.020527859237536656
4 0.2646484375 0.2653958944281525 0.044921875 0.036656891495601175
0 0.74609375 0.12976539589442815 0.119140625 0.2565982404692082
0 0.00830078125 0.5461876832844574 0.0166015625 0.14516129032258066
0 0.3447265625 0.7844574780058651 0.369140625 0.4281524926686217
0 0.6552734375 0.4941348973607038 0.064453125 0.13343108504398826