1 0.7055888223552894 0.9670658682634731 0.02694610778443114 0.02245508982035928
1 0.3333333333333333 0.812874251497006 0.02694610778443114 0.02245508982035928
1 0.46706586826347307 0.7829341317365269 0.02694610778443114 0.02245508982035928
1 0.5439121756487026 0.6931137724550899 0.02694610778443114 0.02245508982035928
1 0.7065868263473054 0.688622754491018 0.02694610778443114 0.02245508982035928
1 0.5089820359281437 0.2245508982035928 0.02694610778443114 0.02245508982035928
1 0.6586826347305389 0.9640718562874252 0.02694610778443114 0.02245508982035928
1 0.7724550898203593 0.9655688622754491 0.02694610778443114 0.02245508982035928
1 0.874251497005988 0.9655688622754491 0.02694610778443114 0.02245508982035928
1 0.9520958083832335 0.5778443113772455 0.02694610778443114 0.02245508982035928
1 0.5 0.5359281437125748 0.023952095808383235 0.02245508982035928
1 0.8832335329341318 0.4161676646706587 0.02694610778443114 0.02245508982035928
1 0.8792415169660679 0.34281437125748504 0.02694610778443114 0.02245508982035928
1 0.9580838323353293 0.1781437125748503 0.02694610778443114 0.02245508982035928
1 0.9580838323353293 0.09131736526946108 0.02694610778443114 0.02245508982035928
1 0.9600798403193613 0.04940119760479042 0.02694610778443114 0.02245508982035928
1 0.5089820359281437 0.12125748502994012 0.02694610778443114 0.02245508982035928
4 0.44011976047904194 0.5374251497005988 0.023952095808383235 0.023952095808383235
4 0.9391217564870259 0.9086826347305389 0.023952095808383235 0.023952095808383235
4 0.4660678642714571 0.7050898203592815 0.023952095808383235 0.023952095808383235
4 0.406187624750499 0.6646706586826348 0.023952095808383235 0.023952095808383235
4 0.5429141716566867 0.6526946107784432 0.023952095808383235 0.023952095808383235
4 0.5439121756487026 0.5868263473053892 0.023952095808383235 0.023952095808383235
4 0.405189620758483 0.5883233532934131 0.023952095808383235 0.023952095808383235
4 0.4041916167664671 0.625748502994012 0.023952095808383235 0.023952095808383235
4 0.405189620758483 0.7425149700598802 0.023952095808383235 0.023952095808383235
4 0.7764471057884231 0.8592814371257484 0.023952095808383235 0.023952095808383235
4 0.8223552894211577 0.9640718562874252 0.023952095808383235 0.023952095808383235
4 0.7744510978043913 0.7964071856287425 0.02594810379241517 0.025449101796407185
4 0.9520958083832335 0.45808383233532934 0.023952095808383235 0.02245508982035928
4 0.845309381237525 0.7964071856287425 0.023952095808383235 0.02245508982035928
4 0.845309381237525 0.7410179640718563 0.023952095808383235 0.02245508982035928
4 0.8413173652694611 0.6407185628742516 0.023952095808383235 0.02245508982035928
4 0.7774451097804391 0.6407185628742516 0.023952095808383235 0.02245508982035928
4 0.9520958083832335 0.5359281437125748 0.023952095808383235 0.02245508982035928
4 0.9530938123752495 0.49700598802395207 0.023952095808383235 0.02245508982035928
4 0.5089820359281437 0.36227544910179643 0.02594810379241517 0.07335329341317365
4 0.5099800399201597 0.27395209580838326 0.02594810379241517 0.0748502994011976
4 0.5099800399201597 0.16766467065868262 0.02594810379241517 0.0748502994011976
4 0.5089820359281437 0.06736526946107785 0.02594810379241517 0.0748502994011976
4 0.6167664670658682 0.3532934131736527 0.023952095808383235 0.023952095808383235
4 0.9595808383233533 0.010479041916167664 0.0249500998003992 0.017964071856287425
4 0.5099800399201597 0.016467065868263474 0.022954091816367265 0.02245508982035928
4 0.9590818363273453 0.2245508982035928 0.02594810379241517 0.02245508982035928
0 0.7734530938123753 0.3997005988023952 0.124750499001996 0.08383233532934131
0 0.7475049900199601 0.13323353293413173 0.14770459081836326 0.2634730538922156