1 0.1796875 0.25806451612903225 0.0419921875 0.03372434017595308
3 0.4521484375 0.7067448680351907 0.0419921875 0.03519061583577713
1 0.025390625 0.8958944281524927 0.0126953125 0.03225806451612903
1 0.67578125 0.8093841642228738 0.060546875 0.1466275659824047
1 0.392578125 0.8079178885630498 0.013671875 0.03372434017595308
1 0.447265625 0.7653958944281525 0.0478515625 0.05718475073313783
1 0.34375 0.8460410557184751 0.044921875 0.10997067448680352
3 0.451171875 0.8240469208211144 0.0439453125 0.03372434017595308
1 0.79052734375 0.019794721407624633 0.0654296875 0.036656891495601175
1 0.0380859375 0.02932551319648094 0.044921875 0.05571847507331378
4 0.033203125 0.10263929618768329 0.021484375 0.020527859237536656
4 0.03515625 0.1348973607038123 0.0224609375 0.021994134897360705
4 0.0341796875 0.17302052785923755 0.0224609375 0.021994134897360705
4 0.0302734375 0.2434017595307918 0.0224609375 0.06598240469208211
4 0.0751953125 0.250733137829912 0.0185546875 0.04398826979472141
4 0.0986328125 0.2536656891495601 0.013671875 0.03519061583577713
4 0.1201171875 0.2536656891495601 0.0185546875 0.04398826979472141
4 0.2509765625 0.25219941348973607 0.044921875 0.03372434017595308
4 0.171875 0.8944281524926686 0.013671875 0.03372434017595308
4 0.1474609375 0.8958944281524927 0.013671875 0.03372434017595308
4 0.197265625 0.8944281524926686 0.013671875 0.03372434017595308
4 0.05078125 0.8958944281524927 0.013671875 0.03372434017595308
4 0.1240234375 0.8944281524926686 0.013671875 0.03372434017595308
4 0.0986328125 0.8958944281524927 0.013671875 0.03372434017595308
4 0.0751953125 0.8944281524926686 0.013671875 0.03372434017595308
4 0.26171875 0.8929618768328446 0.0419921875 0.03519061583577713
4 0.4482421875 0.9164222873900293 0.041015625 0.03519061583577713
4 0.3427734375 0.7199413489736071 0.044921875 0.03372434017595308
0 0.7529296875 0.32111436950146627 0.12109375 0.49266862170087977
0 0.4404296875 0.44281524926686217 0.185546875 0.28152492668621704
0 0.123046875 0.5755131964809385 0.24609375 0.3973607038123167
0 0.34423828125 0.06598240469208211 0.3681640625 0.12903225806451613