1 0.8592132505175983 0.2601246105919003 0.044513457556935816 0.03582554517133956
3 0.5703933747412008 0.7367601246105919 0.044513457556935816 0.037383177570093455
1 0.3333333333333333 0.8457943925233645 0.06418219461697723 0.1557632398753894
1 0.6335403726708074 0.8442367601246106 0.014492753623188406 0.03582554517133956
1 0.5755693581780539 0.7990654205607477 0.050724637681159424 0.06074766355140187
1 0.6853002070393375 0.8847352024922118 0.047619047619047616 0.11682242990654206
3 0.5714285714285714 0.8613707165109035 0.046583850931677016 0.03582554517133956
1 0.2111801242236025 0.014018691588785047 0.07039337474120083 0.024922118380062305
1 0.9917184265010351 0.024922118380062305 0.014492753623188406 0.04672897196261682
4 0.9699792960662525 0.2523364485981308 0.019668737060041408 0.04672897196261682
4 0.9451345755693582 0.2554517133956386 0.014492753623188406 0.037383177570093455
4 0.922360248447205 0.2554517133956386 0.019668737060041408 0.04672897196261682
4 0.7836438923395446 0.2538940809968847 0.047619047619047616 0.03582554517133956
4 0.8674948240165632 0.9361370716510904 0.014492753623188406 0.03582554517133956
4 0.8933747412008282 0.9376947040498442 0.014492753623188406 0.03582554517133956
4 0.8405797101449275 0.9361370716510904 0.014492753623188406 0.03582554517133956
4 0.9932712215320911 0.9384735202492211 0.011387163561076604 0.03894080996884735
4 0.9182194616977226 0.9361370716510904 0.014492753623188406 0.03582554517133956
4 0.9451345755693582 0.9376947040498442 0.014492753623188406 0.03582554517133956
4 0.9699792960662525 0.9361370716510904 0.014492753623188406 0.03582554517133956
4 0.772256728778468 0.9345794392523364 0.044513457556935816 0.037383177570093455
4 0.5745341614906833 0.9595015576323987 0.043478260869565216 0.037383177570093455
4 0.6863354037267081 0.7507788161993769 0.047619047619047616 0.03582554517133956
0 0.2515527950310559 0.32710280373831774 0.12836438923395446 0.5233644859813084
0 0.582815734989648 0.45638629283489096 0.19668737060041408 0.29906542056074764
0 0.8933747412008282 0.5973520249221184 0.2111801242236025 0.4252336448598131
0 0.6842650103519669 0.0630841121495327 0.391304347826087 0.12305295950155763