1 0.9580838323353293 0.9595808383233533 0.02694610778443114 0.02245508982035928
1 0.9590818363273453 0.9296407185628742 0.02694610778443114 0.02245508982035928
1 0.9181636726546906 0.8368263473053892 0.02694610778443114 0.02245508982035928
1 0.873253493013972 0.8353293413173652 0.02694610778443114 0.02245508982035928
1 0.716566866267465 0.8368263473053892 0.02694610778443114 0.02245508982035928
1 0.6646706586826348 0.8353293413173652 0.02694610778443114 0.02245508982035928
1 0.5089820359281437 0.9311377245508982 0.02694610778443114 0.02245508982035928
1 0.5089820359281437 0.9835329341317365 0.02694610778443114 0.02245508982035928
1 0.6796407185628742 0.5973053892215568 0.04590818363273453 0.0374251497005988
1 0.8842315369261478 0.6841317365269461 0.023952095808383235 0.02245508982035928
1 0.9875249500998003 0.6152694610778443 0.022954091816367265 0.023952095808383235
1 0.9860279441117764 0.4281437125748503 0.023952095808383235 0.02245508982035928
1 0.5678642714570858 0.5194610778443114 0.04590818363273453 0.0374251497005988
1 0.6786427145708582 0.5194610778443114 0.04590818363273453 0.0374251497005988
1 0.5588822355289421 0.2754491017964072 0.029940119760479042 0.029940119760479042
1 0.7694610778443114 0.5718562874251497 0.029940119760479042 0.029940119760479042
1 0.9011976047904192 0.3772455089820359 0.046906187624750496 0.058383233532934134
1 0.21157684630738524 0.2754491017964072 0.023952095808383235 0.02245508982035928
4 0.5089820359281437 0.47604790419161674 0.02594810379241517 0.0748502994011976
4 0.5099800399201597 0.8772455089820359 0.02594810379241517 0.0748502994011976
4 0.5099800399201597 0.7859281437125748 0.02594810379241517 0.0748502994011976
4 0.5089820359281437 0.6511976047904192 0.02594810379241517 0.0748502994011976
4 0.5079840319361277 0.5673652694610778 0.02594810379241517 0.0748502994011976
4 0.8253493013972056 0.8368263473053892 0.023952095808383235 0.023952095808383235
4 0.7764471057884231 0.8353293413173652 0.0249500998003992 0.025449101796407185
4 0.5079840319361277 0.7080838323353293 0.023952095808383235 0.02245508982035928
4 0.5099800399201597 0.9970059880239521 0.02594810379241517 0.0029940119760479044
4 0.5089820359281437 0.9580838323353293 0.022954091816367265 0.02245508982035928
4 0.5069860279441117 0.7350299401197605 0.023952095808383235 0.02245508982035928
4 0.9875249500998003 0.6669161676646707 0.022954091816367265 0.025449101796407185
4 0.9780439121756487 0.7994011976047904 0.023952095808383235 0.023952095808383235
4 0.5359281437125748 0.35778443113772457 0.02594810379241517 0.025449101796407185
4 0.5369261477045908 0.31736526946107785 0.0249500998003992 0.025449101796407185
4 0.9041916167664671 0.46407185628742514 0.0249500998003992 0.023952095808383235
4 0.8403193612774451 0.27694610778443113 0.0249500998003992 0.023952095808383235
4 0.8393213572854291 0.42065868263473055 0.0249500998003992 0.023952095808383235
4 0.8393213572854291 0.46107784431137727 0.0249500998003992 0.023952095808383235
4 0.9011976047904192 0.32934131736526945 0.03093812375249501 0.03293413173652695
4 0.9011976047904192 0.2754491017964072 0.02594810379241517 0.025449101796407185
0 0.748003992015968 0.9468562874251497 0.14870259481037923 0.10329341317365269