1 0.6509433962264151 0.4858490566037736 0.025157232704402517 0.02358490566037736
1 0.9318658280922432 0.6525157232704403 0.025157232704402517 0.02358490566037736
1 0.8752620545073375 0.6540880503144654 0.025157232704402517 0.02358490566037736
1 0.11320754716981132 0.3710691823899371 0.03249475890985325 0.03459119496855346
1 0.7431865828092243 0.5644654088050315 0.025157232704402517 0.02358490566037736
1 0.5020964360587002 0.6069182389937107 0.025157232704402517 0.02358490566037736
1 0.5031446540880503 0.5455974842767296 0.025157232704402517 0.02358490566037736
1 0.5052410901467506 0.5062893081761006 0.025157232704402517 0.02358490566037736
1 0.5041928721174004 0.4716981132075472 0.025157232704402517 0.02358490566037736
1 0.5052410901467506 0.4371069182389937 0.025157232704402517 0.02358490566037736
1 0.5041928721174004 0.4025157232704403 0.025157232704402517 0.02358490566037736
1 0.7421383647798742 0.3805031446540881 0.025157232704402517 0.02358490566037736
1 0.7431865828092243 0.3380503144654088 0.025157232704402517 0.02358490566037736
1 0.550314465408805 0.23427672955974843 0.025157232704402517 0.02358490566037736
1 0.25681341719077566 0.3710691823899371 0.03249475890985325 0.03459119496855346
1 0.7809224318658281 0.0880503144654088 0.025157232704402517 0.02358490566037736
1 0.5681341719077568 0.08962264150943396 0.025157232704402517 0.02358490566037736
1 0.4308176100628931 0.08962264150943396 0.025157232704402517 0.026729559748427674
4 0.8522012578616353 0.020440251572327043 0.02620545073375262 0.025157232704402517
4 0.8364779874213837 0.08962264150943396 0.02620545073375262 0.026729559748427674
4 0.6949685534591195 0.09119496855345911 0.025157232704402517 0.026729559748427674
4 0.8280922431865828 0.1949685534591195 0.04821802935010482 0.03930817610062893
4 0.7431865828092243 0.27044025157232704 0.025157232704402517 0.02358490566037736
4 0.9868972746331237 0.6540880503144654 0.02410901467505241 0.02830188679245283
4 0.9580712788259959 0.6981132075471698 0.02620545073375262 0.026729559748427674
4 0.8752620545073375 0.699685534591195 0.025157232704402517 0.025157232704402517
4 0.8742138364779874 0.7421383647798742 0.025157232704402517 0.025157232704402517
4 0.6519916142557652 0.2830188679245283 0.02620545073375262 0.025157232704402517
4 0.6069182389937107 0.6792452830188679 0.025157232704402517 0.025157232704402517
4 0.5566037735849056 0.6053459119496856 0.03249475890985325 0.03459119496855346
4 0.590146750524109 0.31761006289308175 0.03249475890985325 0.03459119496855346
4 0.4339622641509434 0.6084905660377359 0.03249475890985325 0.03459119496855346
4 0.4129979035639413 0.23270440251572327 0.03249475890985325 0.03459119496855346
4 0.48846960167714887 0.23427672955974843 0.03249475890985325 0.03459119496855346
4 0.4161425576519916 0.5251572327044025 0.033542976939203356 0.036163522012578615
4 0.6477987421383647 0.4119496855345912 0.03249475890985325 0.03459119496855346
4 0.7421383647798742 0.529874213836478 0.025157232704402517 0.025157232704402517
4 0.6519916142557652 0.45125786163522014 0.025157232704402517 0.025157232704402517
4 0.4161425576519916 0.4308176100628931 0.033542976939203356 0.03459119496855346
4 0.4161425576519916 0.33490566037735847 0.03249475890985325 0.036163522012578615
4 0.4161425576519916 0.3805031446540881 0.03249475890985325 0.036163522012578615
4 0.11320754716981132 0.25943396226415094 0.033542976939203356 0.03459119496855346
4 0.25681341719077566 0.26257861635220126 0.033542976939203356 0.03459119496855346
4 0.6174004192872118 0.22641509433962265 0.03249475890985325 0.03459119496855346
4 0.5303983228511531 0.15880503144654087 0.02620545073375262 0.02358490566037736
4 0.6425576519916143 0.09119496855345911 0.02620545073375262 0.02830188679245283
4 0.5052410901467506 0.10377358490566038 0.02620545073375262 0.026729559748427674
4 0.429769392033543 0.0110062893081761 0.027253668763102725 0.0220125786163522
4 0.39622641509433965 0.1509433962264151 0.02620545073375262 0.025157232704402517
4 0.1111111111111111 0.10377358490566038 0.033542976939203356 0.031446540880503145
4 0.2589098532494759 0.1069182389937107 0.033542976939203356 0.031446540880503145
4 0.2589098532494759 0.0440251572327044 0.033542976939203356 0.031446540880503145
4 0.1111111111111111 0.04559748427672956 0.033542976939203356 0.031446540880503145
0 0.9381551362683438 0.13364779874213836 0.12159329140461216 0.10377358490566038
0 0.889412997903564 0.4418238993710692 0.2190775681341719 0.1761006289308176