1 0.2618577075098814 0.9183976261127597 0.020750988142292492 0.04599406528189911
4 0.3132411067193676 0.0771513353115727 0.014822134387351778 0.03857566765578635
4 0.29545454545454547 0.9198813056379822 0.014822134387351778 0.040059347181008904
2 0.383399209486166 0.9183976261127597 0.040513833992094864 0.037091988130563795
0 0.2381422924901186 0.6824925816023739 0.06126482213438735 0.10385756676557864
0 0.23616600790513834 0.38724035608308605 0.06126482213438735 0.10385756676557864
0 0.23715415019762845 0.5341246290801187 0.06126482213438735 0.10385756676557864
0 0.8586956521739131 0.827893175074184 0.08893280632411067 0.09347181008902077
0 0.6986166007905138 0.8249258160237388 0.16600790513833993 0.12759643916913946
0 0.5375494071146245 0.8338278931750742 0.09782608695652174 0.10682492581602374
0 0.967391304347826 0.8204747774480712 0.06324110671936758 0.13056379821958458
3 0.441699604743083 0.9050445103857567 0.018774703557312252 0.04451038575667656