1 0.5667976424361493 0.4085545722713864 0.05893909626719057 0.15339233038348082
1 0.7888015717092338 0.14749262536873156 0.05893909626719057 0.15339233038348082
1 0.7220039292730844 0.14454277286135694 0.05893909626719057 0.15339233038348082
1 0.656188605108055 0.14454277286135694 0.05893909626719057 0.15339233038348082
1 0.600196463654224 0.1873156342182891 0.0137524557956778 0.035398230088495575
1 0.5766208251473477 0.1887905604719764 0.012770137524557957 0.035398230088495575
1 0.34577603143418467 0.5088495575221239 0.0137524557956778 0.035398230088495575
1 0.38703339882121807 0.5088495575221239 0.012770137524557957 0.03392330383480826
1 0.2888015717092338 0.4970501474926254 0.023575638506876228 0.06489675516224189
1 0.8388998035363457 0.5309734513274337 0.012770137524557957 0.03687315634218289
1 0.23084479371316308 0.48525073746312686 0.0137524557956778 0.03687315634218289
2 0.14734774066797643 0.06637168141592921 0.02455795677799607 0.06637168141592921
0 0.9533398821218074 0.45943952802359883 0.09135559921414538 0.28761061946902655
2 0.831041257367387 0.3952802359882006 0.0412573673870334 0.11356932153392331
5 0.5844793713163065 0.25958702064896755 0.02455795677799607 0.061946902654867256
5 0.5854616895874263 0.10176991150442478 0.02455795677799607 0.061946902654867256
2 0.5854616895874263 0.556047197640118 0.02455795677799607 0.05752212389380531
5 0.6434184675834971 0.5575221238938053 0.02455795677799607 0.05752212389380531
0 0.9341846758349706 0.859882005899705 0.12966601178781925 0.28023598820059
0 0.7003929273084479 0.8156342182890856 0.1905697445972495 0.28466076696165193
4 0.2151277013752456 0.08112094395280237 0.0275049115913556 0.028023598820058997
4 0.48722986247544203 0.4247787610619469 0.018664047151277015 0.04129793510324484
4 0.2554027504911591 0.48525073746312686 0.0137524557956778 0.035398230088495575
4 0.3212180746561886 0.5103244837758112 0.014734774066797643 0.03687315634218289
4 0.4538310412573674 0.5088495575221239 0.0137524557956778 0.03392330383480826
0 0.36296660117878193 0.8075221238938053 0.27013752455795675 0.38200589970501475