1 0.334020618556701 0.6996904024767802 0.04845360824742268 0.04024767801857585
1 0.334020618556701 0.9164086687306502 0.050515463917525774 0.03715170278637771
1 0.334020618556701 0.8622291021671826 0.049484536082474224 0.04024767801857585
1 0.5773195876288659 0.5371517027863777 0.02577319587628866 0.02321981424148607
1 0.7309278350515463 0.5232198142414861 0.015463917525773196 0.04024767801857585
1 0.8020618556701031 0.6052631578947368 0.016494845360824743 0.04024767801857585
1 0.711340206185567 0.13157894736842105 0.026804123711340205 0.02321981424148607
1 0.6030927835051546 0.15789473684210525 0.029896907216494847 0.07585139318885449
1 0.7742268041237114 0.03715170278637771 0.026804123711340205 0.02476780185758514
1 0.8288659793814434 0.03715170278637771 0.026804123711340205 0.02321981424148607
1 0.9371134020618557 0.3065015479876161 0.026804123711340205 0.02476780185758514
1 0.9639175257731959 0.03715170278637771 0.026804123711340205 0.02321981424148607
4 0.6309278350515464 0.5371517027863777 0.026804123711340205 0.02476780185758514
4 0.6577319587628866 0.3219814241486068 0.026804123711340205 0.02321981424148607
4 0.711340206185567 0.4024767801857585 0.026804123711340205 0.02321981424148607
4 0.711340206185567 0.3622291021671827 0.026804123711340205 0.02321981424148607
4 0.711340206185567 0.3204334365325077 0.026804123711340205 0.02321981424148607
4 0.5216494845360825 0.03715170278637771 0.026804123711340205 0.02476780185758514
4 0.477319587628866 0.021671826625386997 0.01752577319587629 0.04024767801857585
4 0.8896907216494845 0.6068111455108359 0.05154639175257732 0.04024767801857585
4 0.9463917525773196 0.6052631578947368 0.05154639175257732 0.04024767801857585
4 0.8391752577319588 0.6037151702786377 0.015463917525773196 0.03869969040247678
4 0.9 0.02476780185758514 0.050515463917525774 0.04024767801857585
0 0.4144329896907217 0.29411764705882354 0.2134020618556701 0.3142414860681115