1 0.7309278350515463 0.9396284829721362 0.021649484536082474 0.047987616099071206
4 0.677319587628866 0.06191950464396285 0.015463917525773196 0.04024767801857585
4 0.6958762886597938 0.9411764705882353 0.015463917525773196 0.04179566563467492
2 0.6041237113402061 0.9396284829721362 0.042268041237113405 0.03869969040247678
0 0.7556701030927835 0.6934984520123839 0.06391752577319587 0.10835913312693499
0 0.7577319587628866 0.38544891640866874 0.06391752577319587 0.10835913312693499
0 0.756701030927835 0.5386996904024768 0.06391752577319587 0.10835913312693499
0 0.10824742268041238 0.8452012383900929 0.09278350515463918 0.09752321981424149
0 0.2752577319587629 0.8421052631578947 0.1731958762886598 0.13312693498452013
0 0.44329896907216493 0.8513931888544891 0.10206185567010309 0.11145510835913312
0 0.01443298969072165 0.8374613003095975 0.026804123711340205 0.13622291021671826
3 0.5432989690721649 0.9256965944272446 0.01958762886597938 0.04643962848297214