1 0.2055084745762712 0.9092356687898089 0.020127118644067795 0.04936305732484077
1 0.2510593220338983 0.8312101910828026 0.014830508474576272 0.03821656050955414
1 0.3379237288135593 0.8328025477707006 0.025423728813559324 0.01910828025477707
1 0.5572033898305084 0.43312101910828027 0.025423728813559324 0.022292993630573247
1 0.7680084745762712 0.4315286624203822 0.014830508474576272 0.03821656050955414
1 0.722457627118644 0.8773885350318471 0.06779661016949153 0.1624203821656051
1 0.7923728813559322 0.8773885350318471 0.06567796610169492 0.1624203821656051
4 0.2076271186440678 0.8296178343949044 0.015889830508474576 0.03980891719745223
5 0.2055084745762712 0.7372611464968153 0.0211864406779661 0.07006369426751592
2 0.13559322033898305 0.7372611464968153 0.0211864406779661 0.07006369426751592
0 0.17478813559322035 0.5923566878980892 0.0635593220338983 0.11464968152866242
0 0.6588983050847458 0.6257961783439491 0.21927966101694915 0.160828025477707
4 0.6472457627118644 0.43312101910828027 0.024364406779661018 0.022292993630573247
4 0.725635593220339 0.4315286624203822 0.025423728813559324 0.022292993630573247
4 0.2478813559322034 0.2372611464968153 0.026483050847457626 0.0732484076433121
4 0.7245762711864406 0.3662420382165605 0.026483050847457626 0.0732484076433121
4 0.6451271186440678 0.3662420382165605 0.026483050847457626 0.0732484076433121
0 0.17372881355932204 0.38057324840764334 0.0646186440677966 0.10987261146496816
4 0.5561440677966102 0.3662420382165605 0.026483050847457626 0.0732484076433121
0 0.6064618644067796 0.12101910828025478 0.3358050847457627 0.23885350318471338
2 0.9088983050847458 0.8726114649681529 0.11758474576271187 0.12579617834394904
0 0.9163135593220338 0.535031847133758 0.1652542372881356 0.3089171974522293
0 0.9205508474576272 0.12738853503184713 0.15677966101694915 0.2515923566878981