1 0.7171610169491526 0.01751592356687898 0.01694915254237288 0.03503184713375796
1 0.6334745762711864 0.01592356687898089 0.026483050847457626 0.025477707006369428
1 0.5889830508474576 0.018312101910828025 0.01694915254237288 0.03662420382165605
1 0.23622881355932204 0.3630573248407643 0.02754237288135593 0.02388535031847134
1 0.1620762711864407 0.5047770700636943 0.048728813559322036 0.041401273885350316
1 0.23622881355932204 0.5159235668789809 0.02754237288135593 0.02388535031847134
1 0.4957627118644068 0.5015923566878981 0.026483050847457626 0.07165605095541401
1 0.625 0.4872611464968153 0.03177966101694915 0.03184713375796178
1 0.8845338983050848 0.6257961783439491 0.02754237288135593 0.025477707006369428
1 0.9947033898305084 0.6664012738853503 0.00847457627118644 0.027070063694267517
1 0.9491525423728814 0.6671974522292994 0.026483050847457626 0.02388535031847134
1 0.8283898305084746 0.6942675159235668 0.05084745762711865 0.03821656050955414
1 0.625 0.695859872611465 0.04978813559322034 0.03980891719745223
1 0.5042372881355932 0.821656050955414 0.015889830508474576 0.041401273885350316
0 0.5233050847457628 0.6878980891719745 0.036016949152542374 0.03662420382165605
4 0.8580508474576272 0.12579617834394904 0.02754237288135593 0.07643312101910828
4 0.6080508474576272 0.18312101910828024 0.01694915254237288 0.03980891719745223
4 0.4957627118644068 0.12579617834394904 0.015889830508474576 0.03821656050955414
4 0.4957627118644068 0.041401273885350316 0.015889830508474576 0.041401273885350316
4 0.1620762711864407 0.6385350318471338 0.04766949152542373 0.041401273885350316
4 0.16101694915254236 0.571656050955414 0.04766949152542373 0.041401273885350316
4 0.1896186440677966 0.695859872611465 0.028601694915254237 0.02388535031847134
4 0.3008474576271186 0.7388535031847133 0.026483050847457626 0.02388535031847134
4 0.1896186440677966 0.7388535031847133 0.026483050847457626 0.02388535031847134
4 0.2457627118644068 0.7388535031847133 0.026483050847457626 0.02388535031847134
4 0.375 0.695859872611465 0.01694915254237288 0.041401273885350316
4 0.4036016949152542 0.697452229299363 0.018008474576271187 0.041401273885350316
4 0.3019067796610169 0.6815286624203821 0.02754237288135593 0.02388535031847134
4 0.4586864406779661 0.6831210191082803 0.01694915254237288 0.041401273885350316
4 0.5529661016949152 0.5429936305732485 0.02754237288135593 0.07961783439490445
4 0.6260593220338984 0.5843949044585988 0.018008474576271187 0.041401273885350316
4 0.736228813559322 0.571656050955414 0.018008474576271187 0.041401273885350316
4 0.7648305084745762 0.6942675159235668 0.02754237288135593 0.02388535031847134
4 0.9300847457627118 0.5843949044585988 0.028601694915254237 0.02388535031847134
5 0.2266949152542373 0.2786624203821656 0.025423728813559324 0.07484076433121019
5 0.6811440677966102 0.5748407643312102 0.02754237288135593 0.07484076433121019
0 0.7309322033898306 0.34076433121019106 0.07097457627118645 0.15286624203821655
0 0.5561440677966102 0.339171974522293 0.07097457627118645 0.15286624203821655
0 0.9396186440677966 0.37579617834394907 0.09533898305084745 0.2802547770700637
0 0.2701271186440678 0.8296178343949044 0.07415254237288135 0.12738853503184713
0 0.4184322033898305 0.8471337579617835 0.0635593220338983 0.11146496815286625
0 0.9396186440677966 0.37579617834394907 0.09533898305084745 0.2802547770700637
0 0.9708686440677966 0.8757961783439491 0.05614406779661017 0.11146496815286625