1 0.3983050847457627 0.9538216560509554 0.025423728813559324 0.020700636942675158
1 0.4608050847457627 0.9156050955414012 0.025423728813559324 0.02388535031847134
1 0.6292372881355932 0.8996815286624203 0.013771186440677966 0.03662420382165605
1 0.6027542372881356 0.8996815286624203 0.013771186440677966 0.03662420382165605
1 0.09639830508474577 0.7452229299363057 0.024364406779661018 0.02388535031847134
1 0.09533898305084745 0.5859872611464968 0.024364406779661018 0.02388535031847134
1 0.5752118644067796 0.6464968152866242 0.015889830508474576 0.03980891719745223
1 0.6377118644067796 0.5668789808917197 0.013771186440677966 0.03980891719745223
1 0.7266949152542372 0.3248407643312102 0.015889830508474576 0.03980891719745223
1 0.725635593220339 0.17834394904458598 0.015889830508474576 0.03821656050955414
1 0.8591101694915254 0.29777070063694266 0.018008474576271187 0.041401273885350316
2 0.861228813559322 0.18949044585987262 0.02754237288135593 0.07006369426751592
0 0.04290254237288135 0.9219745222929936 0.0858050847457627 0.15286624203821655
0 0.21398305084745764 0.6576433121019108 0.06991525423728813 0.16878980891719744
0 0.21504237288135594 0.8837579617834395 0.06991525423728813 0.16878980891719744
4 0.3273305084745763 0.6098726114649682 0.026483050847457626 0.0732484076433121
4 0.3273305084745763 0.9299363057324841 0.026483050847457626 0.0732484076433121
4 0.3273305084745763 0.8359872611464968 0.026483050847457626 0.0732484076433121
4 0.326271186440678 0.7038216560509554 0.026483050847457626 0.0732484076433121
4 0.4502118644067797 0.6353503184713376 0.026483050847457626 0.02388535031847134
4 0.5042372881355932 0.6353503184713376 0.028601694915254237 0.027070063694267517
0 0.4947033898305085 0.29777070063694266 0.2086864406779661 0.31369426751592355
0 0.17478813559322035 0.29936305732484075 0.2086864406779661 0.31369426751592355
4 0.5052966101694916 0.9012738853503185 0.015889830508474576 0.03662420382165605
4 0.6822033898305084 0.8996815286624203 0.014830508474576272 0.03821656050955414
4 0.6557203389830508 0.8996815286624203 0.014830508474576272 0.03821656050955414
4 0.7097457627118644 0.8996815286624203 0.013771186440677966 0.03662420382165605
0 0.6705508474576272 0.7340764331210191 0.09745762711864407 0.1035031847133758
4 0.663135593220339 0.4856687898089172 0.014830508474576272 0.03980891719745223
4 0.6641949152542372 0.5652866242038217 0.014830508474576272 0.03980891719745223
4 0.6896186440677966 0.4872611464968153 0.014830508474576272 0.03662420382165605
4 0.7171610169491526 0.4872611464968153 0.014830508474576272 0.03662420382165605
4 0.6896186440677966 0.32643312101910826 0.02754237288135593 0.07484076433121019
4 0.6864406779661016 0.2356687898089172 0.026483050847457626 0.025477707006369428
4 0.6652542372881356 0.17993630573248406 0.015889830508474576 0.03503184713375796
0 0.4417372881355932 0.7579617834394905 0.07521186440677965 0.15445859872611464