1 0.5805500982318271 0.15486725663716813 0.025540275049115914 0.022123893805309734
1 0.7259332023575639 0.168141592920354 0.015717092337917484 0.038348082595870206
1 0.7946954813359528 0.08997050147492626 0.014734774066797643 0.03687315634218289
1 0.7092337917485265 0.5383480825958702 0.025540275049115914 0.022123893805309734
1 0.6070726915520629 0.5117994100294986 0.0275049115913556 0.07374631268436578
1 0.9243614931237721 0.37315634218289084 0.023575638506876228 0.022123893805309734
1 0.7701375245579568 0.6283185840707964 0.025540275049115914 0.022123893805309734
1 0.8212180746561886 0.6297935103244838 0.025540275049115914 0.022123893805309734
1 0.949901768172888 0.6283185840707964 0.025540275049115914 0.022123893805309734
1 0.9842829076620825 0.7182890855457227 0.014734774066797643 0.038348082595870206
1 0.906679764243615 0.7949852507374632 0.014734774066797643 0.038348082595870206
1 0.8732809430255403 0.7949852507374632 0.014734774066797643 0.03687315634218289
1 0.6669941060903732 0.8716814159292036 0.02455795677799607 0.022123893805309734
1 0.8899803536345776 0.9365781710914455 0.014734774066797643 0.038348082595870206
1 0.9754420432220039 0.9365781710914455 0.015717092337917484 0.038348082595870206
1 0.555992141453831 0.976401179941003 0.014734774066797643 0.038348082595870206
4 0.6326129666011788 0.15486725663716813 0.025540275049115914 0.022123893805309734
4 0.6591355599214146 0.35988200589970504 0.025540275049115914 0.02359882005899705
4 0.7092337917485265 0.2831858407079646 0.025540275049115914 0.02359882005899705
4 0.7092337917485265 0.3215339233038348 0.025540275049115914 0.02359882005899705
4 0.7092337917485265 0.3613569321533923 0.025540275049115914 0.022123893805309734
4 0.8300589390962672 0.09144542772861357 0.014734774066797643 0.038348082595870206
4 0.9322200392927309 0.09144542772861357 0.04911591355599214 0.038348082595870206
4 0.8791748526522594 0.09144542772861357 0.04911591355599214 0.038348082595870206
4 0.9960707269155207 0.09144542772861357 0.005893909626719057 0.04129793510324484
4 0.5304518664047151 0.6297935103244838 0.025540275049115914 0.025073746312684365
4 0.962671905697446 0.7374631268436578 0.015717092337917484 0.038348082595870206
4 0.48821218074656186 0.7197640117994101 0.025540275049115914 0.07079646017699115
4 0.48722986247544203 0.644542772861357 0.015717092337917484 0.038348082595870206
4 0.4862475442043222 0.8097345132743363 0.015717092337917484 0.038348082595870206
4 0.8899803536345776 0.6415929203539823 0.04616895874263261 0.03982300884955752
4 0.769155206286837 0.668141592920354 0.023575638506876228 0.022123893805309734
4 0.8349705304518664 0.6946902654867256 0.025540275049115914 0.022123893805309734
4 0.8231827111984283 0.7581120943952803 0.026522593320235755 0.022123893805309734
4 0.5392927308447937 0.7197640117994101 0.025540275049115914 0.07079646017699115
4 0.7711198428290766 0.7300884955752213 0.025540275049115914 0.07079646017699115
4 0.8212180746561886 0.8215339233038348 0.025540275049115914 0.02359882005899705
4 0.6581532416502947 0.9247787610619469 0.025540275049115914 0.02359882005899705
4 0.7779960707269156 0.9144542772861357 0.01669941060903733 0.038348082595870206
4 0.6345776031434185 0.9845132743362832 0.05108055009823183 0.028023598820058997
4 0.8222003929273084 0.8997050147492626 0.025540275049115914 0.07079646017699115
4 0.8231827111984283 0.9948377581120944 0.0275049115913556 0.007374631268436578
4 0.48772102161100195 0.9970501474926253 0.01669941060903733 0.0029498525073746312
0 0.42730844793713163 0.3864306784660767 0.20235756385068762 0.29056047197640117
0 0.6542239685658153 0.672566371681416 0.08055009823182711 0.13126843657817108