1 0.17391304347826086 0.22700296735905046 0.023715415019762844 0.020771513353115726
1 0.17292490118577075 0.07863501483679525 0.023715415019762844 0.02225519287833828
1 0.6195652173913043 0.1543026706231454 0.014822134387351778 0.03560830860534125
1 0.6788537549407114 0.22700296735905046 0.01383399209486166 0.03560830860534125
1 0.7638339920948617 0.44807121661721067 0.015810276679841896 0.03560830860534125
1 0.7648221343873518 0.5845697329376854 0.01383399209486166 0.03560830860534125
4 0.38735177865612647 0.11127596439169139 0.025691699604743084 0.06973293768545995
4 0.3883399209486166 0.19881305637982197 0.025691699604743084 0.06824925816023739
4 0.5029644268774703 0.16913946587537093 0.0266798418972332 0.02373887240356083
4 0.5523715415019763 0.16913946587537093 0.025691699604743084 0.02373887240356083
4 0.7094861660079052 0.5875370919881305 0.014822134387351778 0.03560830860534125
4 0.7282608695652174 0.5341246290801187 0.025691699604743084 0.020771513353115726
4 0.7312252964426877 0.4495548961424332 0.025691699604743084 0.06824925816023739
4 0.7025691699604744 0.22997032640949555 0.014822134387351778 0.03857566765578635
4 0.7035573122529645 0.30415430267062316 0.014822134387351778 0.037091988130563795
4 0.7292490118577075 0.30118694362017806 0.014822134387351778 0.037091988130563795
4 0.7539525691699605 0.30118694362017806 0.015810276679841896 0.03857566765578635
0 0.037549407114624504 0.3724035608308605 0.07509881422924901 0.5400593471810089
2 0.8913043478260869 0.5712166172106825 0.022727272727272728 0.06379821958456973
2 0.8932806324110671 0.8189910979228486 0.022727272727272728 0.06379821958456973
1 0.8883399209486166 0.47032640949554894 0.014822134387351778 0.03560830860534125
0 0.2519762845849802 0.48516320474777447 0.1857707509881423 0.2774480712166172
0 0.549407114624506 0.4792284866468843 0.1857707509881423 0.2774480712166172
0 0.2826086956521739 0.1572700296735905 0.06225296442687747 0.15578635014836795
0 0.7065217391304348 0.0712166172106825 0.08893280632411067 0.09198813056379822