1 0.822680412371134 0.21826625386996903 0.024742268041237112 0.021671826625386997
1 0.8237113402061855 0.06346749226006192 0.024742268041237112 0.02321981424148607
1 0.3577319587628866 0.14241486068111456 0.015463917525773196 0.03715170278637771
1 0.2958762886597938 0.21826625386996903 0.01443298969072165 0.03715170278637771
1 0.20721649484536084 0.44891640866873067 0.016494845360824743 0.03715170278637771
1 0.20618556701030927 0.5913312693498453 0.01443298969072165 0.03715170278637771
4 0.6 0.09752321981424149 0.026804123711340205 0.07275541795665634
4 0.5989690721649484 0.18885448916408668 0.026804123711340205 0.07120743034055728
4 0.4793814432989691 0.15789473684210525 0.027835051546391754 0.02476780185758514
4 0.42783505154639173 0.15789473684210525 0.026804123711340205 0.02476780185758514
4 0.2639175257731959 0.5944272445820433 0.015463917525773196 0.03715170278637771
4 0.2443298969072165 0.5386996904024768 0.026804123711340205 0.021671826625386997
4 0.24123711340206186 0.4504643962848297 0.026804123711340205 0.07120743034055728
4 0.2711340206185567 0.22136222910216719 0.015463917525773196 0.04024767801857585
4 0.27010309278350514 0.29876160990712075 0.015463917525773196 0.03869969040247678
4 0.24329896907216494 0.29566563467492263 0.015463917525773196 0.03869969040247678
4 0.2175257731958763 0.29566563467492263 0.016494845360824743 0.04024767801857585
0 0.9623711340206186 0.37074303405572756 0.0731958762886598 0.565015479876161
2 0.07422680412371134 0.5773993808049536 0.023711340206185566 0.06656346749226007
2 0.07216494845360824 0.8359133126934984 0.023711340206185566 0.06656346749226007
1 0.07731958762886598 0.47213622291021673 0.015463917525773196 0.03715170278637771
0 0.7412371134020619 0.48761609907120745 0.19381443298969073 0.2894736842105263
0 0.4309278350515464 0.48142414860681115 0.19381443298969073 0.2894736842105263
0 0.709278350515464 0.14551083591331268 0.06494845360824743 0.16253869969040247
0 0.2670103092783505 0.05572755417956656 0.09278350515463918 0.09597523219814241