1 0.5010309278350515 0.6114551083591331 0.01443298969072165 0.03560371517027864
1 0.3319587628865979 0.42724458204334365 0.026804123711340205 0.021671826625386997
1 0.41649484536082476 0.608359133126935 0.01443298969072165 0.03715170278637771
1 0.6783505154639176 0.07585139318885449 0.023711340206185566 0.06656346749226007
4 0.6329896907216495 0.25386996904024767 0.016494845360824743 0.03715170278637771
4 0.6309278350515464 0.4071207430340557 0.016494845360824743 0.04024767801857585
4 0.6123711340206186 0.6021671826625387 0.015463917525773196 0.04024767801857585
4 0.5783505154639176 0.6145510835913313 0.015463917525773196 0.04024767801857585
4 0.5268041237113402 0.6130030959752322 0.015463917525773196 0.03715170278637771
4 0.5092783505154639 0.6873065015479877 0.015463917525773196 0.03869969040247678
4 0.4587628865979381 0.6857585139318886 0.015463917525773196 0.03869969040247678
0 0.5061855670103093 0.40092879256965946 0.1618556701030928 0.23839009287925697
0 0.12371134020618557 0.369969040247678 0.24536082474226803 0.5634674922600619
0 0.3474226804123711 0.5402476780185759 0.07216494845360824 0.14241486068111456