1 0.008247422680412371 0.7616099071207431 0.015463917525773196 0.04024767801857585
1 0.007216494845360825 0.8544891640866873 0.01443298969072165 0.03869969040247678
1 0.03505154639175258 0.760061919504644 0.015463917525773196 0.03869969040247678
1 0.088659793814433 0.9086687306501547 0.015463917525773196 0.03869969040247678
1 0.1154639175257732 0.9071207430340558 0.015463917525773196 0.04024767801857585
1 0.1515463917525773 0.9210526315789473 0.026804123711340205 0.02321981424148607
1 0.43711340206185567 0.8668730650154799 0.015463917525773196 0.04024767801857585
1 0.9278350515463918 0.5557275541795665 0.015463917525773196 0.04024767801857585
1 0.9278350515463918 0.28792569659442724 0.016494845360824743 0.03869969040247678
1 0.8123711340206186 0.6609907120743034 0.04845360824742268 0.04024767801857585
1 0.8103092783505155 0.4969040247678019 0.04845360824742268 0.04024767801857585
1 0.8123711340206186 0.44427244582043346 0.04845360824742268 0.04024767801857585
1 0.8134020618556701 0.2848297213622291 0.04845360824742268 0.04024767801857585
1 0.8134020618556701 0.2306501547987616 0.04845360824742268 0.04024767801857585
1 0.8154639175257732 0.07120743034055728 0.04845360824742268 0.04024767801857585
1 0.815979381443299 0.01934984520123839 0.050515463917525774 0.03560371517027864
1 0.9293814432989691 0.020123839009287926 0.01752577319587629 0.03715170278637771
4 0.02577319587628866 0.9210526315789473 0.027835051546391754 0.02321981424148607
4 0.1958762886597938 0.8390092879256966 0.026804123711340205 0.02321981424148607
1 0.1154639175257732 0.760061919504644 0.015463917525773196 0.03715170278637771
4 0.19484536082474227 0.7585139318885449 0.015463917525773196 0.03869969040247678
4 0.24948453608247423 0.7585139318885449 0.016494845360824743 0.04024767801857585
4 0.32061855670103095 0.760061919504644 0.05154639175257732 0.04179566563467492
4 0.3020618556701031 0.9195046439628483 0.05154639175257732 0.04179566563467492
4 0.3917525773195876 0.8390092879256966 0.05154639175257732 0.04179566563467492
4 0.3938144329896907 0.760061919504644 0.05154639175257732 0.04179566563467492
4 0.9278350515463918 0.19349845201238391 0.015463917525773196 0.04024767801857585
4 0.9278350515463918 0.4613003095975232 0.015463917525773196 0.04179566563467492