1 0.011458333333333333 0.7492163009404389 0.015625 0.04075235109717868
1 0.010416666666666666 0.8432601880877743 0.014583333333333334 0.03918495297805643
1 0.03854166666666667 0.7476489028213166 0.015625 0.03918495297805643
1 0.09270833333333334 0.8981191222570533 0.015625 0.03918495297805643
1 0.11979166666666667 0.896551724137931 0.015625 0.04075235109717868
1 0.15625 0.9106583072100314 0.027083333333333334 0.023510971786833857
1 0.44479166666666664 0.8557993730407524 0.015625 0.04075235109717868
1 0.940625 0.5407523510971787 0.015625 0.04075235109717868
1 0.940625 0.26959247648902823 0.016666666666666666 0.03918495297805643
1 0.8239583333333333 0.6473354231974922 0.04895833333333333 0.04075235109717868
1 0.821875 0.48119122257053293 0.04895833333333333 0.04075235109717868
1 0.8239583333333333 0.4278996865203762 0.04895833333333333 0.04075235109717868
1 0.825 0.2664576802507837 0.04895833333333333 0.04075235109717868
1 0.825 0.2115987460815047 0.04895833333333333 0.04075235109717868
1 0.8270833333333333 0.050156739811912224 0.04895833333333333 0.04075235109717868
1 0.8276041666666667 0.008620689655172414 0.051041666666666666 0.014106583072100314
1 0.9421875 0.009404388714733543 0.017708333333333333 0.01567398119122257
4 0.029166666666666667 0.9106583072100314 0.028125 0.023510971786833857
4 0.20104166666666667 0.8275862068965517 0.027083333333333334 0.023510971786833857
1 0.11979166666666667 0.7476489028213166 0.015625 0.03761755485893417
4 0.2 0.7460815047021944 0.015625 0.03918495297805643
4 0.2552083333333333 0.7460815047021944 0.016666666666666666 0.04075235109717868
4 0.32708333333333334 0.7476489028213166 0.052083333333333336 0.04231974921630094
4 0.30833333333333335 0.9090909090909091 0.052083333333333336 0.04231974921630094
4 0.39895833333333336 0.8275862068965517 0.052083333333333336 0.04231974921630094
4 0.4010416666666667 0.7476489028213166 0.052083333333333336 0.04231974921630094
4 0.940625 0.17398119122257052 0.015625 0.04075235109717868
4 0.940625 0.445141065830721 0.015625 0.04231974921630094