1 0.9562899786780383 0.7131410256410257 0.015991471215351813 0.041666666666666664
1 0.9573560767590619 0.8092948717948718 0.014925373134328358 0.04006410256410257
1 0.9285714285714286 0.7115384615384616 0.015991471215351813 0.04006410256410257
1 0.8731343283582089 0.8653846153846154 0.015991471215351813 0.04006410256410257
1 0.8454157782515992 0.8637820512820513 0.015991471215351813 0.041666666666666664
1 0.8081023454157783 0.8782051282051282 0.02771855010660981 0.02403846153846154
1 0.5127931769722814 0.8221153846153846 0.015991471215351813 0.041666666666666664
1 0.007462686567164179 0.49919871794871795 0.01279317697228145 0.04326923076923077
1 0.007462686567164179 0.22275641025641027 0.01279317697228145 0.041666666666666664
1 0.12473347547974413 0.6089743589743589 0.050106609808102345 0.041666666666666664
1 0.12686567164179105 0.4391025641025641 0.050106609808102345 0.041666666666666664
1 0.12473347547974413 0.38461538461538464 0.050106609808102345 0.041666666666666664
1 0.12366737739872068 0.21955128205128205 0.050106609808102345 0.041666666666666664
1 0.12366737739872068 0.16346153846153846 0.050106609808102345 0.041666666666666664
1 0.12153518123667377 0.010416666666666666 0.0511727078891258 0.017628205128205128
4 0.9381663113006397 0.8782051282051282 0.028784648187633263 0.02403846153846154
4 0.7622601279317697 0.7932692307692307 0.02771855010660981 0.02403846153846154
1 0.8454157782515992 0.7115384615384616 0.015991471215351813 0.038461538461538464
4 0.7633262260127932 0.7099358974358975 0.015991471215351813 0.04006410256410257
4 0.7068230277185501 0.7099358974358975 0.017057569296375266 0.041666666666666664
4 0.6332622601279317 0.7115384615384616 0.053304904051172705 0.04326923076923077
4 0.652452025586354 0.8766025641025641 0.053304904051172705 0.04326923076923077
4 0.5597014925373134 0.7932692307692307 0.053304904051172705 0.04326923076923077
4 0.5575692963752665 0.7115384615384616 0.053304904051172705 0.04326923076923077
4 0.007462686567164179 0.12419871794871795 0.01279317697228145 0.04326923076923077
4 0.007462686567164179 0.40224358974358976 0.01279317697228145 0.04487179487179487