1 0.2739307535641548 0.9235474006116208 0.021384928716904276 0.047400611620795105
4 0.3268839103869654 0.05657492354740061 0.015274949083503055 0.039755351681957186
4 0.3085539714867617 0.9250764525993884 0.015274949083503055 0.04128440366972477
2 0.39918533604887985 0.9235474006116208 0.04175152749490835 0.0382262996941896
0 0.2494908350305499 0.6804281345565749 0.06313645621181263 0.10703363914373089
0 0.24745417515274948 0.3761467889908257 0.06313645621181263 0.10703363914373089
0 0.2484725050916497 0.5275229357798165 0.06313645621181263 0.10703363914373089
0 0.8890020366598778 0.8302752293577982 0.09164969450101833 0.0963302752293578
0 0.7240325865580448 0.827217125382263 0.1710794297352342 0.13149847094801223
0 0.5580448065173116 0.8363914373088684 0.10081466395112017 0.11009174311926606
0 0.9837067209775967 0.8226299694189603 0.03054989816700611 0.1345565749235474
3 0.4592668024439919 0.9097859327217125 0.019348268839103868 0.045871559633027525