1 0.001072961373390558 0.4338709677419355 0.002145922746781116 0.02903225806451613
1 0.0203862660944206 0.35080645161290325 0.0407725321888412 0.0467741935483871
1 0.07939914163090128 0.3532258064516129 0.02682403433476395 0.024193548387096774
1 0.22854077253218885 0.38064516129032255 0.04291845493562232 0.08064516129032258
1 0.2296137339055794 0.5080645161290323 0.04184549356223176 0.07580645161290323
1 0.22746781115879827 0.717741935483871 0.027896995708154508 0.024193548387096774
1 0.21888412017167383 0.9306451612903226 0.016094420600858368 0.041935483870967745
1 0.25643776824034337 0.9306451612903226 0.016094420600858368 0.04032258064516129
1 0.009656652360515022 0.8564516129032258 0.019313304721030045 0.02903225806451613
1 0.13626609442060086 0.25161290322580643 0.05042918454935622 0.04032258064516129
1 0.25643776824034337 0.2967741935483871 0.02682403433476395 0.024193548387096774
1 0.5547210300429185 0.917741935483871 0.016094420600858368 0.041935483870967745
1 0.5826180257510729 0.917741935483871 0.016094420600858368 0.03870967741935484
1 0.36802575107296137 0.7612903225806451 0.02682403433476395 0.024193548387096774
1 0.7135193133047211 0.7064516129032258 0.02682403433476395 0.025806451612903226
1 0.76931330472103 0.7064516129032258 0.02575107296137339 0.02258064516129032
1 0.8723175965665236 0.6919354838709677 0.02575107296137339 0.024193548387096774
1 0.9420600858369099 0.7032258064516129 0.02575107296137339 0.024193548387096774
1 0.9678111587982833 0.8629032258064516 0.02682403433476395 0.025806451612903226
1 0.6491416309012875 0.7064516129032258 0.02682403433476395 0.02258064516129032
1 0.5654506437768241 0.5645161290322581 0.05042918454935622 0.04032258064516129
1 0.5643776824034334 0.5080645161290323 0.05042918454935622 0.04032258064516129
1 0.40665236051502146 0.36774193548387096 0.02682403433476395 0.024193548387096774
4 0.04184549356223176 0.43709677419354837 0.027896995708154508 0.025806451612903226
4 0.14484978540772533 0.43709677419354837 0.027896995708154508 0.024193548387096774
4 0.060085836909871244 0.25483870967741934 0.030042918454935622 0.024193548387096774
4 0.34120171673819744 0.8451612903225807 0.028969957081545063 0.07903225806451612
4 0.5826180257510729 0.832258064516129 0.017167381974248927 0.04032258064516129
4 0.5547210300429185 0.9879032258064516 0.019313304721030045 0.020967741935483872
4 0.48175965665236054 0.9451612903225807 0.030042918454935622 0.025806451612903226
4 0.5836909871244635 0.989516129032258 0.019313304721030045 0.017741935483870968
4 0.3417381974248927 0.9862903225806452 0.03111587982832618 0.024193548387096774
4 0.34120171673819744 0.9290322580645162 0.028969957081545063 0.07903225806451612
4 0.3111587982832618 0.7596774193548387 0.032188841201716736 0.03225806451612903
4 0.41416309012875535 0.7612903225806451 0.028969957081545063 0.025806451612903226
4 0.22854077253218885 0.6612903225806451 0.027896995708154508 0.027419354838709678
4 0.22746781115879827 0.6209677419354839 0.027896995708154508 0.024193548387096774
4 0.9688841201716738 0.7629032258064516 0.027896995708154508 0.024193548387096774
4 0.9678111587982833 0.482258064516129 0.027896995708154508 0.02258064516129032
4 0.9678111587982833 0.4258064516129032 0.027896995708154508 0.024193548387096774
5 0.44206008583690987 0.635483870967742 0.02682403433476395 0.06935483870967742
5 0.5171673819742489 0.4338709677419355 0.02682403433476395 0.06935483870967742
4 0.23927038626609443 0.11290322580645161 0.08369098712446352 0.06290322580645161
4 0.4002145922746781 0.4870967741935484 0.0407725321888412 0.11935483870967742
4 0.23927038626609443 0.22580645161290322 0.08369098712446352 0.06290322580645161
4 0.4613733905579399 0.5338709677419354 0.023605150214592276 0.04838709677419355
4 0.4613733905579399 0.42096774193548386 0.023605150214592276 0.04838709677419355
0 0.08798283261802575 0.6451612903225806 0.09656652360515021 0.2838709677419355
0 0.07510729613733906 0.14193548387096774 0.06545064377682404 0.11129032258064517
0 0.3916309012875536 0.1774193548387097 0.157725321888412 0.12096774193548387
0 0.7725321888412017 0.9048387096774193 0.27682403433476394 0.1870967741935484
0 0.3229613733905579 0.45483870967741935 0.07618025751072961 0.09193548387096774