1 0.5785854616895875 0.07079646017699115 0.023575638506876228 0.019174041297935103
1 0.5206286836935167 0.10619469026548672 0.023575638506876228 0.022123893805309734
1 0.3644400785854617 0.12094395280235988 0.012770137524557957 0.03392330383480826
1 0.3889980353634578 0.12094395280235988 0.012770137524557957 0.03392330383480826
1 0.8585461689587426 0.2640117994100295 0.022593320235756387 0.022123893805309734
1 0.8595284872298625 0.41150442477876104 0.022593320235756387 0.022123893805309734
1 0.41453831041257366 0.3554572271386431 0.014734774066797643 0.03687315634218289
1 0.3565815324165029 0.42920353982300885 0.012770137524557957 0.03687315634218289
1 0.27406679764243613 0.6533923303834809 0.014734774066797643 0.03687315634218289
1 0.275049115913556 0.7890855457227138 0.014734774066797643 0.035398230088495575
1 0.1512770137524558 0.6784660766961652 0.01669941060903733 0.038348082595870206
2 0.14931237721021612 0.7787610619469026 0.025540275049115914 0.06489675516224189
0 0.9341846758349706 0.08628318584070796 0.12966601178781925 0.17256637168141592
0 0.74950884086444 0.34513274336283184 0.06483300589390963 0.15634218289085547
0 0.7485265225933202 0.13569321533923304 0.06483300589390963 0.15634218289085547
4 0.6444007858546169 0.3893805309734513 0.02455795677799607 0.06784660766961652
4 0.6444007858546169 0.09292035398230089 0.02455795677799607 0.06784660766961652
4 0.6444007858546169 0.17994100294985252 0.02455795677799607 0.06784660766961652
4 0.6453831041257367 0.3023598820058997 0.02455795677799607 0.06784660766961652
4 0.5304518664047151 0.36578171091445427 0.02455795677799607 0.022123893805309734
4 0.48035363457760316 0.36578171091445427 0.026522593320235755 0.025073746312684365
0 0.980844793713163 0.5486725663716814 0.036345776031434185 0.5368731563421829
0 0.48919449901768175 0.6784660766961652 0.19351669941060903 0.29056047197640117
0 0.7858546168958742 0.6769911504424779 0.19351669941060903 0.29056047197640117
0 0.36296660117878193 0.008112094395280236 0.27013752455795675 0.016224188790560472
4 0.4793713163064833 0.11946902654867257 0.014734774066797643 0.03392330383480826
4 0.3153241650294695 0.12094395280235988 0.0137524557956778 0.035398230088495575
4 0.33988212180746563 0.12094395280235988 0.0137524557956778 0.035398230088495575
4 0.28978388998035365 0.12094395280235988 0.012770137524557957 0.03392330383480826
0 0.32612966601178783 0.2743362831858407 0.09037328094302555 0.09587020648967552
4 0.3330058939096267 0.504424778761062 0.0137524557956778 0.03687315634218289
4 0.3320235756385069 0.4306784660766962 0.0137524557956778 0.03687315634218289
4 0.30844793713163066 0.5029498525073747 0.0137524557956778 0.03392330383480826
4 0.2829076620825147 0.5029498525073747 0.0137524557956778 0.03392330383480826
4 0.30844793713163066 0.6519174041297935 0.025540275049115914 0.06932153392330384
4 0.3113948919449902 0.7359882005899705 0.02455795677799607 0.02359882005899705
4 0.33104125736738704 0.7876106194690266 0.014734774066797643 0.032448377581120944
0 0.5383104125736738 0.252212389380531 0.06974459724950884 0.1430678466076696