1 0.7573673870333988 0.11209439528023599 0.018664047151277015 0.045722713864306784
1 0.7151277013752456 0.18436578171091444 0.0137524557956778 0.035398230088495575
1 0.6345776031434185 0.18289085545722714 0.023575638506876228 0.017699115044247787
1 0.431237721021611 0.5530973451327433 0.023575638506876228 0.02064896755162242
1 0.2357563850687623 0.5545722713864307 0.0137524557956778 0.035398230088495575
1 0.2779960707269155 0.1415929203539823 0.06286836935166994 0.1504424778761062
1 0.2131630648330059 0.1415929203539823 0.060903732809430254 0.1504424778761062
4 0.7554027504911591 0.18584070796460178 0.014734774066797643 0.03687315634218289
5 0.7573673870333988 0.2713864306784661 0.019646365422396856 0.06489675516224189
2 0.8222003929273084 0.2713864306784661 0.019646365422396856 0.06489675516224189
0 0.7858546168958742 0.4056047197640118 0.05893909626719057 0.10619469026548672
0 0.3369351669941061 0.3746312684365782 0.20333988212180745 0.14896755162241887
4 0.3477406679764244 0.5530973451327433 0.022593320235756387 0.02064896755162242
4 0.275049115913556 0.5545722713864307 0.023575638506876228 0.02064896755162242
4 0.7180746561886051 0.7345132743362832 0.02455795677799607 0.06784660766961652
4 0.27603143418467585 0.6150442477876106 0.02455795677799607 0.06784660766961652
4 0.34970530451866405 0.6150442477876106 0.02455795677799607 0.06784660766961652
0 0.7868369351669942 0.6017699115044248 0.05992141453831041 0.10176991150442478
4 0.43222003929273084 0.6150442477876106 0.02455795677799607 0.06784660766961652
0 0.3855599214145383 0.8650442477876106 0.3113948919449902 0.2669616519174041
2 0.10510805500982318 0.14601769911504425 0.10903732809430255 0.11651917404129794
0 0.08791748526522593 0.45870206489675514 0.1738703339882122 0.2861356932153392
0 0.08398821218074656 0.8591445427728613 0.16601178781925344 0.27876106194690264