1 0.7210216110019646 0.2448377581120944 0.021611001964636542 0.061946902654867256
1 0.3605108055009823 0.2728613569321534 0.022593320235756387 0.019174041297935103
1 0.3605108055009823 0.30973451327433627 0.023575638506876228 0.02064896755162242
1 0.39587426326129665 0.5929203539823009 0.023575638506876228 0.02064896755162242
1 0.5599214145383105 0.7640117994100295 0.012770137524557957 0.035398230088495575
1 0.47838899803536344 0.7654867256637168 0.0137524557956778 0.03392330383480826
4 0.7097249508840865 0.016224188790560472 0.01669941060903733 0.032448377581120944
0 0.3855599214145383 0.09218289085545722 0.3113948919449902 0.18436578171091444
4 0.4174852652259332 0.29646017699115046 0.04518664047151277 0.035398230088495575
0 0.56286836935167 0.5648967551622419 0.15029469548133595 0.22566371681415928
4 0.6807465618860511 0.5634218289085545 0.014734774066797643 0.03687315634218289
4 0.6650294695481336 0.7507374631268436 0.014734774066797643 0.03687315634218289
4 0.6335952848722987 0.7625368731563422 0.014734774066797643 0.03687315634218289
4 0.5844793713163065 0.7640117994100295 0.014734774066797643 0.03392330383480826
4 0.5677799607072691 0.8377581120943953 0.0137524557956778 0.035398230088495575
4 0.5196463654223968 0.8377581120943953 0.014734774066797643 0.03392330383480826
0 0.08398821218074656 0.0855457227138643 0.16601178781925344 0.1710914454277286
0 0.15471512770137524 0.5479351032448377 0.3074656188605108 0.5353982300884956
0 0.412573673870334 0.7020648967551623 0.06777996070726916 0.13864306784660768