0 0.12686567164179105 0.1546474358974359 0.2515991471215352 0.3092948717948718
4 0.3699360341151386 0.11538461538461539 0.03091684434968017 0.09134615384615384
4 0.3704690831556503 0.016025641025641024 0.03304904051172708 0.03205128205128205
4 0.5149253731343284 0.4775641025641026 0.03091684434968017 0.027243589743589744
4 0.5127931769722814 0.5721153846153846 0.03091684434968017 0.08974358974358974
4 0.17377398720682302 0.49198717948717946 0.019189765458422176 0.046474358974358976
4 0.40085287846481876 0.4951923076923077 0.019189765458422176 0.046474358974358976
4 0.35607675906183367 0.4951923076923077 0.019189765458422176 0.046474358974358976
4 0.26865671641791045 0.4935897435897436 0.019189765458422176 0.046474358974358976
4 0.23773987206823027 0.49038461538461536 0.019189765458422176 0.046474358974358976
4 0.14285714285714285 0.49198717948717946 0.019189765458422176 0.046474358974358976
4 0.20575692963752665 0.4935897435897436 0.019189765458422176 0.046474358974358976