2 0.0078125 0.5713166144200627 0.015625 0.061128526645768025
4 0.14583333333333334 0.8589341692789969 0.017708333333333333 0.0438871473354232
4 0.4244791666666667 0.9811912225705329 0.059375 0.034482758620689655
4 0.3494791666666667 0.981974921630094 0.059375 0.032915360501567396
4 0.23333333333333334 0.6896551724137931 0.030208333333333334 0.025078369905956112
4 0.11979166666666667 0.9247648902821317 0.030208333333333334 0.025078369905956112
4 0.234375 0.8260188087774295 0.030208333333333334 0.025078369905956112
4 0.234375 0.7601880877742947 0.030208333333333334 0.025078369905956112
4 0.115625 0.8213166144200627 0.017708333333333333 0.045454545454545456
4 0.08125 0.8213166144200627 0.017708333333333333 0.045454545454545456
4 0.0078125 0.8275862068965517 0.015625 0.047021943573667714
1 0.178125 0.8573667711598746 0.015625 0.0438871473354232
0 0.09739583333333333 0.9921630094043887 0.146875 0.012539184952978056