1 0.15178571428571427 0.7761194029850746 0.010912698412698412 0.025373134328358207
1 0.11904761904761904 0.9776119402985075 0.016865079365079364 0.016417910447761194
1 0.004464285714285714 0.9634328358208956 0.008928571428571428 0.019402985074626865
1 0.08928571428571429 0.9761194029850746 0.016865079365079364 0.016417910447761194
1 0.0248015873015873 0.9044776119402985 0.010912698412698412 0.025373134328358207
1 0.1527777777777778 0.9223880597014925 0.010912698412698412 0.025373134328358207
1 0.15376984126984128 0.8611940298507462 0.010912698412698412 0.025373134328358207
1 0.1527777777777778 0.8208955223880597 0.010912698412698412 0.025373134328358207
4 0.041666666666666664 0.8522388059701492 0.027777777777777776 0.025373134328358207
4 0.003968253968253968 0.6455223880597015 0.007936507936507936 0.028358208955223882
4 0.19246031746031747 0.7820895522388059 0.017857142857142856 0.04029850746268657
1 0.36607142857142855 0.808955223880597 0.026785714285714284 0.020895522388059702
1 0.30753968253968256 0.8104477611940298 0.026785714285714284 0.020895522388059702
1 0.49503968253968256 0.7522388059701492 0.01488095238095238 0.041791044776119404
4 0.041666666666666664 0.8149253731343283 0.027777777777777776 0.025373134328358207
4 0.25 0.5611940298507463 0.027777777777777776 0.025373134328358207
1 0.30753968253968256 0.6895522388059702 0.027777777777777776 0.020895522388059702
4 0.3759920634920635 0.7313432835820896 0.027777777777777776 0.025373134328358207
0 0.12202380952380952 0.6104477611940299 0.05357142857142857 0.15522388059701492
1 0.00248015873015873 0.558955223880597 0.00496031746031746 0.04328358208955224
4 0.5079365079365079 0.43582089552238806 0.016865079365079364 0.041791044776119404
4 0.44543650793650796 0.4373134328358209 0.016865079365079364 0.041791044776119404
1 0.7361111111111112 0.6701492537313433 0.044642857142857144 0.08208955223880597
4 0.36607142857142855 0.27761194029850744 0.027777777777777776 0.08208955223880597