0 0.8776041666666666 0.13244514106583072 0.24270833333333333 0.26489028213166144
4 0.6416666666666667 0.07523510971786834 0.030208333333333334 0.08934169278996865
4 0.5 0.42946708463949845 0.030208333333333334 0.02664576802507837
4 0.5020833333333333 0.5219435736677116 0.030208333333333334 0.0877742946708464
4 0.8333333333333334 0.44357366771159873 0.01875 0.045454545454545456
4 0.6114583333333333 0.44670846394984326 0.01875 0.045454545454545456
4 0.6552083333333333 0.44670846394984326 0.01875 0.045454545454545456
4 0.740625 0.445141065830721 0.01875 0.045454545454545456
4 0.7708333333333334 0.44200626959247646 0.01875 0.045454545454545456
4 0.8635416666666667 0.44357366771159873 0.01875 0.045454545454545456
4 0.8020833333333334 0.445141065830721 0.01875 0.045454545454545456