0 0.15760869565217392 0.8471810089020771 0.25592885375494073 0.3026706231454006
4 0.3932806324110672 0.8753709198813057 0.02865612648221344 0.08456973293768547
4 0.3942687747035573 0.9755192878338279 0.03162055335968379 0.04599406528189911
4 0.5276679841897233 0.5400593471810089 0.02865612648221344 0.025222551928783383
4 0.525691699604743 0.45252225519287836 0.02865612648221344 0.0830860534124629
4 0.21146245059288538 0.526706231454006 0.017786561264822136 0.04302670623145401
4 0.42193675889328064 0.5237388724035609 0.017786561264822136 0.04302670623145401
4 0.3804347826086957 0.5237388724035609 0.017786561264822136 0.04302670623145401
4 0.2994071146245059 0.5252225519287834 0.017786561264822136 0.04302670623145401
4 0.2707509881422925 0.5281899109792285 0.017786561264822136 0.04302670623145401
4 0.18280632411067194 0.526706231454006 0.017786561264822136 0.04302670623145401
4 0.24110671936758893 0.5252225519287834 0.017786561264822136 0.04302670623145401