2 0.9921875 0.5721003134796239 0.013541666666666667 0.05956112852664577
2 0.6489583333333333 0.5736677115987461 0.026041666666666668 0.05799373040752351
2 0.5802083333333333 0.5768025078369906 0.026041666666666668 0.05799373040752351
2 0.7895833333333333 0.5736677115987461 0.026041666666666668 0.05799373040752351
2 0.7208333333333333 0.5736677115987461 0.026041666666666668 0.05799373040752351
2 0.9291666666666667 0.5705329153605015 0.026041666666666668 0.05799373040752351
2 0.8604166666666667 0.5721003134796239 0.026041666666666668 0.05799373040752351
2 0.73125 0.7931034482758621 0.025 0.05799373040752351
4 0.778125 0.8401253918495298 0.016666666666666666 0.045454545454545456
0 0.8885416666666667 0.8134796238244514 0.0875 0.08463949843260188
0 0.8776041666666666 0.9663009404388715 0.24270833333333333 0.06426332288401254
4 0.6411458333333333 0.9843260188087775 0.03229166666666667 0.02821316614420063