1 0.8466933867735471 0.23042168674698796 0.011022044088176353 0.025602409638554216
1 0.8797595190380761 0.02710843373493976 0.017034068136272545 0.016566265060240965
1 0.9949899799599199 0.04216867469879518 0.008016032064128256 0.02108433734939759
1 0.9098196392785571 0.0286144578313253 0.017034068136272545 0.016566265060240965
1 0.9749498997995992 0.10090361445783133 0.011022044088176353 0.025602409638554216
1 0.845691382765531 0.08283132530120482 0.011022044088176353 0.025602409638554216
1 0.844689378757515 0.14457831325301204 0.011022044088176353 0.025602409638554216
1 0.845691382765531 0.1852409638554217 0.011022044088176353 0.025602409638554216
4 0.9579158316633266 0.1536144578313253 0.028056112224448898 0.025602409638554216
4 0.9954909819639278 0.3629518072289157 0.0070140280561122245 0.030120481927710843
4 0.8056112224448898 0.22439759036144577 0.018036072144288578 0.04066265060240964
1 0.6302605210420842 0.19728915662650603 0.027054108216432865 0.02108433734939759
1 0.6893787575150301 0.19578313253012047 0.027054108216432865 0.02108433734939759
1 0.5 0.2545180722891566 0.01503006012024048 0.04216867469879518
4 0.9579158316633266 0.19126506024096385 0.028056112224448898 0.025602409638554216
4 0.7474949899799599 0.44728915662650603 0.028056112224448898 0.025602409638554216
1 0.6893787575150301 0.3177710843373494 0.028056112224448898 0.02108433734939759
4 0.6202404809619239 0.2756024096385542 0.028056112224448898 0.025602409638554216
0 0.8767535070140281 0.39759036144578314 0.05410821643286573 0.1566265060240964
1 0.996993987975952 0.4503012048192771 0.004008016032064128 0.045180722891566265
4 0.48697394789579157 0.5737951807228916 0.017034068136272545 0.04216867469879518
4 0.5501002004008017 0.572289156626506 0.017034068136272545 0.04216867469879518
1 0.2565130260521042 0.3373493975903614 0.045090180360721446 0.08283132530120482
4 0.6302605210420842 0.733433734939759 0.028056112224448898 0.08283132530120482