1 0.11823647294589178 0.9126506024096386 0.028056112224448898 0.02108433734939759
1 0.17835671342685372 0.9683734939759037 0.01603206412825651 0.04216867469879518
1 0.437875751503006 0.9713855421686747 0.014028056112224449 0.04066265060240964
4 0.008016032064128256 0.9676204819277109 0.014028056112224449 0.043674698795180725
4 0.39178356713426854 0.9759036144578314 0.017034068136272545 0.04216867469879518
4 0.8486973947895792 0.8493975903614458 0.017034068136272545 0.04066265060240964
4 0.8496993987975952 0.9518072289156626 0.017034068136272545 0.04066265060240964
4 0.6192384769539078 0.8493975903614458 0.01603206412825651 0.04216867469879518
0 0.5320641282565131 0.9322289156626506 0.1062124248496994 0.13253012048192772
4 0.2535070140280561 0.7771084337349398 0.05511022044088176 0.04216867469879518
4 0.33567134268537074 0.7786144578313253 0.05511022044088176 0.04216867469879518
4 0.31763527054108215 0.9698795180722891 0.017034068136272545 0.04216867469879518
4 0.8386773547094188 0.6445783132530121 0.05410821643286573 0.0391566265060241
4 0.591182364729459 0.6430722891566265 0.05410821643286573 0.0391566265060241
0 0.750501002004008 0.9254518072289156 0.11222444889779559 0.1460843373493976