1 0.33585313174946 0.1396103896103896 0.04427645788336933 0.03896103896103896
1 0.3304535637149028 0.09090909090909091 0.026997840172786176 0.022727272727272728
1 0.1652267818574514 0.12337662337662338 0.04319654427645788 0.03571428571428571
1 0.1587473002159827 0.0762987012987013 0.02591792656587473 0.021103896103896104
1 0.1673866090712743 0.030844155844155844 0.04319654427645788 0.03571428571428571
4 0.3801295896328294 0.22402597402597402 0.016198704103671708 0.04220779220779221
4 0.3542116630669546 0.2224025974025974 0.017278617710583154 0.04383116883116883
4 0.3099352051835853 0.25811688311688313 0.026997840172786176 0.024350649350649352
4 0.11663066954643629 0.26461038961038963 0.026997840172786176 0.025974025974025976
0 0.05993520518358531 0.11363636363636363 0.11771058315334773 0.22402597402597402
2 0.16414686825053995 0.2159090909090909 0.023758099352051837 0.060064935064935064
3 0.33585313174946 0.0349025974025974 0.06911447084233262 0.06655844155844155