1 0.2899590163934426 0.14615384615384616 0.042008196721311473 0.036923076923076927
1 0.2848360655737705 0.1 0.025614754098360656 0.021538461538461538
1 0.12807377049180327 0.13076923076923078 0.040983606557377046 0.033846153846153845
1 0.12192622950819672 0.08615384615384615 0.02459016393442623 0.02
1 0.13012295081967212 0.043076923076923075 0.040983606557377046 0.033846153846153845
1 0.12038934426229508 0.006923076923076923 0.025614754098360656 0.010769230769230769
4 0.3319672131147541 0.22615384615384615 0.015368852459016393 0.04
4 0.3073770491803279 0.2246153846153846 0.01639344262295082 0.04153846153846154
4 0.26536885245901637 0.25846153846153846 0.025614754098360656 0.023076923076923078
4 0.08196721311475409 0.26461538461538464 0.025614754098360656 0.024615384615384615
0 0.04252049180327869 0.11461538461538462 0.08299180327868852 0.22615384615384615
2 0.12704918032786885 0.21846153846153846 0.022540983606557378 0.05692307692307692
3 0.2899590163934426 0.04 0.06557377049180328 0.07692307692307693