1 0.7277542372881356 0.8439490445859873 0.04343220338983051 0.03821656050955414
1 0.7330508474576272 0.89171974522293 0.026483050847457626 0.022292993630573247
1 0.8951271186440678 0.8598726114649682 0.0423728813559322 0.03503184713375796
1 0.9014830508474576 0.9060509554140127 0.025423728813559324 0.020700636942675158
1 0.8930084745762712 0.9506369426751592 0.0423728813559322 0.03503184713375796
1 0.903072033898305 0.9904458598726115 0.026483050847457626 0.01592356687898089
4 0.684322033898305 0.7611464968152867 0.015889830508474576 0.041401273885350316
4 0.7097457627118644 0.7627388535031847 0.01694915254237288 0.042993630573248405
4 0.753177966101695 0.7277070063694268 0.026483050847457626 0.02388535031847134
4 0.9427966101694916 0.7213375796178344 0.026483050847457626 0.025477707006369428
0 0.9698093220338984 0.8789808917197452 0.05826271186440678 0.23885350318471338
2 0.8961864406779662 0.7691082802547771 0.023305084745762712 0.0589171974522293
3 0.7277542372881356 0.9562101910828026 0.06779661016949153 0.08439490445859872