1 0.059278350515463915 0.9914860681114551 0.027835051546391754 0.01393188854489164
1 0.15360824742268042 0.9040247678018576 0.01958762886597938 0.04024767801857585
1 0.18556701030927836 0.9055727554179567 0.01958762886597938 0.04179566563467492
1 0.22164948453608246 0.8003095975232198 0.02268041237113402 0.020123839009287926
1 0.2690721649484536 0.8003095975232198 0.021649484536082474 0.018575851393188854
4 0.22164948453608246 0.6749226006191951 0.02268041237113402 0.020123839009287926
4 0.2690721649484536 0.6749226006191951 0.02268041237113402 0.020123839009287926
4 0.01752577319587629 0.6873065015479877 0.013402061855670102 0.032507739938080496
4 0.03814432989690722 0.7538699690402477 0.013402061855670102 0.032507739938080496
4 0.2154639175257732 0.9071207430340558 0.01752577319587629 0.043343653250773995
4 0.01752577319587629 0.8188854489164087 0.013402061855670102 0.032507739938080496
2 0.013402061855670102 0.9643962848297214 0.01958762886597938 0.043343653250773995
2 0.10618556701030928 0.9210526315789473 0.03402061855670103 0.07120743034055728
2 0.06804123711340206 0.9195046439628483 0.03402061855670103 0.07120743034055728
1 0.1592783505154639 0.9744582043343654 0.13505154639175257 0.047987616099071206