1 0.8677083333333333 0.9122257053291536 0.019791666666666666 0.04075235109717868
1 0.8354166666666667 0.9137931034482759 0.019791666666666666 0.04231974921630094
1 0.7989583333333333 0.8072100313479624 0.022916666666666665 0.02037617554858934
1 0.7510416666666667 0.8072100313479624 0.021875 0.018808777429467086
4 0.7989583333333333 0.6802507836990596 0.022916666666666665 0.02037617554858934
4 0.7510416666666667 0.6802507836990596 0.022916666666666665 0.02037617554858934
4 0.984375 0.7601880877742947 0.013541666666666667 0.032915360501567396
4 0.8052083333333333 0.9153605015673981 0.017708333333333333 0.0438871473354232
2 0.915625 0.9294670846394985 0.034375 0.07210031347962383
2 0.9541666666666667 0.9278996865203761 0.034375 0.07210031347962383
1 0.8619791666666666 0.9788401253918495 0.13645833333333332 0.03918495297805643