1 0.877319587628866 0.15170278637770898 0.012371134020618556 0.032507739938080496
1 0.8577319587628865 0.08359133126934984 0.012371134020618556 0.032507739938080496
1 0.8340206185567011 0.08359133126934984 0.012371134020618556 0.032507739938080496
1 0.9463917525773196 0.2043343653250774 0.021649484536082474 0.018575851393188854
1 0.993298969072165 0.20510835913312694 0.01134020618556701 0.020123839009287926
1 0.6855670103092784 0.38544891640866874 0.013402061855670102 0.032507739938080496
1 0.845360824742268 0.38390092879256965 0.01134020618556701 0.030959752321981424
4 0.8824742268041237 0.43188854489164086 0.02268041237113402 0.020123839009287926
4 0.8804123711340206 0.4613003095975232 0.023711340206185566 0.018575851393188854
4 0.8804123711340206 0.49226006191950467 0.023711340206185566 0.021671826625386997
4 0.6216494845360825 0.4551083591331269 0.01443298969072165 0.034055727554179564
4 0.6577319587628866 0.4551083591331269 0.01443298969072165 0.034055727554179564
4 0.5907216494845361 0.005417956656346749 0.02268041237113402 0.010835913312693499
4 0.5907216494845361 0.043343653250773995 0.021649484536082474 0.018575851393188854
4 0.5907216494845361 0.29256965944272445 0.021649484536082474 0.018575851393188854
4 0.5896907216494846 0.33591331269349844 0.021649484536082474 0.018575851393188854
3 0.9134020618556701 0.30495356037151705 0.09484536082474226 0.15944272445820434
3 0.7989690721649485 0.20123839009287925 0.10206185567010309 0.13622291021671826
3 0.993298969072165 0.3088235294117647 0.01134020618556701 0.16253869969040247
0 0.954639175257732 0.04489164086687306 0.088659793814433 0.08978328173374613
1 0.7262886597938144 0.04953560371517028 0.13505154639175257 0.09907120743034056