1 0.34938524590163933 0.7892307692307692 0.02151639344262295 0.018461538461538463
1 0.30225409836065575 0.7892307692307692 0.0235655737704918 0.018461538461538463
1 0.26229508196721313 0.8953846153846153 0.01331967213114754 0.033846153846153845
1 0.05225409836065574 0.9553846153846154 0.012295081967213115 0.03230769230769231
1 0.07581967213114754 0.9553846153846154 0.012295081967213115 0.03230769230769231
1 0.006147540983606557 0.9553846153846154 0.010245901639344262 0.033846153846153845
1 0.028688524590163935 0.9553846153846154 0.012295081967213115 0.03230769230769231
4 0.10040983606557377 0.8076923076923077 0.01331967213114754 0.03230769230769231
4 0.10040983606557377 0.676923076923077 0.01331967213114754 0.03230769230769231
4 0.11987704918032786 0.7430769230769231 0.01331967213114754 0.03230769230769231
4 0.1557377049180328 0.9230769230769231 0.022540983606557378 0.018461538461538463
4 0.14344262295081966 0.9738461538461538 0.01331967213114754 0.033846153846153845
4 0.23770491803278687 0.8969230769230769 0.01331967213114754 0.02923076923076923
4 0.34938524590163933 0.6646153846153846 0.022540983606557378 0.02
4 0.30225409836065575 0.6646153846153846 0.0235655737704918 0.02
2 0.21311475409836064 0.8984615384615384 0.0194672131147541 0.038461538461538464
1 0.2464139344262295 0.9707692307692307 0.13422131147540983 0.055384615384615386