1 0.09631147540983606 0.14615384615384616 0.012295081967213115 0.03230769230769231
1 0.11577868852459017 0.07846153846153846 0.012295081967213115 0.03230769230769231
1 0.13934426229508196 0.07846153846153846 0.012295081967213115 0.03230769230769231
1 0.027663934426229508 0.19846153846153847 0.02151639344262295 0.018461538461538463
1 0.28688524590163933 0.37846153846153846 0.01331967213114754 0.03230769230769231
1 0.12807377049180327 0.3769230769230769 0.011270491803278689 0.03076923076923077
4 0.09118852459016394 0.4246153846153846 0.022540983606557378 0.02
4 0.0932377049180328 0.45384615384615384 0.0235655737704918 0.018461538461538463
4 0.0932377049180328 0.4846153846153846 0.0235655737704918 0.021538461538461538
4 0.35040983606557374 0.44769230769230767 0.014344262295081968 0.033846153846153845
4 0.3145491803278688 0.44769230769230767 0.014344262295081968 0.033846153846153845
4 0.38114754098360654 0.003076923076923077 0.022540983606557378 0.006153846153846154
4 0.38114754098360654 0.038461538461538464 0.02151639344262295 0.018461538461538463
4 0.38114754098360654 0.28615384615384615 0.02151639344262295 0.018461538461538463
4 0.382172131147541 0.3292307692307692 0.02151639344262295 0.018461538461538463
3 0.060450819672131145 0.29846153846153844 0.0942622950819672 0.15846153846153846
3 0.17418032786885246 0.19538461538461538 0.1014344262295082 0.13538461538461538
0 0.03227459016393443 0.04230769230769231 0.0625 0.08461538461538462
1 0.2464139344262295 0.04692307692307692 0.13422131147540983 0.09384615384615384