1 0.01443298969072165 0.15170278637770898 0.012371134020618556 0.032507739938080496
1 0.0577319587628866 0.08513931888544891 0.012371134020618556 0.032507739938080496
1 0.03402061855670103 0.08513931888544891 0.012371134020618556 0.032507739938080496
1 0.04536082474226804 0.38544891640866874 0.013402061855670102 0.032507739938080496
1 0.20515463917525772 0.38544891640866874 0.012371134020618556 0.034055727554179564
4 0.2711340206185567 0.38699690402476783 0.012371134020618556 0.032507739938080496
4 0.23402061855670103 0.38544891640866874 0.012371134020618556 0.030959752321981424
4 0.010824742268041237 0.49303405572755415 0.021649484536082474 0.02321981424148607
3 0.09381443298969072 0.20123839009287925 0.10206185567010309 0.13622291021671826
3 0.01443298969072165 0.3088235294117647 0.0288659793814433 0.16253869969040247
0 0.010309278350515464 0.4434984520123839 0.020618556701030927 0.06656346749226007
1 0.1592783505154639 0.047987616099071206 0.13505154639175257 0.09597523219814241
2 0.27010309278350514 0.4551083591331269 0.01958762886597938 0.04489164086687306
2 0.2268041237113402 0.4582043343653251 0.01958762886597938 0.04489164086687306