0 0.9878296146044625 0.9016768292682927 0.02231237322515213 0.19359756097560976
4 0.9594320486815415 0.6829268292682927 0.014198782961460446 0.03353658536585366
1 0.768762677484787 0.49847560975609756 0.04563894523326572 0.12347560975609756
1 0.8995943204868154 0.774390243902439 0.028397565922920892 0.027439024390243903
4 0.8985801217038539 0.864329268292683 0.02231237322515213 0.019817073170731708
4 0.8985801217038539 0.823170731707317 0.02231237322515213 0.019817073170731708
4 0.8985801217038539 0.9420731707317073 0.02129817444219067 0.019817073170731708
4 0.8975659229208925 0.9024390243902439 0.02129817444219067 0.019817073170731708
4 0.8975659229208925 0.9801829268292683 0.02231237322515213 0.021341463414634148
4 0.845841784989858 0.7987804878048781 0.013184584178498986 0.03201219512195122
4 0.8448275862068966 0.9009146341463414 0.02231237322515213 0.019817073170731708
4 0.845841784989858 0.864329268292683 0.02231237322515213 0.019817073170731708
4 0.6744421906693712 0.7987804878048781 0.013184584178498986 0.03353658536585366
4 0.8204868154158215 0.8003048780487805 0.013184584178498986 0.03353658536585366
4 0.795131845841785 0.8003048780487805 0.013184584178498986 0.03353658536585366
4 0.7515212981744422 0.7987804878048781 0.013184584178498986 0.03353658536585366
1 0.716024340770791 0.7972560975609756 0.013184584178498986 0.03353658536585366
1 0.6470588235294118 0.7957317073170732 0.013184584178498986 0.03201219512195122
1 0.5973630831643002 0.7957317073170732 0.018255578093306288 0.042682926829268296
0 0.6790060851926978 0.9474085365853658 0.1896551724137931 0.10213414634146341
4 0.6430020283975659 0.4878048780487805 0.04259634888438134 0.053353658536585365
1 0.5557809330628803 0.5609756097560976 0.02129817444219067 0.01676829268292683
1 0.4685598377281947 0.5990853658536586 0.02231237322515213 0.018292682926829267
0 0.5882352941176471 0.6661585365853658 0.0537525354969574 0.10060975609756098
1 0.46754563894523327 0.7942073170731707 0.02129817444219067 0.018292682926829267
1 0.46551724137931033 0.948170731707317 0.02231237322515213 0.018292682926829267
1 0.5172413793103449 0.9946646341463414 0.02636916835699797 0.007621951219512195