1 0.9936440677966102 0.5007961783439491 0.01059322033898305 0.10668789808917198
1 0.7182203389830508 0.46656050955414013 0.08792372881355932 0.07484076433121019
4 0.6027542372881356 0.410828025477707 0.045550847457627115 0.05732484076433121
1 0.684322033898305 0.34554140127388533 0.019067796610169493 0.041401273885350316
1 0.5773305084745762 0.32961783439490444 0.013771186440677966 0.03503184713375796
1 0.548728813559322 0.32961783439490444 0.013771186440677966 0.03662420382165605
4 0.4427966101694915 0.32802547770700635 0.023305084745762712 0.022292993630573247
1 0.4427966101694915 0.25955414012738853 0.023305084745762712 0.020700636942675158
4 0.5 0.09872611464968153 0.024364406779661018 0.01910828025477707
4 0.524364406779661 0.23248407643312102 0.014830508474576272 0.03662420382165605
4 0.551906779661017 0.23248407643312102 0.014830508474576272 0.03662420382165605
4 0.6069915254237288 0.2340764331210191 0.014830508474576272 0.03503184713375796
4 0.6324152542372882 0.2372611464968153 0.013771186440677966 0.03662420382165605
4 0.4978813559322034 0.17993630573248406 0.023305084745762712 0.020700636942675158
4 0.8569915254237288 0.3073248407643312 0.022245762711864406 0.020700636942675158
1 0.576271186440678 0.2340764331210191 0.013771186440677966 0.03343949044585987
1 0.684322033898305 0.2340764331210191 0.013771186440677966 0.03503184713375796
1 0.4343220338983051 0.08280254777070063 0.023305084745762712 0.020700636942675158
1 0.8103813559322034 0.2515923566878981 0.024364406779661018 0.022292993630573247
4 0.4978813559322034 0.13853503184713375 0.022245762711864406 0.020700636942675158
4 0.9194915254237288 0.3073248407643312 0.024364406779661018 0.022292993630573247
0 0.8930084745762712 0.18471337579617833 0.06885593220338983 0.1464968152866242
0 0.9888771186440678 0.04219745222929936 0.020127118644067795 0.08121019108280254
4 0.8951271186440678 0.044585987261146494 0.024364406779661018 0.020700636942675158
1 0.840042372881356 0.04617834394904458 0.024364406779661018 0.020700636942675158
0 0.6673728813559322 0.06369426751592357 0.19703389830508475 0.12420382165605096
1 0.9173728813559322 0.37420382165605093 0.03177966101694915 0.03184713375796178
1 0.8548728813559322 0.37420382165605093 0.025423728813559324 0.02388535031847134