4 0.9731958762886598 0.32507739938080493 0.01443298969072165 0.034055727554179564
1 0.7793814432989691 0.5123839009287926 0.04639175257731959 0.12538699690402477
1 0.9123711340206185 0.23219814241486067 0.0288659793814433 0.02786377708978328
4 0.911340206185567 0.14086687306501547 0.02268041237113402 0.020123839009287926
4 0.911340206185567 0.1826625386996904 0.02268041237113402 0.020123839009287926
4 0.911340206185567 0.06191950464396285 0.021649484536082474 0.020123839009287926
4 0.9103092783505154 0.1021671826625387 0.021649484536082474 0.020123839009287926
4 0.9103092783505154 0.02321981424148607 0.02268041237113402 0.021671826625386997
4 0.8577319587628865 0.20743034055727555 0.013402061855670102 0.032507739938080496
4 0.856701030927835 0.10371517027863777 0.02268041237113402 0.020123839009287926
4 0.8577319587628865 0.14086687306501547 0.02268041237113402 0.020123839009287926
4 0.6835051546391753 0.20743034055727555 0.013402061855670102 0.034055727554179564
4 0.831958762886598 0.20588235294117646 0.013402061855670102 0.034055727554179564
4 0.8061855670103093 0.20588235294117646 0.013402061855670102 0.034055727554179564
4 0.7618556701030927 0.20743034055727555 0.013402061855670102 0.034055727554179564
1 0.7257731958762886 0.2089783281733746 0.013402061855670102 0.034055727554179564
1 0.6556701030927835 0.21052631578947367 0.013402061855670102 0.032507739938080496
1 0.6051546391752577 0.21052631578947367 0.018556701030927835 0.043343653250773995
0 0.6876288659793814 0.05417956656346749 0.19175257731958764 0.10835913312693499
4 0.6515463917525773 0.5232198142414861 0.04329896907216495 0.05417956656346749
1 0.5628865979381443 0.44891640866873067 0.021649484536082474 0.017027863777089782
1 0.4742268041237113 0.4102167182662539 0.02268041237113402 0.018575851393188854
0 0.5958762886597938 0.34210526315789475 0.05463917525773196 0.1021671826625387
1 0.4731958762886598 0.21207430340557276 0.021649484536082474 0.018575851393188854
1 0.4711340206185567 0.05572755417956656 0.02268041237113402 0.018575851393188854
1 0.5231958762886598 0.006191950464396285 0.02577319587628866 0.01238390092879257