0 0.3977754237288136 0.9928343949044586 0.18114406779661016 0.011146496815286623
1 0.17796610169491525 0.9745222929936306 0.023305084745762712 0.01910828025477707
4 0.2097457627118644 0.7722929936305732 0.023305084745762712 0.020700636942675158
4 0.2097457627118644 0.8805732484076433 0.023305084745762712 0.020700636942675158
4 0.2108050847457627 0.8280254777070064 0.023305084745762712 0.020700636942675158
4 0.4533898305084746 0.6656050955414012 0.024364406779661018 0.020700636942675158
4 0.4533898305084746 0.7213375796178344 0.024364406779661018 0.020700636942675158
1 0.5042372881355932 0.39490445859872614 0.06885593220338983 0.06687898089171974
0 0.06567796610169492 0.9060509554140127 0.1292372881355932 0.18471337579617833
1 0.011652542372881356 0.7356687898089171 0.012711864406779662 0.03343949044585987
3 0.04766949152542373 0.6878980891719745 0.020127118644067795 0.042993630573248405
1 0.0836864406779661 0.6910828025477707 0.019067796610169493 0.042993630573248405
4 0.1472457627118644 0.6894904458598726 0.013771186440677966 0.03503184713375796
1 0.1281779661016949 0.5 0.1059322033898305 0.09554140127388536
0 0.3665254237288136 0.7627388535031847 0.0826271186440678 0.15764331210191082