0 0.42038539553752535 0.9847560975609756 0.17342799188640973 0.027439024390243903
1 0.2099391480730223 0.9588414634146342 0.02231237322515213 0.018292682926829267
4 0.24036511156186613 0.7652439024390244 0.02231237322515213 0.019817073170731708
4 0.24036511156186613 0.8689024390243902 0.02231237322515213 0.019817073170731708
4 0.2413793103448276 0.8185975609756098 0.02231237322515213 0.019817073170731708
4 0.473630831643002 0.663109756097561 0.02332657200811359 0.019817073170731708
4 0.473630831643002 0.7164634146341463 0.02332657200811359 0.019817073170731708
1 0.5223123732251521 0.40396341463414637 0.06592292089249494 0.06402439024390244
0 0.08265720081135902 0.9016768292682927 0.16328600405679514 0.19359756097560976
1 0.05070993914807302 0.7301829268292683 0.012170385395537525 0.03201219512195122
3 0.08519269776876268 0.6844512195121951 0.019269776876267748 0.041158536585365856
1 0.11967545638945233 0.6875 0.018255578093306288 0.041158536585365856
4 0.0035496957403651115 0.6836890243902439 0.005070993914807302 0.0350609756097561
4 0.18052738336713997 0.6859756097560976 0.013184584178498986 0.03353658536585366
1 0.16227180527383367 0.5045731707317073 0.10141987829614604 0.09146341463414634
1 0.02129817444219067 0.5 0.04056795131845842 0.07317073170731707
0 0.39046653144016225 0.7560975609756098 0.07910750507099391 0.15091463414634146