4 0.13029661016949154 0.5414012738853503 0.024364406779661018 0.01910828025477707
4 0.2044491525423729 0.5445859872611465 0.024364406779661018 0.020700636942675158
4 0.01694915254237288 0.20063694267515925 0.013771186440677966 0.03503184713375796
4 0.04343220338983051 0.20222929936305734 0.013771186440677966 0.03503184713375796
1 0.10805084745762712 0.20063694267515925 0.013771186440677966 0.03343949044585987
3 0.3061440677966102 0.22929936305732485 0.037076271186440676 0.06687898089171974
1 0.388771186440678 0.2054140127388535 0.024364406779661018 0.020700636942675158
1 0.4427966101694915 0.2054140127388535 0.023305084745762712 0.01910828025477707
0 0.3972457627118644 0.030254777070063694 0.18008474576271186 0.05732484076433121
4 0.2065677966101695 0.027070063694267517 0.023305084745762712 0.020700636942675158
0 0.06514830508474577 0.041401273885350316 0.1281779661016949 0.07961783439490445
4 0.06991525423728813 0.20222929936305734 0.013771186440677966 0.03503184713375796