0 0.9888771186440678 0.9060509554140127 0.020127118644067795 0.18471337579617833
4 0.9608050847457628 0.6863057324840764 0.014830508474576272 0.03503184713375796
1 0.7616525423728814 0.49363057324840764 0.04766949152542373 0.12898089171974522
1 0.8983050847457628 0.7818471337579618 0.029661016949152543 0.028662420382165606
4 0.8972457627118644 0.8757961783439491 0.023305084745762712 0.020700636942675158
4 0.8972457627118644 0.8328025477707006 0.023305084745762712 0.020700636942675158
4 0.8972457627118644 0.9570063694267515 0.022245762711864406 0.020700636942675158
4 0.8961864406779662 0.9156050955414012 0.022245762711864406 0.020700636942675158
4 0.8961864406779662 0.9912420382165605 0.025423728813559324 0.014331210191082803
4 0.8421610169491526 0.8073248407643312 0.013771186440677966 0.03343949044585987
4 0.8411016949152542 0.9140127388535032 0.023305084745762712 0.020700636942675158
4 0.8421610169491526 0.8757961783439491 0.023305084745762712 0.020700636942675158
4 0.663135593220339 0.8073248407643312 0.013771186440677966 0.03503184713375796
4 0.815677966101695 0.8089171974522293 0.013771186440677966 0.03503184713375796
4 0.7891949152542372 0.8089171974522293 0.013771186440677966 0.03503184713375796
4 0.7436440677966102 0.8073248407643312 0.013771186440677966 0.03503184713375796
1 0.7065677966101694 0.8057324840764332 0.013771186440677966 0.03503184713375796
1 0.6345338983050848 0.804140127388535 0.013771186440677966 0.03343949044585987
1 0.5826271186440678 0.804140127388535 0.019067796610169493 0.044585987261146494
0 0.6679025423728814 0.9538216560509554 0.19809322033898305 0.08917197452229299
4 0.6302966101694916 0.482484076433121 0.04449152542372881 0.05573248407643312
1 0.5391949152542372 0.5589171974522293 0.022245762711864406 0.01751592356687898
1 0.4480932203389831 0.5987261146496815 0.023305084745762712 0.01910828025477707
0 0.573093220338983 0.6687898089171974 0.05614406779661017 0.10509554140127389
1 0.4470338983050847 0.802547770700637 0.022245762711864406 0.01910828025477707
1 0.4449152542372881 0.9633757961783439 0.023305084745762712 0.01910828025477707