1 0.6869565217391305 0.8366013071895425 0.015217391304347827 0.014705882352941176
1 0.6869565217391305 0.8104575163398693 0.016304347826086956 0.014705882352941176
1 0.7326086956521739 0.7663398692810458 0.009782608695652175 0.021241830065359478
1 0.6380434782608696 0.9705882352941176 0.009782608695652175 0.021241830065359478
1 0.6597826086956522 0.8676470588235294 0.009782608695652175 0.021241830065359478
1 0.7043478260869566 0.954248366013072 0.015217391304347827 0.014705882352941176
1 0.7054347826086956 0.9248366013071896 0.016304347826086956 0.014705882352941176
1 0.6880434782608695 0.7826797385620915 0.016304347826086956 0.014705882352941176
1 0.5771739130434783 0.869281045751634 0.015217391304347827 0.014705882352941176
1 0.6130434782608696 0.869281045751634 0.016304347826086956 0.014705882352941176
1 0.5532608695652174 0.7647058823529411 0.016304347826086956 0.014705882352941176
1 0.717391304347826 0.7140522875816994 0.029347826086956522 0.029411764705882353
1 0.8108695652173913 0.630718954248366 0.02282608695652174 0.0196078431372549
1 0.8630434782608696 0.7826797385620915 0.016304347826086956 0.014705882352941176
1 0.8619565217391304 0.7516339869281046 0.014130434782608696 0.014705882352941176
1 0.8619565217391304 0.7254901960784313 0.014130434782608696 0.014705882352941176
1 0.825 0.7810457516339869 0.015217391304347827 0.014705882352941176
1 0.7206521739130435 0.5686274509803921 0.02826086956521739 0.027777777777777776
1 0.9934782608695653 0.988562091503268 0.013043478260869565 0.0196078431372549
1 0.7152173913043478 0.6650326797385621 0.04456521739130435 0.0392156862745098
4 0.8532608695652174 0.5931372549019608 0.009782608695652175 0.024509803921568627
4 0.8728260869565218 0.5931372549019608 0.009782608695652175 0.024509803921568627
4 0.9021739130434783 0.9950980392156863 0.017391304347826087 0.006535947712418301
4 0.7543478260869565 0.9509803921568627 0.016304347826086956 0.014705882352941176
4 0.5869565217391305 0.826797385620915 0.010869565217391304 0.026143790849673203
4 0.6043478260869565 0.8284313725490197 0.009782608695652175 0.024509803921568627
4 0.6663043478260869 0.9869281045751634 0.016304347826086956 0.014705882352941176
4 0.6554347826086957 0.934640522875817 0.010869565217391304 0.024509803921568627
4 0.675 0.9395424836601307 0.014130434782608696 0.03431372549019608
4 0.8184782608695652 0.9330065359477124 0.010869565217391304 0.026143790849673203
4 0.8369565217391305 0.9313725490196079 0.009782608695652175 0.024509803921568627
4 0.5532608695652174 0.7924836601307189 0.016304347826086956 0.013071895424836602
4 0.7423913043478261 0.826797385620915 0.009782608695652175 0.026143790849673203
4 0.7923913043478261 0.8774509803921569 0.009782608695652175 0.02287581699346405
4 0.866304347826087 0.8464052287581699 0.02282608695652174 0.021241830065359478
4 0.8217391304347826 0.8464052287581699 0.02282608695652174 0.021241830065359478
4 0.8228260869565217 0.8120915032679739 0.02282608695652174 0.021241830065359478
4 0.866304347826087 0.8104575163398693 0.02282608695652174 0.021241830065359478
4 0.8554347826086957 0.9330065359477124 0.009782608695652175 0.024509803921568627
4 0.8739130434782608 0.9330065359477124 0.009782608695652175 0.024509803921568627
4 0.8119565217391305 0.5947712418300654 0.02391304347826087 0.021241830065359478
4 0.7152173913043478 0.6094771241830066 0.016304347826086956 0.014705882352941176
4 0.6347826086956522 0.6143790849673203 0.016304347826086956 0.014705882352941176
4 0.6739130434782609 0.48366013071895425 0.02391304347826087 0.06535947712418301
2 0.616304347826087 0.5081699346405228 0.03695652173913044 0.03431372549019608
3 0.6076086956521739 0.7058823529411765 0.015217391304347827 0.03758169934640523
3 0.6065217391304348 0.5702614379084967 0.015217391304347827 0.03758169934640523
0 0.6347826086956522 0.6699346405228758 0.02391304347826087 0.026143790849673203
3 0.8097826086956522 0.738562091503268 0.035869565217391305 0.0392156862745098
0 0.8641304347826086 0.673202614379085 0.030434782608695653 0.06699346405228758
0 0.6880434782608695 0.8774509803921569 0.030434782608695653 0.0457516339869281
0 0.7869565217391304 0.9918300653594772 0.06086956521739131 0.013071895424836602
2 0.758695652173913 0.8725490196078431 0.041304347826086954 0.027777777777777776
2 0.7695652173913043 0.6911764705882353 0.042391304347826085 0.029411764705882353
5 0.7673913043478261 0.7598039215686274 0.030434782608695653 0.029411764705882353
5 0.7804347826086957 0.8202614379084967 0.01847826086956522 0.049019607843137254