1 0.3628865979381443 0.8560371517027864 0.01443298969072165 0.01393188854489164
1 0.3628865979381443 0.8312693498452013 0.015463917525773196 0.01393188854489164
1 0.31958762886597936 0.7894736842105263 0.009278350515463918 0.020123839009287926
1 0.4092783505154639 0.9829721362229102 0.009278350515463918 0.020123839009287926
1 0.388659793814433 0.8854489164086687 0.009278350515463918 0.020123839009287926
1 0.3463917525773196 0.9674922600619195 0.01443298969072165 0.01393188854489164
1 0.34536082474226804 0.9396284829721362 0.015463917525773196 0.01393188854489164
1 0.3618556701030928 0.804953560371517 0.015463917525773196 0.01393188854489164
1 0.4670103092783505 0.8869969040247678 0.01443298969072165 0.01393188854489164
1 0.4329896907216495 0.8869969040247678 0.015463917525773196 0.01393188854489164
1 0.4896907216494845 0.7879256965944272 0.015463917525773196 0.01393188854489164
1 0.334020618556701 0.739938080495356 0.027835051546391754 0.02786377708978328
1 0.24536082474226803 0.6609907120743034 0.021649484536082474 0.018575851393188854
1 0.1958762886597938 0.804953560371517 0.015463917525773196 0.01393188854489164
1 0.19690721649484536 0.7755417956656346 0.013402061855670102 0.01393188854489164
1 0.19690721649484536 0.7507739938080495 0.013402061855670102 0.01393188854489164
1 0.23195876288659795 0.8034055727554179 0.01443298969072165 0.01393188854489164
1 0.3309278350515464 0.6021671826625387 0.026804123711340205 0.02631578947368421
1 0.020103092783505156 0.9969040247678018 0.01134020618556701 0.0030959752321981426
1 0.06649484536082474 0.9945820433436533 0.02577319587628866 0.007739938080495356
1 0.33608247422680415 0.6934984520123839 0.042268041237113405 0.03715170278637771
4 0.20515463917525772 0.6253869969040248 0.009278350515463918 0.02321981424148607
4 0.1865979381443299 0.6253869969040248 0.009278350515463918 0.02321981424148607
4 0.29896907216494845 0.9643962848297214 0.015463917525773196 0.01393188854489164
4 0.4577319587628866 0.846749226006192 0.010309278350515464 0.02476780185758514
4 0.44123711340206184 0.848297213622291 0.009278350515463918 0.02321981424148607
4 0.3829896907216495 0.9945820433436533 0.01752577319587629 0.007739938080495356
4 0.39278350515463917 0.9489164086687306 0.010309278350515464 0.02321981424148607
4 0.37422680412371134 0.9535603715170279 0.013402061855670102 0.032507739938080496
4 0.2381443298969072 0.9473684210526315 0.010309278350515464 0.02476780185758514
4 0.22061855670103092 0.9458204334365325 0.009278350515463918 0.02321981424148607
4 0.4896907216494845 0.8142414860681114 0.015463917525773196 0.01238390092879257
4 0.31030927835051547 0.846749226006192 0.009278350515463918 0.02476780185758514
4 0.26288659793814434 0.8947368421052632 0.009278350515463918 0.021671826625386997
4 0.19278350515463918 0.8653250773993808 0.021649484536082474 0.020123839009287926
4 0.23505154639175257 0.8653250773993808 0.021649484536082474 0.020123839009287926
4 0.23402061855670103 0.8328173374613003 0.021649484536082474 0.020123839009287926
4 0.19278350515463918 0.8312693498452013 0.021649484536082474 0.020123839009287926
4 0.20309278350515464 0.9473684210526315 0.009278350515463918 0.02321981424148607
4 0.18556701030927836 0.9473684210526315 0.009278350515463918 0.02321981424148607
4 0.2443298969072165 0.6269349845201239 0.02268041237113402 0.020123839009287926
4 0.33608247422680415 0.6408668730650154 0.015463917525773196 0.01393188854489164
4 0.41237113402061853 0.6455108359133127 0.015463917525773196 0.01393188854489164
4 0.3752577319587629 0.521671826625387 0.02268041237113402 0.06191950464396285
4 0.05463917525773196 0.5727554179566563 0.013402061855670102 0.03560371517027864
2 0.4298969072164949 0.544891640866873 0.03505154639175258 0.032507739938080496
3 0.4381443298969072 0.7321981424148607 0.01443298969072165 0.03560371517027864
3 0.43917525773195876 0.6037151702786377 0.01443298969072165 0.03560371517027864
0 0.41237113402061853 0.6981424148606811 0.02268041237113402 0.02476780185758514
3 0.2463917525773196 0.7631578947368421 0.03402061855670103 0.03715170278637771
0 0.19484536082474227 0.7012383900928792 0.0288659793814433 0.06346749226006192
0 0.3618556701030928 0.8947368421052632 0.0288659793814433 0.043343653250773995
2 0.2948453608247423 0.8900928792569659 0.03917525773195876 0.02631578947368421
2 0.2845360824742268 0.718266253869969 0.04020618556701031 0.02786377708978328
5 0.2865979381443299 0.7832817337461301 0.0288659793814433 0.02786377708978328
5 0.27422680412371137 0.8405572755417957 0.01752577319587629 0.04643962848297214