1 0.680379746835443 0.3449367088607595 0.015822784810126583 0.014240506329113924
1 0.560126582278481 0.27848101265822783 0.015822784810126583 0.015822784810126583
1 0.560126582278481 0.25316455696202533 0.014767932489451477 0.014240506329113924
1 0.5875527426160337 0.26582278481012656 0.010548523206751054 0.023734177215189875
1 0.5780590717299579 0.22626582278481014 0.014767932489451477 0.014240506329113924
1 0.6149789029535865 0.10443037974683544 0.010548523206751054 0.023734177215189875
1 0.6814345991561181 0.10443037974683544 0.010548523206751054 0.023734177215189875
1 0.70042194092827 0.10284810126582279 0.008438818565400843 0.022151898734177215
1 0.7320675105485233 0.11708860759493671 0.015822784810126583 0.012658227848101266
1 0.7584388185654009 0.14556962025316456 0.010548523206751054 0.02531645569620253
1 0.7589662447257384 0.004746835443037975 0.011603375527426161 0.006329113924050633
1 0.6054852320675106 0.05063291139240506 0.00949367088607595 0.020569620253164556
1 0.5611814345991561 0.05221518987341772 0.014767932489451477 0.014240506329113924
1 0.5611814345991561 0.02689873417721519 0.015822784810126583 0.014240506329113924
1 0.739451476793249 0.08069620253164557 0.04219409282700422 0.0379746835443038
4 0.709915611814346 0.3670886075949367 0.00949367088607595 0.023734177215189875
4 0.7278481012658228 0.3560126582278481 0.00949367088607595 0.023734177215189875
4 0.7710970464135021 0.34335443037974683 0.014767932489451477 0.014240506329113924
4 0.7710970464135021 0.26582278481012656 0.015822784810126583 0.012658227848101266
4 0.7710970464135021 0.18670886075949367 0.015822784810126583 0.014240506329113924
4 0.8016877637130801 0.13291139240506328 0.010548523206751054 0.023734177215189875
4 0.5580168776371308 0.08386075949367089 0.015822784810126583 0.012658227848101266
4 0.5970464135021097 0.10443037974683544 0.010548523206751054 0.022151898734177215
4 0.6223628691983122 0.05063291139240506 0.010548523206751054 0.022151898734177215
4 0.7415611814345991 0.004746835443037975 0.010548523206751054 0.006329113924050633
4 0.7763713080168776 0.003955696202531646 0.010548523206751054 0.004746835443037975
4 0.8069620253164557 0.023734177215189875 0.015822784810126583 0.012658227848101266
4 0.5843881856540084 0.33860759493670883 0.00949367088607595 0.023734177215189875
4 0.6012658227848101 0.3401898734177215 0.00949367088607595 0.023734177215189875
4 0.9926160337552743 0.12104430379746836 0.012658227848101266 0.03639240506329114
0 0.695675105485232 0.00949367088607595 0.0580168776371308 0.015822784810126583
0 0.6729957805907173 0.2310126582278481 0.12236286919831224 0.185126582278481
0 0.5643459915611815 0.16139240506329114 0.05907172995780591 0.09177215189873418
2 0.8069620253164557 0.20411392405063292 0.013713080168776372 0.03481012658227848
2 0.8080168776371308 0.3575949367088608 0.013713080168776372 0.03481012658227848
2 0.8080168776371308 0.2800632911392405 0.013713080168776372 0.03481012658227848