1 0.7827868852459017 0.8784615384615385 0.015368852459016393 0.013846153846153847
1 0.7838114754098361 0.8369230769230769 0.01639344262295082 0.013846153846153847
1 0.7120901639344263 0.96 0.009221311475409836 0.024615384615384615
1 0.7397540983606558 0.9584615384615385 0.009221311475409836 0.023076923076923078
1 0.7827868852459017 0.8584615384615385 0.01639344262295082 0.013846153846153847
1 0.7540983606557377 0.8738461538461538 0.009221311475409836 0.023076923076923078
1 0.625 0.683076923076923 0.014344262295081968 0.036923076923076927
1 0.6444672131147541 0.6476923076923077 0.010245901639344262 0.026153846153846153
1 0.6475409836065574 0.5123076923076924 0.015368852459016393 0.012307692307692308
1 0.5911885245901639 0.68 0.01639344262295082 0.012307692307692308
1 0.5532786885245902 0.536923076923077 0.01639344262295082 0.013846153846153847
1 0.9508196721311475 0.6230769230769231 0.010245901639344262 0.024615384615384615
1 0.9641393442622951 0.6230769230769231 0.009221311475409836 0.024615384615384615
1 0.9815573770491803 0.6246153846153846 0.015368852459016393 0.036923076923076927
1 0.9415983606557377 0.7661538461538462 0.010245901639344262 0.026153846153846153
1 0.9918032786885246 0.4938461538461538 0.009221311475409836 0.023076923076923078
1 0.680327868852459 0.4230769230769231 0.010245901639344262 0.024615384615384615
1 0.6588114754098361 0.42 0.015368852459016393 0.038461538461538464
1 0.7295081967213115 0.40615384615384614 0.015368852459016393 0.013846153846153847
0 0.7940573770491803 0.6169230769230769 0.22336065573770492 0.33384615384615385
4 0.9866803278688525 0.7492307692307693 0.018442622950819672 0.015384615384615385
4 0.5471311475409836 0.7984615384615384 0.018442622950819672 0.015384615384615385
4 0.5461065573770492 0.82 0.018442622950819672 0.015384615384615385
4 0.5461065573770492 0.84 0.018442622950819672 0.015384615384615385
4 0.5409836065573771 0.6646153846153846 0.015368852459016393 0.015384615384615385
4 0.5389344262295082 0.7215384615384616 0.01639344262295082 0.015384615384615385
4 0.5881147540983607 0.7384615384615385 0.017418032786885244 0.015384615384615385
4 0.6127049180327869 0.556923076923077 0.017418032786885244 0.013846153846153847
4 0.617827868852459 0.5338461538461539 0.017418032786885244 0.015384615384615385
4 0.5338114754098361 0.6384615384615384 0.01639344262295082 0.013846153846153847
4 0.569672131147541 0.6369230769230769 0.017418032786885244 0.013846153846153847
4 0.5911885245901639 0.556923076923077 0.010245901639344262 0.024615384615384615
4 0.5471311475409836 0.9446153846153846 0.018442622950819672 0.015384615384615385
4 0.5471311475409836 0.9661538461538461 0.018442622950819672 0.015384615384615385
4 0.5471311475409836 0.9876923076923076 0.018442622950819672 0.015384615384615385
4 0.6721311475409836 0.943076923076923 0.018442622950819672 0.015384615384615385
4 0.5471311475409836 0.8615384615384616 0.018442622950819672 0.015384615384615385
4 0.5461065573770492 0.8815384615384615 0.018442622950819672 0.015384615384615385
4 0.5461065573770492 0.9046153846153846 0.018442622950819672 0.015384615384615385
4 0.5461065573770492 0.9246153846153846 0.018442622950819672 0.015384615384615385
4 0.9866803278688525 0.7707692307692308 0.018442622950819672 0.015384615384615385
4 0.7397540983606558 0.8753846153846154 0.010245901639344262 0.026153846153846153
4 0.7540983606557377 0.9338461538461539 0.010245901639344262 0.024615384615384615
4 0.8206967213114754 0.8584615384615385 0.01639344262295082 0.016923076923076923
4 0.5471311475409836 0.7569230769230769 0.018442622950819672 0.015384615384615385
4 0.5471311475409836 0.7769230769230769 0.018442622950819672 0.015384615384615385
4 0.9661885245901639 0.5646153846153846 0.010245901639344262 0.027692307692307693
4 0.951844262295082 0.556923076923077 0.009221311475409836 0.026153846153846153
4 0.9713114754098361 0.5015384615384615 0.010245901639344262 0.024615384615384615
4 0.9590163934426229 0.4676923076923077 0.017418032786885244 0.015384615384615385
4 0.9907786885245902 0.4584615384615385 0.017418032786885244 0.015384615384615385
4 0.9661885245901639 0.7076923076923077 0.017418032786885244 0.015384615384615385
4 0.6413934426229508 0.9961538461538462 0.02663934426229508 0.004615384615384616
5 0.7059426229508197 0.9184615384615384 0.012295081967213115 0.038461538461538464
5 0.6741803278688525 0.8769230769230769 0.0235655737704918 0.018461538461538463
5 0.7110655737704918 0.8646153846153846 0.0235655737704918 0.018461538461538463