1 0.012295081967213115 0.6169230769230769 0.009221311475409836 0.023076923076923078
1 0.006147540983606557 0.6584615384615384 0.009221311475409836 0.023076923076923078
1 0.006147540983606557 0.74 0.010245901639344262 0.026153846153846153
1 0.25614754098360654 0.7923076923076923 0.009221311475409836 0.024615384615384615
1 0.22131147540983606 0.7061538461538461 0.009221311475409836 0.024615384615384615
1 0.23565573770491804 0.7061538461538461 0.009221311475409836 0.024615384615384615
1 0.2530737704918033 0.7107692307692308 0.014344262295081968 0.036923076923076927
1 0.22745901639344263 0.7923076923076923 0.009221311475409836 0.024615384615384615
1 0.24180327868852458 0.7923076923076923 0.009221311475409836 0.024615384615384615
1 0.06454918032786885 0.9553846153846154 0.009221311475409836 0.024615384615384615
1 0.07889344262295082 0.9553846153846154 0.009221311475409836 0.024615384615384615
0 0.11168032786885246 0.6938461538461539 0.13729508196721313 0.4338461538461538
4 0.011270491803278689 0.42923076923076925 0.020491803278688523 0.015384615384615385
4 0.05327868852459016 0.40615384615384614 0.017418032786885244 0.013846153846153847
4 0.22745901639344263 0.64 0.009221311475409836 0.024615384615384615
4 0.1444672131147541 0.4369230769230769 0.01331967213114754 0.03538461538461538
4 0.0860655737704918 0.9892307692307692 0.02663934426229508 0.018461538461538463
4 0.12090163934426229 0.9692307692307692 0.02459016393442623 0.021538461538461538