1 0.29098360655737704 0.17846153846153845 0.015368852459016393 0.013846153846153847
1 0.29098360655737704 0.15384615384615385 0.01639344262295082 0.013846153846153847
1 0.15163934426229508 0.3323076923076923 0.009221311475409836 0.024615384615384615
1 0.2223360655737705 0.1723076923076923 0.009221311475409836 0.024615384615384615
1 0.17520491803278687 0.5861538461538461 0.009221311475409836 0.024615384615384615
1 0.1168032786885246 0.33692307692307694 0.01331967213114754 0.036923076923076927
1 0.17725409836065573 0.17384615384615384 0.012295081967213115 0.036923076923076927
1 0.1362704918032787 0.33692307692307694 0.01331967213114754 0.036923076923076927
1 0.20901639344262296 0.17384615384615384 0.009221311475409836 0.024615384615384615
1 0.19569672131147542 0.1723076923076923 0.009221311475409836 0.024615384615384615
1 0.4108606557377049 0.2784615384615385 0.01331967213114754 0.038461538461538464
1 0.39344262295081966 0.2907692307692308 0.009221311475409836 0.024615384615384615
1 0.16598360655737704 0.42923076923076925 0.009221311475409836 0.024615384615384615
1 0.2182377049180328 0.5738461538461539 0.04815573770491803 0.04
1 0.31864754098360654 0.58 0.025614754098360656 0.023076923076923078
1 0.2305327868852459 0.5353846153846153 0.015368852459016393 0.013846153846153847
1 0.2305327868852459 0.5153846153846153 0.01639344262295082 0.013846153846153847
1 0.3114754098360656 0.49230769230769234 0.015368852459016393 0.013846153846153847
1 0.3831967213114754 0.48 0.015368852459016393 0.015384615384615385
1 0.3135245901639344 0.5538461538461539 0.015368852459016393 0.013846153846153847
1 0.3135245901639344 0.5323076923076923 0.01639344262295082 0.013846153846153847
1 0.5174180327868853 0.47384615384615386 0.015368852459016393 0.013846153846153847
1 0.5174180327868853 0.44461538461538463 0.01639344262295082 0.013846153846153847
1 0.5174180327868853 0.42153846153846153 0.015368852459016393 0.013846153846153847
1 0.5174180327868853 0.39384615384615385 0.01639344262295082 0.013846153846153847
1 0.48155737704918034 0.33076923076923076 0.015368852459016393 0.013846153846153847
1 0.48155737704918034 0.3030769230769231 0.01639344262295082 0.013846153846153847
1 0.4334016393442623 0.3523076923076923 0.015368852459016393 0.013846153846153847
1 0.4323770491803279 0.33076923076923076 0.01639344262295082 0.013846153846153847
1 0.15163934426229508 0.4307692307692308 0.009221311475409836 0.024615384615384615
1 0.13934426229508196 0.4307692307692308 0.009221311475409836 0.024615384615384615
1 0.3790983606557377 0.3030769230769231 0.009221311475409836 0.024615384615384615
1 0.36577868852459017 0.3030769230769231 0.009221311475409836 0.024615384615384615
1 0.3862704918032787 0.20153846153846153 0.01639344262295082 0.013846153846153847
1 0.4415983606557377 0.19384615384615383 0.01331967213114754 0.038461538461538464
1 0.46311475409836067 0.20307692307692307 0.009221311475409836 0.024615384615384615
1 0.2725409836065574 0.12 0.02459016393442623 0.02
2 0.06557377049180328 0.5123076923076924 0.014344262295081968 0.03538461538461538
2 0.06659836065573771 0.5707692307692308 0.014344262295081968 0.03538461538461538
0 0.45184426229508196 0.45076923076923076 0.0194672131147541 0.046153846153846156
0 0.26434426229508196 0.3384615384615385 0.13934426229508196 0.2076923076923077
4 0.06352459016393443 0.6230769230769231 0.01639344262295082 0.013846153846153847
4 0.1096311475409836 0.49230769230769234 0.010245901639344262 0.026153846153846153
4 0.0860655737704918 0.4430769230769231 0.010245901639344262 0.024615384615384615
4 0.1096311475409836 0.4461538461538462 0.010245901639344262 0.024615384615384615
4 0.47540983606557374 0.20153846153846153 0.009221311475409836 0.021538461538461538
4 0.3862704918032787 0.22 0.01639344262295082 0.013846153846153847
4 0.4692622950819672 0.5153846153846153 0.015368852459016393 0.015384615384615385
4 0.4692622950819672 0.4876923076923077 0.01639344262295082 0.013846153846153847
4 0.4692622950819672 0.5676923076923077 0.015368852459016393 0.015384615384615385
4 0.4692622950819672 0.5415384615384615 0.01639344262295082 0.013846153846153847
4 0.26024590163934425 0.5261538461538462 0.01639344262295082 0.015384615384615385
4 0.14241803278688525 0.48615384615384616 0.015368852459016393 0.015384615384615385
4 0.14241803278688525 0.4646153846153846 0.01639344262295082 0.013846153846153847
4 0.14241803278688525 0.5338461538461539 0.015368852459016393 0.015384615384615385
4 0.14344262295081966 0.5107692307692308 0.01639344262295082 0.013846153846153847
4 0.38114754098360654 0.43846153846153846 0.015368852459016393 0.015384615384615385
4 0.382172131147541 0.41846153846153844 0.01639344262295082 0.013846153846153847
4 0.4262295081967213 0.5676923076923077 0.015368852459016393 0.015384615384615385
4 0.4262295081967213 0.5430769230769231 0.01639344262295082 0.013846153846153847
4 0.42520491803278687 0.5153846153846153 0.015368852459016393 0.015384615384615385
4 0.42520491803278687 0.4907692307692308 0.01639344262295082 0.013846153846153847
4 0.1567622950819672 0.23076923076923078 0.010245901639344262 0.026153846153846153
4 0.06352459016393443 0.43846153846153846 0.020491803278688523 0.04461538461538461
4 0.21618852459016394 0.12 0.02971311475409836 0.03076923076923077
4 0.1403688524590164 0.11384615384615385 0.0235655737704918 0.02
4 0.5327868852459017 0.5292307692307693 0.0235655737704918 0.02
4 0.2581967213114754 0.09538461538461539 0.0235655737704918 0.02
4 0.47848360655737704 0.15538461538461537 0.0235655737704918 0.02
4 0.35040983606557374 0.5415384615384615 0.0235655737704918 0.02
4 0.42520491803278687 0.6353846153846154 0.0235655737704918 0.02
4 0.305327868852459 0.6384615384615384 0.02971311475409836 0.03076923076923077
4 0.15061475409836064 0.5784615384615385 0.020491803278688523 0.046153846153846156
5 0.11168032786885246 0.6323076923076923 0.045081967213114756 0.036923076923076927