1 0.24949899799599198 0.1355421686746988 0.01503006012024048 0.01355421686746988
1 0.24849699398797595 0.17620481927710843 0.01603206412825651 0.01355421686746988
1 0.3186372745490982 0.05572289156626506 0.009018036072144289 0.024096385542168676
1 0.29158316633266534 0.0572289156626506 0.009018036072144289 0.022590361445783132
1 0.24949899799599198 0.15512048192771086 0.01603206412825651 0.01355421686746988
1 0.2775551102204409 0.14006024096385541 0.009018036072144289 0.022590361445783132
1 0.40380761523046094 0.32680722891566266 0.014028056112224449 0.03614457831325301
1 0.3847695390781563 0.3614457831325301 0.01002004008016032 0.025602409638554216
1 0.3817635270541082 0.4939759036144578 0.01503006012024048 0.012048192771084338
1 0.43687374749499 0.32981927710843373 0.01603206412825651 0.012048192771084338
1 0.47394789579158314 0.46987951807228917 0.01603206412825651 0.01355421686746988
1 0.08517034068136273 0.3855421686746988 0.01002004008016032 0.024096385542168676
1 0.07214428857715431 0.3855421686746988 0.009018036072144289 0.024096385542168676
1 0.05511022044088176 0.38403614457831325 0.01503006012024048 0.03614457831325301
1 0.09418837675350701 0.24548192771084337 0.01002004008016032 0.025602409638554216
1 0.045090180360721446 0.5120481927710844 0.009018036072144289 0.022590361445783132
1 0.3496993987975952 0.5813253012048193 0.01002004008016032 0.024096385542168676
1 0.37074148296593185 0.5843373493975904 0.01503006012024048 0.03765060240963856
1 0.3016032064128257 0.5978915662650602 0.01503006012024048 0.01355421686746988
0 0.23847695390781562 0.39156626506024095 0.218436873747495 0.32680722891566266
4 0.050100200400801605 0.2620481927710843 0.018036072144288578 0.015060240963855422
4 0.47995991983967934 0.21385542168674698 0.018036072144288578 0.015060240963855422
4 0.48096192384769537 0.1927710843373494 0.018036072144288578 0.015060240963855422
4 0.48096192384769537 0.17319277108433734 0.018036072144288578 0.015060240963855422
4 0.48597194388777554 0.34487951807228917 0.01503006012024048 0.015060240963855422
4 0.4879759519038076 0.2891566265060241 0.01603206412825651 0.015060240963855422
4 0.43987975951903807 0.27259036144578314 0.017034068136272545 0.015060240963855422
4 0.41583166332665333 0.4503012048192771 0.017034068136272545 0.01355421686746988
4 0.41082164328657317 0.47289156626506024 0.017034068136272545 0.015060240963855422
4 0.49298597194388777 0.3704819277108434 0.01603206412825651 0.01355421686746988
4 0.45791583166332667 0.37198795180722893 0.017034068136272545 0.01355421686746988
4 0.43687374749499 0.4503012048192771 0.01002004008016032 0.024096385542168676
4 0.47995991983967934 0.07078313253012049 0.018036072144288578 0.015060240963855422
4 0.47995991983967934 0.04969879518072289 0.018036072144288578 0.015060240963855422
4 0.47995991983967934 0.0286144578313253 0.018036072144288578 0.015060240963855422
4 0.35771543086172347 0.07228915662650602 0.018036072144288578 0.015060240963855422
4 0.47995991983967934 0.009036144578313253 0.018036072144288578 0.015060240963855422
4 0.47995991983967934 0.15210843373493976 0.018036072144288578 0.015060240963855422
4 0.48096192384769537 0.13253012048192772 0.018036072144288578 0.015060240963855422
4 0.48096192384769537 0.10993975903614457 0.018036072144288578 0.015060240963855422
4 0.48096192384769537 0.09036144578313253 0.018036072144288578 0.015060240963855422
4 0.050100200400801605 0.24096385542168675 0.018036072144288578 0.015060240963855422
4 0.29158316633266534 0.13855421686746988 0.01002004008016032 0.025602409638554216
4 0.2775551102204409 0.08132530120481928 0.01002004008016032 0.024096385542168676
4 0.2124248496993988 0.15512048192771086 0.01603206412825651 0.016566265060240965
4 0.47995991983967934 0.2545180722891566 0.018036072144288578 0.015060240963855422
4 0.47995991983967934 0.23493975903614459 0.018036072144288578 0.015060240963855422
4 0.07014028056112225 0.4427710843373494 0.01002004008016032 0.02710843373493976
4 0.0841683366733467 0.4503012048192771 0.009018036072144289 0.025602409638554216
4 0.06513026052104208 0.5045180722891566 0.01002004008016032 0.024096385542168676
4 0.07715430861723446 0.5376506024096386 0.017034068136272545 0.015060240963855422
4 0.04609218436873747 0.5466867469879518 0.017034068136272545 0.015060240963855422
4 0.07014028056112225 0.30271084337349397 0.017034068136272545 0.015060240963855422
4 0.38877755511022044 0.012048192771084338 0.02404809619238477 0.01957831325301205
5 0.3246492985971944 0.0963855421686747 0.012024048096192385 0.03765060240963856
5 0.3557114228456914 0.13704819277108435 0.023046092184368736 0.018072289156626505
5 0.3196392785571142 0.14909638554216867 0.023046092184368736 0.018072289156626505