1 0.998496993987976 0.39231927710843373 0.001002004008016032 0.025602409638554216
1 0.7645290581162325 0.21987951807228914 0.009018036072144289 0.024096385542168676
1 0.7985971943887775 0.3042168674698795 0.009018036072144289 0.024096385542168676
1 0.7845691382765531 0.3042168674698795 0.009018036072144289 0.024096385542168676
1 0.7675350701402806 0.2996987951807229 0.014028056112224449 0.03614457831325301
1 0.7925851703406813 0.21987951807228914 0.009018036072144289 0.024096385542168676
1 0.7785571142284569 0.21987951807228914 0.009018036072144289 0.024096385542168676
1 0.9519038076152304 0.060240963855421686 0.009018036072144289 0.024096385542168676
1 0.9378757515030061 0.060240963855421686 0.009018036072144289 0.024096385542168676
0 0.905811623246493 0.31626506024096385 0.1342685370741483 0.4246987951807229
4 0.9959919839679359 0.5768072289156626 0.006012024048096192 0.018072289156626505
4 0.9629258517034068 0.5978915662650602 0.017034068136272545 0.01355421686746988
4 0.7925851703406813 0.3689759036144578 0.009018036072144289 0.024096385542168676
4 0.87374749498998 0.5677710843373494 0.013026052104208416 0.03463855421686747
4 0.9318637274549099 0.024096385542168676 0.02404809619238477 0.02108433734939759
4 0.8967935871743486 0.046686746987951805 0.02404809619238477 0.02108433734939759