1 0.2785571142284569 0.8373493975903614 0.01503006012024048 0.01355421686746988
1 0.2785571142284569 0.8614457831325302 0.01603206412825651 0.01355421686746988
1 0.14228456913827656 0.6867469879518072 0.009018036072144289 0.024096385542168676
1 0.21142284569138275 0.8433734939759037 0.009018036072144289 0.024096385542168676
1 0.1653306613226453 0.4382530120481928 0.009018036072144289 0.024096385542168676
1 0.10821643286573146 0.6822289156626506 0.013026052104208416 0.03614457831325301
1 0.16733466933867736 0.8418674698795181 0.012024048096192385 0.03614457831325301
1 0.12725450901803606 0.6822289156626506 0.013026052104208416 0.03614457831325301
1 0.19839679358717435 0.8418674698795181 0.009018036072144289 0.024096385542168676
1 0.18537074148296592 0.8433734939759037 0.009018036072144289 0.024096385542168676
1 0.39579158316633267 0.7394578313253012 0.013026052104208416 0.03765060240963856
1 0.3787575150300601 0.7274096385542169 0.009018036072144289 0.024096385542168676
1 0.156312625250501 0.5918674698795181 0.009018036072144289 0.024096385542168676
1 0.20741482965931865 0.4503012048192771 0.047094188376753505 0.0391566265060241
1 0.30561122244488975 0.4442771084337349 0.025050100200400802 0.022590361445783132
1 0.21943887775551102 0.4879518072289157 0.01503006012024048 0.01355421686746988
1 0.21943887775551102 0.5075301204819277 0.01603206412825651 0.01355421686746988
1 0.2985971943887776 0.5301204819277109 0.01503006012024048 0.01355421686746988
1 0.3687374749498998 0.5421686746987951 0.01503006012024048 0.015060240963855422
1 0.30060120240480964 0.46987951807228917 0.01503006012024048 0.01355421686746988
1 0.30060120240480964 0.49096385542168675 0.01603206412825651 0.01355421686746988
1 0.5 0.5481927710843374 0.01503006012024048 0.01355421686746988
1 0.5 0.5768072289156626 0.01603206412825651 0.01355421686746988
1 0.5 0.5993975903614458 0.01503006012024048 0.01355421686746988
1 0.5 0.6265060240963856 0.01603206412825651 0.01355421686746988
1 0.4649298597194389 0.6882530120481928 0.01503006012024048 0.01355421686746988
1 0.4649298597194389 0.7153614457831325 0.01603206412825651 0.01355421686746988
1 0.41783567134268534 0.6671686746987951 0.01503006012024048 0.01355421686746988
1 0.4168336673346693 0.6882530120481928 0.01603206412825651 0.01355421686746988
1 0.14228456913827656 0.5903614457831325 0.009018036072144289 0.024096385542168676
1 0.13026052104208416 0.5903614457831325 0.009018036072144289 0.024096385542168676
1 0.36472945891783565 0.7153614457831325 0.009018036072144289 0.024096385542168676
1 0.3517034068136273 0.7153614457831325 0.009018036072144289 0.024096385542168676
1 0.3717434869739479 0.8147590361445783 0.01603206412825651 0.01355421686746988
1 0.4258517034068136 0.822289156626506 0.013026052104208416 0.03765060240963856
1 0.4468937875751503 0.8132530120481928 0.009018036072144289 0.024096385542168676
1 0.2605210420841683 0.8945783132530121 0.02404809619238477 0.01957831325301205
2 0.05811623246492986 0.5105421686746988 0.014028056112224449 0.03463855421686747
2 0.05911823647294589 0.45331325301204817 0.014028056112224449 0.03463855421686747
0 0.43587174348697394 0.5707831325301205 0.01903807615230461 0.045180722891566265
0 0.25250501002004005 0.6807228915662651 0.13627254509018036 0.2033132530120482
4 0.056112224448897796 0.40210843373493976 0.01603206412825651 0.01355421686746988
4 0.10120240480961924 0.5301204819277109 0.01002004008016032 0.025602409638554216
4 0.0781563126252505 0.5783132530120482 0.01002004008016032 0.024096385542168676
4 0.10120240480961924 0.5753012048192772 0.01002004008016032 0.024096385542168676
4 0.4589178356713427 0.8147590361445783 0.009018036072144289 0.02108433734939759
4 0.3717434869739479 0.7966867469879518 0.01603206412825651 0.01355421686746988
4 0.4529058116232465 0.5075301204819277 0.01503006012024048 0.015060240963855422
4 0.4529058116232465 0.5346385542168675 0.01603206412825651 0.01355421686746988
4 0.4529058116232465 0.4563253012048193 0.01503006012024048 0.015060240963855422
4 0.4529058116232465 0.4819277108433735 0.01603206412825651 0.01355421686746988
4 0.24849699398797595 0.49698795180722893 0.01603206412825651 0.015060240963855422
4 0.13326653306613226 0.536144578313253 0.01503006012024048 0.015060240963855422
4 0.13326653306613226 0.5572289156626506 0.01603206412825651 0.01355421686746988
4 0.13326653306613226 0.4894578313253012 0.01503006012024048 0.015060240963855422
4 0.1342685370741483 0.5120481927710844 0.01603206412825651 0.01355421686746988
4 0.3667334669338677 0.5828313253012049 0.01503006012024048 0.015060240963855422
4 0.36773547094188375 0.6024096385542169 0.01603206412825651 0.01355421686746988
4 0.41082164328657317 0.4563253012048193 0.01503006012024048 0.015060240963855422
4 0.41082164328657317 0.48042168674698793 0.01603206412825651 0.01355421686746988
4 0.40981963927855714 0.5075301204819277 0.01503006012024048 0.015060240963855422
4 0.40981963927855714 0.5316265060240963 0.01603206412825651 0.01355421686746988
4 0.14729458917835672 0.786144578313253 0.01002004008016032 0.025602409638554216
4 0.056112224448897796 0.5828313253012049 0.02004008016032064 0.043674698795180725
4 0.20541082164328658 0.8945783132530121 0.02905811623246493 0.030120481927710843
4 0.1312625250501002 0.9006024096385542 0.023046092184368736 0.01957831325301205
4 0.5150300601202404 0.4939759036144578 0.023046092184368736 0.01957831325301205
4 0.24649298597194388 0.9186746987951807 0.023046092184368736 0.01957831325301205
4 0.4619238476953908 0.8599397590361446 0.023046092184368736 0.01957831325301205
4 0.3366733466933868 0.4819277108433735 0.023046092184368736 0.01957831325301205
4 0.40981963927855714 0.39006024096385544 0.023046092184368736 0.01957831325301205
4 0.2925851703406814 0.3870481927710843 0.02905811623246493 0.030120481927710843
4 0.14128256513026052 0.4457831325301205 0.02004008016032064 0.045180722891566265
5 0.10320641282565131 0.3930722891566265 0.04408817635270541 0.03614457831325301