1 0.6752049180327869 0.6153846153846154 0.02663934426229508 0.07076923076923076
1 0.7223360655737705 0.56 0.04610655737704918 0.036923076923076927
1 0.7131147540983607 0.6276923076923077 0.01331967213114754 0.038461538461538464
1 0.735655737704918 0.6030769230769231 0.010245901639344262 0.024615384615384615
1 0.75 0.6015384615384616 0.010245901639344262 0.021538461538461538
1 0.673155737704918 0.5 0.01639344262295082 0.013846153846153847
1 0.7038934426229508 0.5076923076923077 0.015368852459016393 0.013846153846153847
1 0.6608606557377049 0.40615384615384614 0.018442622950819672 0.04461538461538461
1 0.6834016393442623 0.4369230769230769 0.01331967213114754 0.036923076923076927
1 0.6977459016393442 0.47846153846153844 0.00819672131147541 0.023076923076923078
1 0.7387295081967213 0.2876923076923077 0.015368852459016393 0.013846153846153847
1 0.7909836065573771 0.3 0.01639344262295082 0.013846153846153847
1 0.7346311475409836 0.40923076923076923 0.009221311475409836 0.023076923076923078
1 0.7479508196721312 0.4076923076923077 0.009221311475409836 0.023076923076923078
1 0.7418032786885246 0.46 0.015368852459016393 0.013846153846153847
1 0.7418032786885246 0.44 0.01639344262295082 0.013846153846153847
1 0.7059426229508197 0.40923076923076923 0.014344262295081968 0.036923076923076927
1 0.5870901639344263 0.3415384615384615 0.015368852459016393 0.013846153846153847
1 0.6157786885245902 0.2969230769230769 0.009221311475409836 0.024615384615384615
1 0.7612704918032787 0.26153846153846155 0.025614754098360656 0.021538461538461538
1 0.875 0.2953846153846154 0.00819672131147541 0.024615384615384615
1 0.9549180327868853 0.46923076923076923 0.02459016393442623 0.07230769230769231
1 0.9323770491803278 0.48 0.009221311475409836 0.023076923076923078
1 0.9190573770491803 0.4815384615384615 0.010245901639344262 0.024615384615384615
1 0.9036885245901639 0.48 0.00819672131147541 0.023076923076923078
1 0.923155737704918 0.4076923076923077 0.015368852459016393 0.013846153846153847
1 0.9129098360655737 0.6092307692307692 0.014344262295081968 0.013846153846153847
1 0.7243852459016393 0.36153846153846153 0.015368852459016393 0.013846153846153847
1 0.7254098360655737 0.3384615384615385 0.01639344262295082 0.013846153846153847
1 0.6301229508196722 0.07846153846153846 0.015368852459016393 0.013846153846153847
1 0.6301229508196722 0.05846153846153846 0.01639344262295082 0.013846153846153847
1 0.7633196721311475 0.30923076923076925 0.015368852459016393 0.013846153846153847
1 0.7633196721311475 0.2876923076923077 0.01639344262295082 0.013846153846153847
1 0.9180327868852459 0.32461538461538464 0.009221311475409836 0.023076923076923078
2 0.6260245901639344 0.4076923076923077 0.02971311475409836 0.02923076923076923
0 0.8309426229508197 0.4707692307692308 0.08709016393442623 0.29846153846153844
4 0.7131147540983607 0.47692307692307695 0.010245901639344262 0.026153846153846153
4 0.5440573770491803 0.24461538461538462 0.018442622950819672 0.015384615384615385
4 0.5440573770491803 0.26615384615384613 0.018442622950819672 0.015384615384615385
4 0.5881147540983607 0.30923076923076925 0.018442622950819672 0.015384615384615385
4 0.5665983606557377 0.2846153846153846 0.010245901639344262 0.026153846153846153
4 0.6362704918032787 0.36 0.017418032786885244 0.015384615384615385
4 0.6936475409836066 0.34615384615384615 0.010245901639344262 0.026153846153846153
4 0.9139344262295082 0.6292307692307693 0.01639344262295082 0.013846153846153847
4 0.9334016393442623 0.62 0.010245901639344262 0.024615384615384615
4 0.9600409836065574 0.64 0.017418032786885244 0.015384615384615385
4 0.9866803278688525 0.64 0.017418032786885244 0.013846153846153847
4 0.9754098360655737 0.5307692307692308 0.017418032786885244 0.015384615384615385
4 0.9334016393442623 0.5538461538461539 0.017418032786885244 0.015384615384615385
4 0.617827868852459 0.25384615384615383 0.010245901639344262 0.024615384615384615
4 0.632172131147541 0.25384615384615383 0.010245901639344262 0.024615384615384615
4 0.923155737704918 0.3861538461538462 0.01639344262295082 0.015384615384615385
4 0.5502049180327869 0.33076923076923076 0.018442622950819672 0.015384615384615385
4 0.5358606557377049 0.3030769230769231 0.018442622950819672 0.015384615384615385
4 0.7325819672131147 0.3169230769230769 0.01639344262295082 0.015384615384615385
4 0.5389344262295082 0.36153846153846153 0.018442622950819672 0.015384615384615385
4 0.5389344262295082 0.38153846153846155 0.018442622950819672 0.015384615384615385
4 0.5399590163934426 0.4015384615384615 0.018442622950819672 0.015384615384615385
4 0.5399590163934426 0.42153846153846153 0.018442622950819672 0.015384615384615385
4 0.5466188524590164 0.004615384615384616 0.0194672131147541 0.006153846153846154
4 0.5471311475409836 0.021538461538461538 0.018442622950819672 0.015384615384615385
4 0.5471311475409836 0.04461538461538461 0.018442622950819672 0.015384615384615385
4 0.5471311475409836 0.06615384615384616 0.018442622950819672 0.015384615384615385
4 0.5471311475409836 0.08615384615384615 0.018442622950819672 0.015384615384615385
4 0.5747950819672131 0.13230769230769232 0.018442622950819672 0.015384615384615385
4 0.5758196721311475 0.10615384615384615 0.018442622950819672 0.015384615384615385
4 0.5917008196721312 0.007692307692307693 0.0194672131147541 0.012307692307692308
4 0.5942622950819673 0.49230769230769234 0.020491803278688523 0.046153846153846156
4 0.5286885245901639 0.4907692307692308 0.020491803278688523 0.047692307692307694
4 0.8698770491803278 0.6615384615384615 0.020491803278688523 0.046153846153846156
4 0.8452868852459017 0.6569230769230769 0.01331967213114754 0.033846153846153845
4 0.9364754098360656 0.3323076923076923 0.01331967213114754 0.03538461538461538
4 0.7920081967213115 0.6615384615384615 0.045081967213114756 0.038461538461538464
5 0.9933401639344263 0.49 0.011270491803278689 0.04153846153846154