1 0.7304609218436874 0.8207831325301205 0.01503006012024048 0.01355421686746988
1 0.7304609218436874 0.8448795180722891 0.01603206412825651 0.01355421686746988
1 0.8667334669338678 0.6701807228915663 0.009018036072144289 0.024096385542168676
1 0.7975951903807615 0.8268072289156626 0.009018036072144289 0.024096385542168676
1 0.843687374749499 0.42168674698795183 0.009018036072144289 0.024096385542168676
1 0.9008016032064128 0.6656626506024096 0.013026052104208416 0.03614457831325301
1 0.8416833667334669 0.8253012048192772 0.012024048096192385 0.03614457831325301
1 0.8817635270541082 0.6656626506024096 0.013026052104208416 0.03614457831325301
1 0.8106212424849699 0.8253012048192772 0.009018036072144289 0.024096385542168676
1 0.8236472945891784 0.8268072289156626 0.009018036072144289 0.024096385542168676
1 0.6132264529058116 0.7228915662650602 0.013026052104208416 0.03765060240963856
1 0.6302605210420842 0.7108433734939759 0.009018036072144289 0.024096385542168676
1 0.8527054108216433 0.5753012048192772 0.009018036072144289 0.024096385542168676
1 0.8016032064128257 0.43373493975903615 0.047094188376753505 0.0391566265060241
1 0.7034068136272545 0.42771084337349397 0.025050100200400802 0.022590361445783132
1 0.7895791583166333 0.4713855421686747 0.01503006012024048 0.01355421686746988
1 0.7895791583166333 0.49096385542168675 0.01603206412825651 0.01355421686746988
1 0.7104208416833667 0.5135542168674698 0.01503006012024048 0.01355421686746988
1 0.6402805611222445 0.5256024096385542 0.01503006012024048 0.015060240963855422
1 0.7084168336673347 0.45331325301204817 0.01503006012024048 0.01355421686746988
1 0.7084168336673347 0.4743975903614458 0.01603206412825651 0.01355421686746988
1 0.5090180360721442 0.5316265060240963 0.01503006012024048 0.01355421686746988
1 0.5090180360721442 0.5602409638554217 0.01603206412825651 0.01355421686746988
1 0.5090180360721442 0.5828313253012049 0.01503006012024048 0.01355421686746988
1 0.5090180360721442 0.6099397590361446 0.01603206412825651 0.01355421686746988
1 0.5440881763527055 0.6716867469879518 0.01503006012024048 0.01355421686746988
1 0.5440881763527055 0.6987951807228916 0.01603206412825651 0.01355421686746988
1 0.591182364729459 0.6506024096385542 0.01503006012024048 0.01355421686746988
1 0.5921843687374749 0.6716867469879518 0.01603206412825651 0.01355421686746988
1 0.8667334669338678 0.5737951807228916 0.009018036072144289 0.024096385542168676
1 0.8787575150300602 0.5737951807228916 0.009018036072144289 0.024096385542168676
1 0.6442885771543087 0.6987951807228916 0.009018036072144289 0.024096385542168676
1 0.657314629258517 0.6987951807228916 0.009018036072144289 0.024096385542168676
1 0.6372745490981964 0.7981927710843374 0.01603206412825651 0.01355421686746988
1 0.5831663326653307 0.8057228915662651 0.013026052104208416 0.03765060240963856
1 0.5621242484969939 0.7966867469879518 0.009018036072144289 0.024096385542168676
1 0.748496993987976 0.8780120481927711 0.02404809619238477 0.01957831325301205
2 0.9509018036072144 0.4939759036144578 0.014028056112224449 0.03463855421686747
2 0.9498997995991983 0.4367469879518072 0.014028056112224449 0.03463855421686747
0 0.5731462925851704 0.5542168674698795 0.01903807615230461 0.045180722891566265
0 0.7565130260521042 0.6641566265060241 0.13627254509018036 0.2033132530120482
4 0.9529058116232465 0.3855421686746988 0.01603206412825651 0.01355421686746988
4 0.9078156312625251 0.5135542168674698 0.01002004008016032 0.025602409638554216
4 0.9308617234468938 0.5617469879518072 0.01002004008016032 0.024096385542168676
4 0.9078156312625251 0.5587349397590361 0.01002004008016032 0.024096385542168676
4 0.5501002004008017 0.7981927710843374 0.009018036072144289 0.02108433734939759
4 0.6372745490981964 0.7801204819277109 0.01603206412825651 0.01355421686746988
4 0.5561122244488977 0.49096385542168675 0.01503006012024048 0.015060240963855422
4 0.5561122244488977 0.5180722891566265 0.01603206412825651 0.01355421686746988
4 0.5561122244488977 0.4397590361445783 0.01503006012024048 0.015060240963855422
4 0.5561122244488977 0.46536144578313254 0.01603206412825651 0.01355421686746988
4 0.7605210420841684 0.48042168674698793 0.01603206412825651 0.015060240963855422
4 0.875751503006012 0.5195783132530121 0.01503006012024048 0.015060240963855422
4 0.875751503006012 0.5406626506024096 0.01603206412825651 0.01355421686746988
4 0.875751503006012 0.47289156626506024 0.01503006012024048 0.015060240963855422
4 0.874749498997996 0.4954819277108434 0.01603206412825651 0.01355421686746988
4 0.6422845691382766 0.5662650602409639 0.01503006012024048 0.015060240963855422
4 0.6412825651302605 0.5858433734939759 0.01603206412825651 0.01355421686746988
4 0.5981963927855711 0.4397590361445783 0.01503006012024048 0.015060240963855422
4 0.5981963927855711 0.463855421686747 0.01603206412825651 0.01355421686746988
4 0.5991983967935872 0.49096385542168675 0.01503006012024048 0.015060240963855422
4 0.5991983967935872 0.5150602409638554 0.01603206412825651 0.01355421686746988
4 0.8617234468937875 0.7695783132530121 0.01002004008016032 0.025602409638554216
4 0.9529058116232465 0.5662650602409639 0.02004008016032064 0.043674698795180725
4 0.8036072144288577 0.8780120481927711 0.02905811623246493 0.030120481927710843
4 0.8777555110220441 0.8840361445783133 0.023046092184368736 0.01957831325301205
4 0.4939879759519038 0.47740963855421686 0.023046092184368736 0.01957831325301205
4 0.7625250501002004 0.9021084337349398 0.023046092184368736 0.01957831325301205
4 0.5470941883767535 0.8433734939759037 0.023046092184368736 0.01957831325301205
4 0.6723446893787575 0.46536144578313254 0.023046092184368736 0.01957831325301205
4 0.5991983967935872 0.37349397590361444 0.023046092184368736 0.01957831325301205
4 0.7164328657314629 0.3704819277108434 0.02905811623246493 0.030120481927710843
4 0.8677354709418837 0.4292168674698795 0.02004008016032064 0.045180722891566265
5 0.905811623246493 0.37650602409638556 0.04408817635270541 0.03614457831325301