1 0.9709418837675351 0.3328313253012048 0.028056112224448898 0.022590361445783132
4 0.9749498997995992 0.7078313253012049 0.028056112224448898 0.025602409638554216
1 0.9749498997995992 0.6551204819277109 0.03406813627254509 0.03313253012048193
1 0.9779559118236473 0.6144578313253012 0.028056112224448898 0.024096385542168676
1 0.9789579158316634 0.5798192771084337 0.027054108216432865 0.022590361445783132
1 0.8807615230460922 0.6837349397590361 0.01603206412825651 0.04216867469879518
1 0.87374749498998 0.49096385542168675 0.022044088176352707 0.05271084337349398
1 0.8396793587174348 0.49096385542168675 0.02004008016032064 0.04969879518072289
1 0.8186372745490982 0.5843373493975904 0.01603206412825651 0.04216867469879518
1 0.811623246492986 0.6731927710843374 0.028056112224448898 0.08132530120481928
1 0.7765531062124249 0.677710843373494 0.01503006012024048 0.043674698795180725
1 0.7535070140280561 0.6762048192771084 0.01503006012024048 0.04216867469879518
1 0.6963927855711423 0.6400602409638554 0.033066132264529056 0.03463855421686747
1 0.591182364729459 0.6340361445783133 0.03206412825651302 0.03313253012048193
1 0.7034068136272545 0.4789156626506024 0.027054108216432865 0.022590361445783132
1 0.7194388777555111 0.4307228915662651 0.052104208416833664 0.04216867469879518
1 0.7454909819639278 0.37801204819277107 0.03206412825651302 0.030120481927710843
1 0.8076152304609219 0.40210843373493976 0.01503006012024048 0.0391566265060241
1 0.688376753507014 0.34789156626506024 0.025050100200400802 0.022590361445783132
1 0.6693386773547094 0.30120481927710846 0.03406813627254509 0.03313253012048193
1 0.43687374749499 0.48042168674698793 0.021042084168336674 0.04819277108433735
1 0.41082164328657317 0.4759036144578313 0.01503006012024048 0.04066265060240964
1 0.41082164328657317 0.5512048192771084 0.05110220440881764 0.04066265060240964
1 0.4228456913827655 0.42168674698795183 0.03206412825651302 0.03313253012048193
1 0.4228456913827655 0.3825301204819277 0.026052104208416832 0.022590361445783132
1 0.40781563126252507 0.32981927710843373 0.027054108216432865 0.024096385542168676
1 0.6703406813627254 0.25 0.027054108216432865 0.025602409638554216
1 0.5721442885771543 0.2033132530120482 0.03406813627254509 0.03313253012048193
1 0.5340681362725451 0.19126506024096385 0.017034068136272545 0.0391566265060241
1 0.44288577154308617 0.18373493975903615 0.03406813627254509 0.03463855421686747
1 0.4468937875751503 0.24849397590361447 0.027054108216432865 0.022590361445783132
1 0.40681362725450904 0.19126506024096385 0.01603206412825651 0.04066265060240964
1 0.3366733466933868 0.19126506024096385 0.01503006012024048 0.04216867469879518
1 0.4198396793587174 0.07981927710843373 0.01603206412825651 0.04216867469879518
1 0.47194388777555113 0.0783132530120482 0.017034068136272545 0.04066265060240964
1 0.49599198396793587 0.08132530120481928 0.01603206412825651 0.04066265060240964
4 0.9879759519038076 0.15210843373493976 0.01503006012024048 0.0391566265060241
4 0.9879759519038076 0.0783132530120482 0.01503006012024048 0.04066265060240964
4 0.8817635270541082 0.6189759036144579 0.01603206412825651 0.04216867469879518
4 0.8517034068136272 0.6762048192771084 0.022044088176352707 0.05120481927710843
4 0.5490981963927856 0.6912650602409639 0.03507014028056112 0.03463855421686747
4 0.6142284569138277 0.6987951807228916 0.050100200400801605 0.043674698795180725
4 0.6462925851703407 0.6400602409638554 0.028056112224448898 0.022590361445783132
1 0.6723446893787575 0.5933734939759037 0.028056112224448898 0.022590361445783132
5 0.7144288577154309 0.5647590361445783 0.03206412825651302 0.02710843373493976
5 0.7715430861723447 0.5225903614457831 0.06913827655310621 0.06626506024096386
0 0.8507014028056112 0.3689759036144578 0.047094188376753505 0.07228915662650602
0 0.8006012024048096 0.33433734939759036 0.03807615230460922 0.03463855421686747
2 0.7575150300601202 0.32831325301204817 0.03507014028056112 0.02710843373493976
4 0.720440881763527 0.29066265060240964 0.028056112224448898 0.025602409638554216
4 0.48897795591182364 0.6686746987951807 0.025050100200400802 0.025602409638554216
4 0.48697394789579157 0.7018072289156626 0.03006012024048096 0.022590361445783132
4 0.49198396793587174 0.6265060240963856 0.028056112224448898 0.025602409638554216
4 0.37975951903807614 0.49698795180722893 0.027054108216432865 0.025602409638554216
4 0.31462925851703405 0.572289156626506 0.03406813627254509 0.03463855421686747
4 0.30360721442885774 0.3990963855421687 0.026052104208416832 0.025602409638554216
4 0.6733466933867736 0.5240963855421686 0.027054108216432865 0.022590361445783132
4 0.6723446893787575 0.5587349397590361 0.027054108216432865 0.022590361445783132
4 0.688376753507014 0.38403614457831325 0.026052104208416832 0.022590361445783132
0 0.5571142284569138 0.4292168674698795 0.09919839679358718 0.32981927710843373
4 0.6002004008016032 0.23795180722891565 0.028056112224448898 0.025602409638554216
4 0.3156312625250501 0.1897590361445783 0.01603206412825651 0.0391566265060241
4 0.5120240480961924 0.19126506024096385 0.01603206412825651 0.0391566265060241
4 0.48897795591182364 0.1897590361445783 0.01603206412825651 0.0391566265060241
4 0.3847695390781563 0.1897590361445783 0.01603206412825651 0.0391566265060241
4 0.42384769539078154 0.2891566265060241 0.028056112224448898 0.025602409638554216
4 0.30360721442885774 0.2891566265060241 0.028056112224448898 0.025602409638554216
0 0.3627254509018036 0.26656626506024095 0.03006012024048096 0.07530120481927711
4 0.4498997995991984 0.34186746987951805 0.027054108216432865 0.024096385542168676
4 0.35070140280561124 0.32379518072289154 0.027054108216432865 0.024096385542168676
4 0.45090180360721444 0.07981927710843373 0.01503006012024048 0.04066265060240964
4 0.28857715430861725 0.0677710843373494 0.01503006012024048 0.04066265060240964
4 0.3787575150300601 0.0783132530120482 0.023046092184368736 0.05120481927710843
5 0.32665330661322645 0.0677710843373494 0.047094188376753505 0.03313253012048193
5 0.40681362725450904 0.009036144578313253 0.050100200400801605 0.018072289156626505
4 0.9599198396793587 0.47289156626506024 0.01603206412825651 0.0391566265060241