1 0.5958762886597938 0.5201238390092879 0.01134020618556701 0.029411764705882353
1 0.6123711340206186 0.5201238390092879 0.012371134020618556 0.032507739938080496
1 0.6474226804123712 0.5154798761609907 0.018556701030927835 0.043343653250773995
1 0.7010309278350515 0.5185758513931888 0.012371134020618556 0.032507739938080496
1 0.8216494845360824 0.6764705882352942 0.02268041237113402 0.06501547987616099
1 0.8216494845360824 0.7445820433436533 0.04329896907216495 0.034055727554179564
1 0.5639175257731959 0.9427244582043344 0.02577319587628866 0.02476780185758514
1 0.9567010309278351 0.9705882352941176 0.021649484536082474 0.018575851393188854
1 0.822680412371134 0.7956656346749226 0.02268041237113402 0.017027863777089782
1 0.790721649484536 0.7956656346749226 0.02268041237113402 0.017027863777089782
1 0.743298969072165 0.7585139318885449 0.01752577319587629 0.04024767801857585
1 0.7185567010309278 0.7739938080495357 0.013402061855670102 0.032507739938080496
1 0.734020618556701 0.8188854489164087 0.012371134020618556 0.030959752321981424
1 0.7494845360824742 0.8281733746130031 0.012371134020618556 0.030959752321981424
1 0.765979381443299 0.8281733746130031 0.01134020618556701 0.032507739938080496
1 0.7175257731958763 0.8993808049535603 0.021649484536082474 0.06811145510835913
1 0.7402061855670103 0.9009287925696594 0.012371134020618556 0.032507739938080496
1 0.8639175257731959 0.7708978328173375 0.021649484536082474 0.018575851393188854
1 0.8639175257731959 0.7972136222910217 0.021649484536082474 0.018575851393188854
1 0.5639175257731959 0.978328173374613 0.02577319587628866 0.02631578947368421
1 0.7474226804123711 0.955108359133127 0.021649484536082474 0.018575851393188854
1 0.7474226804123711 0.9845201238390093 0.021649484536082474 0.018575851393188854
1 0.4793814432989691 0.8947368421052632 0.012371134020618556 0.030959752321981424
1 0.49587628865979383 0.8947368421052632 0.012371134020618556 0.032507739938080496
1 0.44948453608247424 0.6331269349845201 0.0288659793814433 0.02631578947368421
1 0.4515463917525773 0.7492260061919505 0.0288659793814433 0.02786377708978328
1 0.44948453608247424 0.6671826625386997 0.0288659793814433 0.02786377708978328
1 0.45463917525773195 0.7229102167182663 0.02268041237113402 0.020123839009287926
1 0.520618556701031 0.9597523219814241 0.02268041237113402 0.06656346749226007
1 0.8020618556701031 0.5975232198142415 0.04742268041237113 0.05572755417956656
1 0.6144329896907217 0.9535603715170279 0.03608247422680412 0.07275541795665634
0 0.5896907216494846 0.7213622291021672 0.17422680412371133 0.2647058823529412
0 0.8505154639175257 0.9202786377708978 0.12989690721649486 0.1563467492260062
4 0.4927835051546392 0.5201238390092879 0.012371134020618556 0.032507739938080496
4 0.6278350515463917 0.521671826625387 0.013402061855670102 0.032507739938080496
4 0.49690721649484537 0.5681114551083591 0.013402061855670102 0.032507739938080496
4 0.6845360824742268 0.5201238390092879 0.012371134020618556 0.032507739938080496
4 0.5804123711340207 0.5201238390092879 0.012371134020618556 0.032507739938080496
4 0.45257731958762887 0.8173374613003096 0.027835051546391754 0.02631578947368421
4 0.7422680412371134 0.6996904024767802 0.027835051546391754 0.02631578947368421
4 0.9505154639175257 0.7894736842105263 0.013402061855670102 0.032507739938080496
4 0.4536082474226804 0.871517027863777 0.02268041237113402 0.020123839009287926
4 0.6690721649484536 0.5201238390092879 0.013402061855670102 0.030959752321981424
4 0.5247422680412371 0.5201238390092879 0.013402061855670102 0.030959752321981424
4 0.45257731958762887 0.7863777089783281 0.027835051546391754 0.02631578947368421
4 0.5092783505154639 0.521671826625387 0.012371134020618556 0.032507739938080496
4 0.45463917525773195 0.6965944272445821 0.02268041237113402 0.018575851393188854
4 0.6597938144329897 0.9566563467492261 0.03608247422680412 0.06191950464396285
4 0.4917525773195876 0.9613003095975232 0.02268041237113402 0.06191950464396285