1 0.0731958762886598 0.6934984520123839 0.012371134020618556 0.034055727554179564
1 0.088659793814433 0.6934984520123839 0.012371134020618556 0.032507739938080496
1 0.006185567010309278 0.6934984520123839 0.012371134020618556 0.034055727554179564
1 0.02268041237113402 0.6934984520123839 0.012371134020618556 0.032507739938080496
1 0.2865979381443299 0.6222910216718266 0.012371134020618556 0.032507739938080496
1 0.43917525773195876 0.7786377708978328 0.012371134020618556 0.032507739938080496
1 0.3391752577319588 0.9643962848297214 0.021649484536082474 0.017027863777089782
1 0.2721649484536082 0.9164086687306502 0.012371134020618556 0.032507739938080496
1 0.2876288659793814 0.9674922600619195 0.013402061855670102 0.030959752321981424
0 0.37216494845360826 0.7507739938080495 0.050515463917525774 0.09752321981424149
0 0.39948453608247425 0.9698142414860681 0.04639175257731959 0.05727554179566564
0 0.1211340206185567 0.8862229102167183 0.2422680412371134 0.22445820433436534
4 0.27010309278350514 0.9674922600619195 0.013402061855670102 0.034055727554179564
4 0.44948453608247424 0.9868421052631579 0.01443298969072165 0.02321981424148607
4 0.22061855670103092 0.5944272445820433 0.013402061855670102 0.03560371517027864
4 0.2865979381443299 0.6764705882352942 0.013402061855670102 0.03560371517027864
4 0.30412371134020616 0.6207430340557275 0.013402061855670102 0.03560371517027864
4 0.35876288659793815 0.6222910216718266 0.013402061855670102 0.03560371517027864
4 0.4536082474226804 0.6439628482972136 0.013402061855670102 0.03560371517027864
4 0.3845360824742268 0.826625386996904 0.02268041237113402 0.020123839009287926
4 0.34123711340206186 0.8808049535603715 0.02268041237113402 0.020123839009287926
4 0.34123711340206186 0.9086687306501547 0.02268041237113402 0.020123839009287926
4 0.41855670103092785 0.8993808049535603 0.02268041237113402 0.020123839009287926
4 0.041237113402061855 0.6934984520123839 0.013402061855670102 0.034055727554179564
4 0.05670103092783505 0.6934984520123839 0.013402061855670102 0.032507739938080496
4 0.3402061855670103 0.9891640866873065 0.020618556701030927 0.020123839009287926