1 0.4091816367265469 0.19610778443113772 0.021956087824351298 0.06437125748502993
1 0.09780439121756487 0.08383233532934131 0.021956087824351298 0.06437125748502993
1 0.07285429141716566 0.040419161676646706 0.010978043912175649 0.029940119760479042
1 0.3273453093812375 0.18413173652694612 0.010978043912175649 0.03143712574850299
1 0.15568862275449102 0.059880239520958084 0.021956087824351298 0.017964071856287425
1 0.18762475049900199 0.059880239520958084 0.020958083832335328 0.017964071856287425
1 0.16367265469061876 0.1437125748502994 0.011976047904191617 0.03143712574850299
1 0.48902195608782434 0.016467065868263474 0.04291417165668663 0.03293413173652695
1 0.4221556886227545 0.025449101796407185 0.02694610778443114 0.025449101796407185
1 0.43313373253493015 0.13323353293413173 0.020958083832335328 0.017964071856287425
1 0.12275449101796407 0.09431137724550898 0.010978043912175649 0.03143712574850299
1 0.3852295409181637 0.18562874251497005 0.010978043912175649 0.03143712574850299
1 0.4471057884231537 0.3772455089820359 0.010978043912175649 0.03143712574850299
1 0.2554890219560878 0.08982035928143713 0.010978043912175649 0.03143712574850299
1 0.2714570858283433 0.08982035928143713 0.010978043912175649 0.03143712574850299
1 0.4301397205588822 0.37574850299401197 0.010978043912175649 0.03143712574850299
1 0.5049900199600799 0.04790419161676647 0.021956087824351298 0.019461077844311378
1 0.36926147704590817 0.18562874251497005 0.010978043912175649 0.03143712574850299
1 0.35429141716566864 0.18562874251497005 0.010978043912175649 0.03143712574850299
1 0.18063872255489022 0.24850299401197604 0.016966067864271458 0.0374251497005988
1 0.20159680638722555 0.3338323353293413 0.011976047904191617 0.03143712574850299
1 0.20059880239520958 0.38323353293413176 0.011976047904191617 0.03143712574850299
1 0.22355289421157684 0.3323353293413174 0.016966067864271458 0.040419161676646706
1 0.3852295409181637 0.34281437125748504 0.011976047904191617 0.03143712574850299
1 0.39221556886227543 0.27245508982035926 0.011976047904191617 0.03143712574850299
1 0.34530938123752497 0.27245508982035926 0.010978043912175649 0.03143712574850299
1 0.33033932135728544 0.27245508982035926 0.010978043912175649 0.03143712574850299
1 0.08383233532934131 0.38323353293413176 0.010978043912175649 0.029940119760479042
1 0.4221556886227545 0.10029940119760479 0.04291417165668663 0.0374251497005988
1 0.2834331337325349 0.33532934131736525 0.04491017964071856 0.03293413173652695
1 0.40818363273453095 0.3562874251497006 0.022954091816367265 0.06437125748502993
1 0.48003992015968067 0.3592814371257485 0.03493013972055888 0.0688622754491018
0 0.21157684630738524 0.23203592814371257 0.03792415169660679 0.05688622754491018
0 0.47305389221556887 0.2215568862275449 0.05588822355289421 0.04940119760479042
0 0.14570858283433133 0.008233532934131737 0.12574850299401197 0.016467065868263474
4 0.4226546906187625 0.0037425149700598802 0.028942115768463075 0.0074850299401197605
4 0.2754491017964072 0.17964071856287425 0.012974051896207584 0.03143712574850299
4 0.49800399201596807 0.1122754491017964 0.012974051896207584 0.03143712574850299
4 0.3712574850299401 0.0688622754491018 0.012974051896207584 0.03143712574850299
4 0.29141716566866266 0.17964071856287425 0.012974051896207584 0.03143712574850299
4 0.04890219560878244 0.2754491017964072 0.012974051896207584 0.03143712574850299
4 0.033932135728542916 0.27694610778443113 0.012974051896207584 0.03143712574850299
4 0.40818363273453095 0.27245508982035926 0.012974051896207584 0.03143712574850299
4 0.24750499001996007 0.34281437125748504 0.012974051896207584 0.03143712574850299
4 0.017964071856287425 0.2754491017964072 0.012974051896207584 0.03143712574850299
4 0.0054890219560878245 0.2754491017964072 0.008982035928143712 0.03293413173652695
4 0.33632734530938124 0.34281437125748504 0.012974051896207584 0.03143712574850299
4 0.4740518962075848 0.2874251497005988 0.04091816367265469 0.03143712574850299
4 0.0718562874251497 0.08982035928143713 0.013972055888223553 0.03143712574850299
4 0.08483033932135728 0.3278443113772455 0.011976047904191617 0.03293413173652695
4 0.37624750499001997 0.27245508982035926 0.012974051896207584 0.029940119760479042
4 0.023952095808383235 0.38173652694610777 0.012974051896207584 0.03293413173652695
4 0.023952095808383235 0.3278443113772455 0.012974051896207584 0.03293413173652695
4 0.054890219560878244 0.38173652694610777 0.012974051896207584 0.03293413173652695
4 0.05588822355289421 0.3278443113772455 0.012974051896207584 0.03293413173652695
4 0.1936127744510978 0.1407185628742515 0.012974051896207584 0.03143712574850299
4 0.3143712574850299 0.27095808383233533 0.012974051896207584 0.03143712574850299
4 0.21057884231536927 0.1407185628742515 0.012974051896207584 0.03143712574850299
4 0.3393213572854291 0.1062874251497006 0.011976047904191617 0.029940119760479042
4 0.35528942115768464 0.1062874251497006 0.011976047904191617 0.029940119760479042
5 0.13972055888223553 0.3383233532934132 0.031936127744510975 0.08233532934131736