1 0.5126953125 0.3944281524926686 0.021484375 0.017595307917888565
1 0.8798828125 0.23607038123167157 0.013671875 0.03372434017595308
1 0.9814453125 0.20674486803519063 0.0126953125 0.03225806451612903
0 0.5888671875 0.002932551319648094 0.04296875 0.005865102639296188
0 0.8623046875 0.07038123167155426 0.248046875 0.14076246334310852
0 0.615234375 0.21407624633431085 0.126953125 0.38563049853372433
4 0.9814453125 0.25513196480938416 0.0126953125 0.03225806451612903
4 0.7861328125 0.2375366568914956 0.0126953125 0.03225806451612903
4 0.771484375 0.2375366568914956 0.0126953125 0.03225806451612903
4 0.755859375 0.2375366568914956 0.0126953125 0.03225806451612903
4 0.740234375 0.23900293255131966 0.0126953125 0.03225806451612903
4 0.703125 0.22287390029325513 0.0126953125 0.03225806451612903
4 0.7177734375 0.1774193548387097 0.0126953125 0.03225806451612903
4 0.7041015625 0.03812316715542522 0.0126953125 0.03225806451612903
4 0.7158203125 0.3284457478005865 0.01171875 0.02932551319648094
4 0.8408203125 0.32991202346041054 0.01171875 0.02932551319648094
4 0.76171875 0.3284457478005865 0.01171875 0.02932551319648094
4 0.64501953125 0.004398826979472141 0.0224609375 0.008797653958944282
4 0.806640625 0.3284457478005865 0.0126953125 0.030791788856304986
4 0.82421875 0.37976539589442815 0.0126953125 0.030791788856304986
4 0.859375 0.3812316715542522 0.0126953125 0.03225806451612903
4 0.859375 0.3284457478005865 0.0126953125 0.03225806451612903
4 0.890625 0.3812316715542522 0.0126953125 0.03225806451612903
4 0.890625 0.3284457478005865 0.0126953125 0.03225806451612903
4 0.9814453125 0.3812316715542522 0.0126953125 0.03225806451612903
4 0.9814453125 0.3284457478005865 0.0126953125 0.03225806451612903
4 0.9208984375 0.3812316715542522 0.0126953125 0.03225806451612903
4 0.9208984375 0.32991202346041054 0.0126953125 0.03225806451612903
4 0.951171875 0.3812316715542522 0.0126953125 0.03225806451612903
4 0.951171875 0.32991202346041054 0.0126953125 0.03225806451612903
4 0.7314453125 0.3284457478005865 0.01171875 0.030791788856304986
4 0.8408203125 0.3812316715542522 0.01171875 0.030791788856304986
4 0.82421875 0.3284457478005865 0.01171875 0.030791788856304986
4 0.791015625 0.32991202346041054 0.01171875 0.030791788856304986
4 0.74609375 0.32991202346041054 0.01171875 0.030791788856304986
4 0.7763671875 0.32991202346041054 0.01171875 0.030791788856304986