1 0.599609375 0.13929618768328444 0.0126953125 0.02932551319648094
1 0.5791015625 0.14222873900293256 0.013671875 0.030791788856304986
1 0.41015625 0.06304985337243402 0.021484375 0.017595307917888565
1 0.41015625 0.09237536656891496 0.021484375 0.017595307917888565
1 0.2841796875 0.4736070381231672 0.0146484375 0.03225806451612903
1 0.2490234375 0.2126099706744868 0.0126953125 0.030791788856304986
1 0.0791015625 0.2829912023460411 0.021484375 0.016129032258064516
1 0.078125 0.3181818181818182 0.0390625 0.02932551319648094
1 0.00830078125 0.34824046920821117 0.0146484375 0.030791788856304986
1 0.00390625 0.38636363636363635 0.005859375 0.03372434017595308
1 0.140625 0.3284457478005865 0.0419921875 0.02932551319648094
1 0.1572265625 0.22287390029325513 0.0107421875 0.02932551319648094
1 0.1416015625 0.22287390029325513 0.0107421875 0.02932551319648094
0 0.19091796875 0.06818181818181818 0.3330078125 0.13636363636363635
0 0.0634765625 0.41935483870967744 0.0810546875 0.06451612903225806
4 0.140625 0.3709677419354839 0.0419921875 0.02932551319648094
4 0.1376953125 0.40762463343108507 0.0439453125 0.03225806451612903
4 0.1376953125 0.44574780058651026 0.0458984375 0.02932551319648094
4 0.00341796875 0.3057184750733138 0.0048828125 0.016129032258064516
0 0.5322265625 0.05278592375366569 0.126953125 0.10557184750733138
0 0.3037109375 0.33724340175953077 0.150390625 0.18475073313782991
4 0.03125 0.3196480938416422 0.01953125 0.01906158357771261