1 0.966796875 0.020527859237536656 0.0244140625 0.020527859237536656
1 0.958984375 0.05865102639296188 0.04296875 0.02785923753665689
1 0.96875 0.09530791788856305 0.0205078125 0.01906158357771261
1 0.9765625 0.1495601173020528 0.0126953125 0.030791788856304986
1 0.958984375 0.1495601173020528 0.0126953125 0.03225806451612903
1 0.939453125 0.14809384164222875 0.0126953125 0.03372434017595308
1 0.947265625 0.24780058651026393 0.0205078125 0.020527859237536656
1 0.98583984375 0.3489736070381232 0.0263671875 0.03225806451612903
1 0.98193359375 0.3870967741935484 0.0341796875 0.03519061583577713
1 0.916015625 0.46187683284457476 0.0263671875 0.024926686217008796
1 0.9150390625 0.4941348973607038 0.02734375 0.02346041055718475
1 0.8935546875 0.533724340175953 0.0458984375 0.02932551319648094
1 0.875 0.38269794721407624 0.01953125 0.016129032258064516
1 0.8759765625 0.40762463343108507 0.0224609375 0.016129032258064516
1 0.8876953125 0.2991202346041056 0.0400390625 0.02932551319648094
1 0.8818359375 0.2316715542521994 0.0126953125 0.02932551319648094
1 0.865234375 0.23607038123167157 0.013671875 0.03372434017595308
1 0.845703125 0.23313782991202345 0.015625 0.03812316715542522
1 0.826171875 0.23313782991202345 0.017578125 0.03812316715542522
1 0.775390625 0.23900293255131966 0.009765625 0.02932551319648094
1 0.904296875 0.21700879765395895 0.0205078125 0.05865102639296188
1 0.7578125 0.15835777126099707 0.01171875 0.026392961876832845
1 0.6416015625 0.3196480938416422 0.0419921875 0.02932551319648094
1 0.646484375 0.2844574780058651 0.0263671875 0.020527859237536656
1 0.6396484375 0.3592375366568915 0.04296875 0.026392961876832845
1 0.6591796875 0.5454545454545454 0.0146484375 0.030791788856304986
1 0.625 0.5439882697947214 0.0107421875 0.02785923753665689
1 0.6572265625 0.6363636363636364 0.0224609375 0.060117302052785926
1 0.6318359375 0.6378299120234604 0.021484375 0.060117302052785926
1 0.6318359375 0.7580645161290323 0.0224609375 0.06158357771260997
1 0.7822265625 0.624633431085044 0.0302734375 0.024926686217008796
1 0.6474609375 0.2287390029325513 0.0166015625 0.045454545454545456
1 0.626953125 0.23900293255131966 0.0107421875 0.030791788856304986
1 0.7412109375 0.06598240469208211 0.033203125 0.06304985337243402
1 0.7119140625 0.04105571847507331 0.0126953125 0.02932551319648094
1 0.9453125 0.34750733137829914 0.0244140625 0.01906158357771261
0 0.767578125 0.40175953079178883 0.130859375 0.17888563049853373
4 0.880859375 0.06158357771260997 0.0205078125 0.06158357771260997
4 0.85546875 0.06451612903225806 0.01953125 0.05718475073313783
4 0.83203125 0.06304985337243402 0.0185546875 0.05865102639296188
4 0.806640625 0.06451612903225806 0.0224609375 0.06744868035190615
4 0.7802734375 0.06304985337243402 0.0224609375 0.060117302052785926
4 0.7041015625 0.15689149560117302 0.0126953125 0.03225806451612903
4 0.6669921875 0.2404692082111437 0.015625 0.03519061583577713
4 0.740234375 0.2375366568914956 0.01171875 0.02785923753665689
4 0.8017578125 0.2287390029325513 0.013671875 0.03372434017595308
4 0.876953125 0.32991202346041054 0.0205078125 0.017595307917888565
4 0.8759765625 0.3563049853372434 0.0224609375 0.01906158357771261
4 0.8759765625 0.4340175953079179 0.0224609375 0.01466275659824047
4 0.875 0.46187683284457476 0.0224609375 0.01906158357771261
4 0.6435546875 0.5425219941348973 0.013671875 0.02785923753665689
4 0.6943359375 0.6085043988269795 0.021484375 0.060117302052785926
4 0.71875 0.6099706744868035 0.0224609375 0.05718475073313783
4 0.7431640625 0.6070381231671554 0.021484375 0.06158357771260997
4 0.9912109375 0.3064516129032258 0.015625 0.017595307917888565
4 0.947265625 0.218475073313783 0.01953125 0.01906158357771261
4 0.8525390625 0.5997067448680352 0.0205078125 0.05718475073313783
4 0.8291015625 0.6011730205278593 0.0205078125 0.05718475073313783
4 0.876953125 0.6026392961876833 0.0205078125 0.05718475073313783
4 0.796875 0.5835777126099707 0.0126953125 0.030791788856304986
4 0.865234375 0.17008797653958943 0.0126953125 0.030791788856304986
4 0.6474609375 0.16715542521994134 0.0126953125 0.03225806451612903
1 0.693359375 0.2404692082111437 0.0107421875 0.026392961876832845
0 0.8095703125 0.15102639296187684 0.0302734375 0.08064516129032258