1 0.981335952848723 0.5117994100294986 0.011787819253438114 0.028023598820058997
1 0.862475442043222 0.5825958702064897 0.05009823182711198 0.048672566371681415
1 0.8202357563850687 0.5914454277286135 0.0137524557956778 0.03392330383480826
1 0.8614931237721022 0.6474926253687315 0.0481335952848723 0.048672566371681415
1 0.8487229862475442 0.7227138643067846 0.025540275049115914 0.014749262536873156
1 0.8772102161100196 0.7595870206489675 0.022593320235756387 0.016224188790560472
1 0.9685658153241651 0.7536873156342183 0.023575638506876228 0.019174041297935103
1 0.9528487229862476 0.8185840707964602 0.022593320235756387 0.016224188790560472
1 0.9204322200392927 0.859882005899705 0.012770137524557957 0.03392330383480826
1 0.9538310412573674 0.8480825958702065 0.021611001964636542 0.016224188790560472
1 0.9842829076620825 0.9100294985250738 0.01669941060903733 0.03687315634218289
1 0.6444007858546169 0.8303834808259587 0.012770137524557957 0.030973451327433628
1 0.6444007858546169 0.7684365781710915 0.0137524557956778 0.035398230088495575
1 0.6453831041257367 0.6976401179941003 0.011787819253438114 0.032448377581120944
1 0.6532416502946955 0.9188790560471977 0.021611001964636542 0.016224188790560472
1 0.6807465618860511 0.5412979351032449 0.0137524557956778 0.030973451327433628
4 0.9955795677799607 0.4918879056047198 0.0068762278978389 0.030973451327433628
4 0.9823182711198428 0.4616519174041298 0.0137524557956778 0.029498525073746312
4 0.9292730844793713 0.4896755162241888 0.012770137524557957 0.032448377581120944
4 0.9459724950884086 0.4896755162241888 0.015717092337917484 0.030973451327433628
4 0.9115913555992141 0.4911504424778761 0.0137524557956778 0.032448377581120944
4 0.6669941060903732 0.6946902654867256 0.012770137524557957 0.029498525073746312
4 0.6640471512770137 0.7654867256637168 0.012770137524557957 0.032448377581120944
4 0.6640471512770137 0.8303834808259587 0.011787819253438114 0.030973451327433628
4 0.6522593320235757 0.8893805309734514 0.022593320235756387 0.02064896755162242
4 0.6522593320235757 0.9911504424778761 0.023575638506876228 0.014749262536873156
4 0.7141453831041258 0.976401179941003 0.02455795677799607 0.02064896755162242
4 0.9567779960707269 0.7212389380530974 0.019646365422396856 0.016224188790560472
4 0.8772102161100196 0.7846607669616519 0.022593320235756387 0.017699115044247787
4 0.8300589390962672 0.8480825958702065 0.022593320235756387 0.019174041297935103
4 0.9214145383104125 0.9410029498525073 0.0206286836935167 0.019174041297935103
4 0.9685658153241651 0.9793510324483776 0.0206286836935167 0.019174041297935103
4 0.9469548133595285 0.9129793510324484 0.011787819253438114 0.029498525073746312
1 0.831041257367387 0.8215339233038348 0.0206286836935167 0.019174041297935103