1 0.9814453125 0.5087976539589443 0.01171875 0.02785923753665689
1 0.86328125 0.5791788856304986 0.0498046875 0.04838709677419355
1 0.8212890625 0.5879765395894428 0.013671875 0.03372434017595308
1 0.8623046875 0.6436950146627566 0.0478515625 0.04838709677419355
1 0.849609375 0.718475073313783 0.025390625 0.01466275659824047
1 0.8779296875 0.7551319648093842 0.0224609375 0.016129032258064516
1 0.96875 0.749266862170088 0.0234375 0.01906158357771261
1 0.953125 0.8137829912023461 0.0224609375 0.016129032258064516
1 0.9208984375 0.8548387096774194 0.0126953125 0.03372434017595308
1 0.9541015625 0.843108504398827 0.021484375 0.016129032258064516
1 0.984375 0.9046920821114369 0.0166015625 0.036656891495601175
1 0.646484375 0.8255131964809385 0.0126953125 0.030791788856304986
1 0.646484375 0.7639296187683284 0.013671875 0.03519061583577713
1 0.6474609375 0.6935483870967742 0.01171875 0.03225806451612903
1 0.6552734375 0.9134897360703812 0.021484375 0.016129032258064516
1 0.6826171875 0.5381231671554252 0.013671875 0.030791788856304986
4 0.99560546875 0.48900293255131966 0.0068359375 0.030791788856304986
4 0.982421875 0.45894428152492667 0.013671875 0.02932551319648094
4 0.9296875 0.4868035190615836 0.0126953125 0.03225806451612903
4 0.9462890625 0.4868035190615836 0.015625 0.030791788856304986
4 0.912109375 0.48826979472140764 0.013671875 0.03225806451612903
4 0.6689453125 0.6906158357771262 0.0126953125 0.02932551319648094
4 0.666015625 0.7609970674486803 0.0126953125 0.03225806451612903
4 0.666015625 0.8255131964809385 0.01171875 0.030791788856304986
4 0.654296875 0.8841642228739003 0.0224609375 0.020527859237536656
4 0.654296875 0.9868035190615836 0.0224609375 0.016129032258064516
4 0.7158203125 0.9706744868035191 0.0244140625 0.020527859237536656
4 0.95703125 0.717008797653959 0.01953125 0.016129032258064516
4 0.8779296875 0.7800586510263929 0.0224609375 0.017595307917888565
4 0.8310546875 0.843108504398827 0.0224609375 0.01906158357771261
4 0.921875 0.9354838709677419 0.0205078125 0.01906158357771261
4 0.96875 0.9736070381231672 0.0205078125 0.01906158357771261
4 0.947265625 0.907624633431085 0.01171875 0.02932551319648094
1 0.83203125 0.8167155425219942 0.0205078125 0.01906158357771261