1 0.9756944444444444 0.9888059701492538 0.026785714285714284 0.019402985074626865
1 0.9672619047619048 0.9522388059701492 0.04365079365079365 0.028358208955223882
1 0.9771825396825397 0.9149253731343283 0.020833333333333332 0.019402985074626865
1 0.9851190476190477 0.8597014925373134 0.012896825396825396 0.03134328358208955
1 0.9672619047619048 0.8597014925373134 0.012896825396825396 0.03283582089552239
1 0.9474206349206349 0.8611940298507462 0.012896825396825396 0.034328358208955224
1 0.9553571428571429 0.7597014925373134 0.020833333333333332 0.020895522388059702
1 0.9895833333333334 0.6574626865671642 0.018849206349206348 0.034328358208955224
1 0.9856150793650794 0.6186567164179104 0.026785714285714284 0.03731343283582089
1 0.9236111111111112 0.5417910447761194 0.026785714285714284 0.025373134328358207
1 0.9226190476190477 0.508955223880597 0.027777777777777776 0.023880597014925373
1 0.9007936507936508 0.46865671641791046 0.04662698412698413 0.029850746268656716
1 0.8819444444444444 0.6223880597014926 0.01984126984126984 0.016417910447761194
1 0.8829365079365079 0.5970149253731343 0.022817460317460316 0.016417910447761194
1 0.8948412698412699 0.7074626865671642 0.040674603174603176 0.029850746268656716
1 0.8888888888888888 0.7761194029850746 0.012896825396825396 0.029850746268656716
1 0.8720238095238095 0.7716417910447761 0.013888888888888888 0.034328358208955224
1 0.8521825396825397 0.7746268656716417 0.015873015873015872 0.03880597014925373
1 0.8323412698412699 0.7746268656716417 0.017857142857142856 0.03880597014925373
1 0.7807539682539683 0.7686567164179104 0.00992063492063492 0.029850746268656716
1 0.9117063492063492 0.7910447761194029 0.020833333333333332 0.05970149253731343
1 0.7628968253968254 0.8507462686567164 0.011904761904761904 0.026865671641791045
1 0.6448412698412699 0.6865671641791045 0.04265873015873016 0.029850746268656716
1 0.6498015873015873 0.7223880597014926 0.026785714285714284 0.020895522388059702
1 0.6428571428571429 0.6462686567164179 0.04365079365079365 0.026865671641791045
1 0.6626984126984127 0.45671641791044776 0.01488095238095238 0.03134328358208955
1 0.6279761904761905 0.4582089552238806 0.010912698412698412 0.028358208955223882
1 0.6607142857142857 0.3641791044776119 0.022817460317460316 0.06119402985074627
1 0.6349206349206349 0.36268656716417913 0.021825396825396824 0.06119402985074627
1 0.6349206349206349 0.24029850746268658 0.022817460317460316 0.0626865671641791
1 0.7876984126984127 0.3761194029850746 0.030753968253968252 0.025373134328358207
1 0.6507936507936508 0.7791044776119403 0.016865079365079364 0.04626865671641791
1 0.6299603174603174 0.7686567164179104 0.010912698412698412 0.03134328358208955
1 0.746031746031746 0.9447761194029851 0.03373015873015873 0.06417910447761194
1 0.7162698412698413 0.9701492537313433 0.012896825396825396 0.029850746268656716
1 0.9533730158730159 0.6582089552238806 0.0248015873015873 0.019402985074626865
0 0.7728174603174603 0.6029850746268657 0.13293650793650794 0.18208955223880596
4 0.8878968253968254 0.9492537313432836 0.020833333333333332 0.0626865671641791
4 0.8621031746031746 0.9462686567164179 0.01984126984126984 0.058208955223880594
4 0.8382936507936508 0.9477611940298507 0.018849206349206348 0.05970149253731343
4 0.8125 0.9462686567164179 0.022817460317460316 0.06865671641791045
4 0.7857142857142857 0.9477611940298507 0.022817460317460316 0.06119402985074627
4 0.7083333333333334 0.8522388059701492 0.012896825396825396 0.03283582089552239
4 0.6706349206349206 0.7671641791044777 0.015873015873015872 0.03582089552238806
4 0.7450396825396826 0.7701492537313432 0.011904761904761904 0.028358208955223882
4 0.8075396825396826 0.7791044776119403 0.013888888888888888 0.034328358208955224
4 0.8839285714285714 0.6761194029850747 0.020833333333333332 0.01791044776119403
4 0.8829365079365079 0.6492537313432836 0.022817460317460316 0.019402985074626865
4 0.8829365079365079 0.5701492537313433 0.022817460317460316 0.014925373134328358
4 0.8819444444444444 0.5417910447761194 0.022817460317460316 0.019402985074626865
4 0.6468253968253969 0.4597014925373134 0.013888888888888888 0.028358208955223882
4 0.6984126984126984 0.3925373134328358 0.021825396825396824 0.06119402985074627
4 0.7232142857142857 0.39104477611940297 0.022817460317460316 0.058208955223880594
4 0.748015873015873 0.3940298507462687 0.021825396825396824 0.0626865671641791
4 0.9950396825396826 0.7007462686567164 0.007936507936507936 0.019402985074626865
4 0.9553571428571429 0.7895522388059701 0.01984126984126984 0.019402985074626865
4 0.8591269841269841 0.4014925373134328 0.020833333333333332 0.058208955223880594
4 0.8353174603174603 0.4 0.020833333333333332 0.058208955223880594
4 0.8839285714285714 0.39850746268656717 0.020833333333333332 0.058208955223880594
4 0.8025793650793651 0.417910447761194 0.012896825396825396 0.03134328358208955
4 0.8720238095238095 0.8388059701492537 0.012896825396825396 0.03134328358208955
4 0.6507936507936508 0.8417910447761194 0.012896825396825396 0.03283582089552239
1 0.6974206349206349 0.7671641791044777 0.010912698412698412 0.026865671641791045
0 0.8154761904761905 0.8582089552238806 0.030753968253968252 0.08208955223880597