1 0.5367170626349892 0.6201298701298701 0.009719222462203024 0.022727272727272728
1 0.4870410367170626 0.6185064935064936 0.008639308855291577 0.022727272727272728
1 0.5464362850971922 0.9285714285714286 0.008639308855291577 0.021103896103896104
1 0.4794816414686825 0.9285714285714286 0.008639308855291577 0.022727272727272728
1 0.36285097192224625 0.9285714285714286 0.009719222462203024 0.022727272727272728
1 0.32397408207343414 0.9285714285714286 0.008639308855291577 0.021103896103896104
1 0.24298056155507558 0.9594155844155844 0.008639308855291577 0.024350649350649352
1 0.5237580993520519 0.6185064935064936 0.008639308855291577 0.022727272727272728
1 0.4611231101511879 0.6185064935064936 0.00755939524838013 0.022727272727272728
1 0.43088552915766737 0.6185064935064936 0.026997840172786176 0.027597402597402596
1 0.3758099352051836 0.5227272727272727 0.014038876889848811 0.012987012987012988
1 0.3466522678185745 0.6201298701298701 0.029157667386609073 0.025974025974025976
1 0.3693304535637149 0.5584415584415584 0.029157667386609073 0.025974025974025976
1 0.3434125269978402 0.5227272727272727 0.029157667386609073 0.025974025974025976
1 0.14794816414686826 0.6818181818181818 0.008639308855291577 0.022727272727272728
1 0.265658747300216 0.6185064935064936 0.008639308855291577 0.022727272727272728
1 0.24298056155507558 0.6185064935064936 0.008639308855291577 0.022727272727272728
1 0.2224622030237581 0.6185064935064936 0.008639308855291577 0.022727272727272728
1 0.007019438444924406 0.6631493506493507 0.011879049676025918 0.04383116883116883
1 0.06371490280777538 0.913961038961039 0.028077753779697623 0.027597402597402596
1 0.05723542116630669 0.8798701298701299 0.016198704103671708 0.01461038961038961
1 0.09719222462203024 0.948051948051948 0.0183585313174946 0.04220779220779221
1 0.03023758099352052 0.762987012987013 0.0183585313174946 0.04220779220779221
1 0.01079913606911447 0.8116883116883117 0.019438444924406047 0.022727272727272728
1 0.008099352051835854 0.760551948051948 0.014038876889848811 0.04383116883116883
1 0.49892008639308855 0.5422077922077922 0.012958963282937365 0.032467532467532464
0 0.1625269978401728 0.9910714285714286 0.035637149028077755 0.01461038961038961
0 0.36609071274298055 0.4659090909090909 0.035637149028077755 0.06493506493506493
0 0.5280777537796977 0.7743506493506493 0.17062634989200864 0.15097402597402598
0 0.12958963282937366 0.7905844155844156 0.07235421166306695 0.125
0 0.28725701943844495 0.7727272727272727 0.17062634989200864 0.15097402597402598
4 0.12526997840172785 0.8961038961038961 0.01079913606911447 0.025974025974025976
4 0.13822894168466524 0.8961038961038961 0.01079913606911447 0.025974025974025976
4 0.1695464362850972 0.9626623376623377 0.01079913606911447 0.025974025974025976
4 0.18250539956803455 0.961038961038961 0.01079913606911447 0.025974025974025976
4 0.1285097192224622 0.9512987012987013 0.01079913606911447 0.025974025974025976
4 0.14146868250539957 0.9512987012987013 0.01079913606911447 0.025974025974025976
4 0.16198704103671707 0.6801948051948052 0.009719222462203024 0.024350649350649352
4 0.47300215982721383 0.6185064935064936 0.009719222462203024 0.022727272727272728
4 0.5 0.6185064935064936 0.009719222462203024 0.024350649350649352
4 0.5637149028077754 0.6201298701298701 0.009719222462203024 0.025974025974025976
4 0.550755939524838 0.6201298701298701 0.008639308855291577 0.024350649350649352
4 0.5896328293736501 0.6266233766233766 0.016198704103671708 0.01461038961038961
4 0.5874730021598272 0.5892857142857143 0.016198704103671708 0.016233766233766232
4 0.30345572354211664 0.6233766233766234 0.016198704103671708 0.012987012987012988
4 0.49676025917926564 0.474025974025974 0.009719222462203024 0.024350649350649352
4 0.34989200863930886 0.9285714285714286 0.009719222462203024 0.024350649350649352
4 0.33585313174946 0.9285714285714286 0.009719222462203024 0.021103896103896104
4 0.36393088552915764 0.9935064935064936 0.019438444924406047 0.00974025974025974
4 0.5086393088552916 0.9237012987012987 0.016198704103671708 0.016233766233766232
4 0.3029157667386609 0.987012987012987 0.011879049676025918 0.022727272727272728
4 0.28833693304535635 0.9886363636363636 0.009719222462203024 0.021103896103896104