1 0.8934782608695652 0.5392156862745098 0.04673913043478261 0.03594771241830065
1 0.8173913043478261 0.565359477124183 0.02282608695652174 0.0196078431372549
1 0.825 0.3088235294117647 0.020652173913043477 0.042483660130718956
1 0.9891304347826086 0.3790849673202614 0.01956521739130435 0.0457516339869281
1 0.8478260869565217 0.3088235294117647 0.020652173913043477 0.042483660130718956
1 0.9391304347826087 0.3480392156862745 0.020652173913043477 0.042483660130718956
1 0.9630434782608696 0.3480392156862745 0.020652173913043477 0.042483660130718956
1 0.6684782608695652 0.3839869281045752 0.029347826086956522 0.027777777777777776
1 0.7891304347826087 0.3660130718954248 0.029347826086956522 0.027777777777777776
1 0.7891304347826087 0.33169934640522875 0.029347826086956522 0.027777777777777776
1 0.8934782608695652 0.46405228758169936 0.009782608695652175 0.021241830065359478
1 0.9065217391304348 0.46405228758169936 0.009782608695652175 0.02287581699346405
1 0.9065217391304348 0.016339869281045753 0.008695652173913044 0.024509803921568627
1 0.907608695652174 0.07352941176470588 0.008695652173913044 0.02287581699346405
1 0.8771739130434782 0.07026143790849673 0.015217391304347827 0.014705882352941176
1 0.8521739130434782 0.058823529411764705 0.016304347826086956 0.014705882352941176
1 0.933695652173913 0.07516339869281045 0.009782608695652175 0.02287581699346405
1 0.9141304347826087 0.12745098039215685 0.016304347826086956 0.014705882352941176
1 0.9141304347826087 0.10620915032679738 0.015217391304347827 0.014705882352941176
1 0.9369565217391305 0.16339869281045752 0.008695652173913044 0.024509803921568627
1 0.8760869565217392 0.25163398692810457 0.010869565217391304 0.02287581699346405
1 0.8630434782608696 0.25163398692810457 0.009782608695652175 0.021241830065359478
1 0.8358695652173913 0.2173202614379085 0.02391304347826087 0.06699346405228758
1 0.8043478260869565 0.23529411764705882 0.008695652173913044 0.02287581699346405
1 0.7913043478260869 0.23529411764705882 0.009782608695652175 0.02287581699346405
1 0.7717391304347826 0.22549019607843138 0.020652173913043477 0.04084967320261438
1 0.9184782608695652 0.1715686274509804 0.01956521739130435 0.0457516339869281
1 0.908695652173913 0.2581699346405229 0.008695652173913044 0.02287581699346405
1 0.7282608695652174 0.1111111111111111 0.02282608695652174 0.06699346405228758
1 0.6967391304347826 0.10457516339869281 0.01956521739130435 0.042483660130718956
1 0.7347826086956522 0.03758169934640523 0.021739130434782608 0.0196078431372549
1 0.991304347826087 0.3333333333333333 0.016304347826086956 0.014705882352941176
1 0.991304347826087 0.3137254901960784 0.016304347826086956 0.014705882352941176
2 0.9554347826086956 0.5326797385620915 0.03804347826086957 0.03431372549019608
0 0.8695652173913043 0.016339869281045753 0.021739130434782608 0.029411764705882353
0 0.7086956521739131 0.19607843137254902 0.042391304347826085 0.0392156862745098
0 0.7119565217391305 0.4411764705882353 0.02391304347826087 0.06699346405228758
0 0.9885869565217391 0.15849673202614378 0.020652173913043477 0.20588235294117646
0 0.6293478260869565 0.4411764705882353 0.02282608695652174 0.06372549019607843
4 0.6934782608695652 0.0392156862745098 0.017391304347826087 0.016339869281045753
4 0.8945652173913043 0.11764705882352941 0.010869565217391304 0.024509803921568627
4 0.9369565217391305 0.20588235294117646 0.009782608695652175 0.026143790849673203
4 0.9217391304347826 0.2581699346405229 0.009782608695652175 0.024509803921568627
4 0.9489130434782609 0.2777777777777778 0.010869565217391304 0.02287581699346405
4 0.7793478260869565 0.565359477124183 0.016304347826086956 0.016339869281045753
4 0.996195652173913 0.44362745098039214 0.005434782608695652 0.03758169934640523
4 0.9945652173913043 0.5049019607843137 0.008695652173913044 0.049019607843137254
4 0.6543478260869565 0.0718954248366013 0.04456521739130435 0.03758169934640523