1 0.4092827004219409 0.00870253164556962 0.029535864978902954 0.01740506329113924
1 0.3628691983122363 0.00870253164556962 0.010548523206751054 0.01740506329113924
1 0.33649789029535865 0.007911392405063292 0.015822784810126583 0.014240506329113924
1 0.2879746835443038 0.00870253164556962 0.008438818565400843 0.01740506329113924
1 0.25158227848101267 0.007911392405063292 0.00949367088607595 0.015822784810126583
1 0.5158227848101266 0.4287974683544304 0.00949367088607595 0.022151898734177215
1 0.46729957805907174 0.43037974683544306 0.008438818565400843 0.022151898734177215
1 0.5253164556962026 0.1281645569620253 0.008438818565400843 0.020569620253164556
1 0.459915611814346 0.1281645569620253 0.008438818565400843 0.022151898734177215
1 0.3459915611814346 0.1281645569620253 0.00949367088607595 0.022151898734177215
1 0.3080168776371308 0.1281645569620253 0.008438818565400843 0.020569620253164556
1 0.2289029535864979 0.0981012658227848 0.008438818565400843 0.023734177215189875
1 0.22679324894514769 0.007911392405063292 0.010548523206751054 0.015822784810126583
1 0.21255274261603377 0.007911392405063292 0.00949367088607595 0.015822784810126583
1 0.5031645569620253 0.43037974683544306 0.008438818565400843 0.022151898734177215
1 0.4419831223628692 0.43037974683544306 0.007383966244725738 0.022151898734177215
1 0.41244725738396626 0.43037974683544306 0.026371308016877638 0.02689873417721519
1 0.35864978902953587 0.5237341772151899 0.013713080168776372 0.012658227848101266
1 0.33016877637130804 0.4287974683544304 0.028481012658227847 0.02531645569620253
1 0.35232067510548526 0.4889240506329114 0.028481012658227847 0.02531645569620253
1 0.3270042194092827 0.5237341772151899 0.028481012658227847 0.02531645569620253
1 0.1360759493670886 0.3686708860759494 0.008438818565400843 0.022151898734177215
1 0.2510548523206751 0.43037974683544306 0.008438818565400843 0.022151898734177215
1 0.2289029535864979 0.43037974683544306 0.008438818565400843 0.022151898734177215
1 0.2088607594936709 0.43037974683544306 0.008438818565400843 0.022151898734177215
1 0.05379746835443038 0.14240506329113925 0.027426160337552744 0.02689873417721519
1 0.04746835443037975 0.17563291139240506 0.015822784810126583 0.014240506329113924
1 0.08649789029535865 0.10917721518987342 0.017932489451476793 0.04113924050632911
1 0.02109704641350211 0.28955696202531644 0.017932489451476793 0.04113924050632911
1 0.006329113924050633 0.24208860759493672 0.010548523206751054 0.022151898734177215
1 0.003691983122362869 0.29193037974683544 0.005274261603375527 0.04272151898734177
1 0.02109704641350211 0.030063291139240507 0.016877637130801686 0.012658227848101266
1 0.47890295358649787 0.504746835443038 0.012658227848101266 0.03164556962025317
0 0.14978902953586498 0.0490506329113924 0.03270042194092827 0.0490506329113924
0 0.3491561181434599 0.5791139240506329 0.03481012658227848 0.06329113924050633
0 0.5073839662447257 0.27848101265822783 0.16666666666666666 0.14715189873417722
0 0.11814345991561181 0.2626582278481013 0.07067510548523206 0.12183544303797468
0 0.2721518987341772 0.2800632911392405 0.16666666666666666 0.14715189873417722
4 0.11392405063291139 0.15981012658227847 0.010548523206751054 0.02531645569620253
4 0.12658227848101267 0.15981012658227847 0.010548523206751054 0.02531645569620253
4 0.1571729957805907 0.0949367088607595 0.010548523206751054 0.02531645569620253
4 0.169831223628692 0.09651898734177215 0.010548523206751054 0.02531645569620253
4 0.11708860759493671 0.1060126582278481 0.010548523206751054 0.02531645569620253
4 0.12974683544303797 0.1060126582278481 0.010548523206751054 0.02531645569620253
4 0.09018987341772151 0.004746835443037975 0.011603375527426161 0.00949367088607595
4 0.1719409282700422 0.0023734177215189874 0.0189873417721519 0.004746835443037975
4 0.14978902953586498 0.370253164556962 0.00949367088607595 0.023734177215189875
4 0.45358649789029537 0.43037974683544306 0.00949367088607595 0.022151898734177215
4 0.479957805907173 0.43037974683544306 0.00949367088607595 0.023734177215189875
4 0.5421940928270043 0.4287974683544304 0.00949367088607595 0.02531645569620253
4 0.5295358649789029 0.4287974683544304 0.008438818565400843 0.023734177215189875
4 0.5675105485232067 0.4224683544303797 0.015822784810126583 0.014240506329113924
4 0.5654008438818565 0.4588607594936709 0.015822784810126583 0.015822784810126583
4 0.2879746835443038 0.42563291139240506 0.015822784810126583 0.012658227848101266
4 0.4767932489451477 0.5712025316455697 0.00949367088607595 0.023734177215189875
4 0.48945147679324896 0.00870253164556962 0.010548523206751054 0.01740506329113924
4 0.47310126582278483 0.00870253164556962 0.011603375527426161 0.01740506329113924
4 0.3333333333333333 0.1281645569620253 0.00949367088607595 0.023734177215189875
4 0.31962025316455694 0.1281645569620253 0.00949367088607595 0.020569620253164556
4 0.3470464135021097 0.061708860759493674 0.016877637130801686 0.012658227848101266
4 0.33649789029535865 0.04113924050632911 0.015822784810126583 0.014240506329113924
4 0.4883966244725738 0.13291139240506328 0.015822784810126583 0.015822784810126583
4 0.2869198312236287 0.06962025316455696 0.00949367088607595 0.023734177215189875
4 0.2732067510548523 0.06962025316455696 0.00949367088607595 0.020569620253164556
4 0.5854430379746836 0.04746835443037975 0.00949367088607595 0.023734177215189875
4 0.5928270042194093 0.004746835443037975 0.0189873417721519 0.00949367088607595
4 0.6197257383966245 0.004746835443037975 0.017932489451476793 0.00949367088607595
4 0.6424050632911392 0.003955696202531646 0.0189873417721519 0.007911392405063292