1 0.4989130434782609 0.6225490196078431 0.009782608695652175 0.02287581699346405
1 0.4489130434782609 0.6209150326797386 0.008695652173913044 0.02287581699346405
1 0.508695652173913 0.9330065359477124 0.008695652173913044 0.021241830065359478
1 0.44130434782608696 0.9330065359477124 0.008695652173913044 0.02287581699346405
1 0.3239130434782609 0.9330065359477124 0.009782608695652175 0.02287581699346405
1 0.2847826086956522 0.9330065359477124 0.008695652173913044 0.021241830065359478
1 0.20326086956521738 0.9640522875816994 0.008695652173913044 0.024509803921568627
1 0.48586956521739133 0.6209150326797386 0.008695652173913044 0.02287581699346405
1 0.42282608695652174 0.6209150326797386 0.007608695652173913 0.02287581699346405
1 0.3923913043478261 0.6209150326797386 0.02717391304347826 0.027777777777777776
1 0.33695652173913043 0.5245098039215687 0.014130434782608696 0.013071895424836602
1 0.3076086956521739 0.6225490196078431 0.029347826086956522 0.026143790849673203
1 0.33043478260869563 0.5604575163398693 0.029347826086956522 0.026143790849673203
1 0.30434782608695654 0.5245098039215687 0.029347826086956522 0.026143790849673203
1 0.10760869565217392 0.684640522875817 0.008695652173913044 0.02287581699346405
1 0.22608695652173913 0.6209150326797386 0.008695652173913044 0.02287581699346405
1 0.20326086956521738 0.6209150326797386 0.008695652173913044 0.02287581699346405
1 0.1826086956521739 0.6209150326797386 0.008695652173913044 0.02287581699346405
1 0.02282608695652174 0.9183006535947712 0.02826086956521739 0.027777777777777776
1 0.016304347826086956 0.8839869281045751 0.016304347826086956 0.014705882352941176
1 0.05652173913043478 0.9526143790849673 0.01847826086956522 0.042483660130718956
1 0.4608695652173913 0.5441176470588235 0.013043478260869565 0.032679738562091505
0 0.12228260869565218 0.9934640522875817 0.035869565217391305 0.00980392156862745
0 0.32717391304347826 0.4673202614379085 0.035869565217391305 0.06535947712418301
0 0.4902173913043478 0.7777777777777778 0.17173913043478262 0.15196078431372548
0 0.0891304347826087 0.7941176470588235 0.07282608695652174 0.12581699346405228
0 0.24782608695652175 0.7761437908496732 0.17173913043478262 0.15196078431372548
4 0.08478260869565217 0.9003267973856209 0.010869565217391304 0.026143790849673203
4 0.09782608695652174 0.9003267973856209 0.010869565217391304 0.026143790849673203
4 0.12934782608695652 0.9673202614379085 0.010869565217391304 0.026143790849673203
4 0.1423913043478261 0.9656862745098039 0.010869565217391304 0.026143790849673203
4 0.08804347826086957 0.9558823529411765 0.010869565217391304 0.026143790849673203
4 0.10108695652173913 0.9558823529411765 0.010869565217391304 0.026143790849673203
4 0.12173913043478261 0.6830065359477124 0.009782608695652175 0.024509803921568627
4 0.43478260869565216 0.6209150326797386 0.009782608695652175 0.02287581699346405
4 0.46195652173913043 0.6209150326797386 0.009782608695652175 0.024509803921568627
4 0.5260869565217391 0.6225490196078431 0.009782608695652175 0.026143790849673203
4 0.5130434782608696 0.6225490196078431 0.008695652173913044 0.024509803921568627
4 0.5521739130434783 0.6290849673202614 0.016304347826086956 0.014705882352941176
4 0.55 0.5915032679738562 0.016304347826086956 0.016339869281045753
4 0.26413043478260867 0.6258169934640523 0.016304347826086956 0.013071895424836602
4 0.45869565217391306 0.47549019607843135 0.009782608695652175 0.024509803921568627
4 0.3108695652173913 0.9330065359477124 0.009782608695652175 0.024509803921568627
4 0.2967391304347826 0.9330065359477124 0.009782608695652175 0.021241830065359478
4 0.325 0.9959150326797386 0.01956521739130435 0.004901960784313725
4 0.4706521739130435 0.9281045751633987 0.016304347826086956 0.016339869281045753
4 0.26358695652173914 0.9893790849673203 0.011956521739130435 0.017973856209150325
4 0.24945652173913044 0.9901960784313726 0.011956521739130435 0.016339869281045753