1 0.9 0.8251633986928104 0.04456521739130435 0.05228758169934641
1 0.9 0.7598039215686274 0.04456521739130435 0.05228758169934641
1 0.9010869565217391 0.6993464052287581 0.042391304347826085 0.03431372549019608
1 0.8815217391304347 0.6584967320261438 0.015217391304347827 0.014705882352941176
1 0.9054347826086957 0.6421568627450981 0.011956521739130435 0.032679738562091505
1 0.8891304347826087 0.5702614379084967 0.011956521739130435 0.032679738562091505
1 0.8989130434782608 0.4869281045751634 0.02391304347826087 0.06535947712418301
1 0.8717391304347826 0.4869281045751634 0.008695652173913044 0.021241830065359478
1 0.9347826086956522 0.48856209150326796 0.021739130434782608 0.06372549019607843
1 0.9706521739130435 0.4869281045751634 0.02282608695652174 0.06372549019607843
1 0.6467391304347826 0.5751633986928104 0.02282608695652174 0.017973856209150325
1 0.6304347826086957 0.6160130718954249 0.043478260869565216 0.03431372549019608
1 0.6293478260869565 0.6650326797385621 0.042391304347826085 0.032679738562091505
1 0.7032608695652174 0.9183006535947712 0.02826086956521739 0.027777777777777776
1 0.6847826086956522 0.8398692810457516 0.034782608695652174 0.07026143790849673
1 0.6423913043478261 0.8382352941176471 0.035869565217391305 0.0718954248366013
1 0.5880434782608696 0.8970588235294118 0.04565217391304348 0.05392156862745098
1 0.5880434782608696 0.8316993464052288 0.04565217391304348 0.05228758169934641
1 0.7543478260869565 0.954248366013072 0.02826086956521739 0.027777777777777776
1 0.7597826086956522 0.9836601307189542 0.016304347826086956 0.014705882352941176
1 0.8217391304347826 0.7565359477124183 0.008695652173913044 0.02287581699346405
1 0.7804347826086957 0.7565359477124183 0.008695652173913044 0.02287581699346405
1 0.7641304347826087 0.7565359477124183 0.008695652173913044 0.02287581699346405
1 0.8489130434782609 0.7565359477124183 0.009782608695652175 0.026143790849673203
1 0.8152173913043478 0.8186274509803921 0.008695652173913044 0.024509803921568627
1 0.7989130434782609 0.8186274509803921 0.009782608695652175 0.026143790849673203
1 0.7119565217391305 0.7696078431372549 0.013043478260869565 0.032679738562091505
1 0.6543478260869565 0.4362745098039216 0.015217391304347827 0.016339869281045753
1 0.6217391304347826 0.4362745098039216 0.016304347826086956 0.013071895424836602
1 0.7456521739130435 0.3382352941176471 0.02282608695652174 0.06372549019607843
1 0.7195652173913043 0.39052287581699346 0.009782608695652175 0.024509803921568627
1 0.8315217391304348 0.3366013071895425 0.01847826086956522 0.042483660130718956
1 0.7043478260869566 0.26633986928104575 0.009782608695652175 0.021241830065359478
1 0.6978260869565217 0.23202614379084968 0.016304347826086956 0.014705882352941176
1 0.6717391304347826 0.24509803921568626 0.016304347826086956 0.016339869281045753
1 0.6717391304347826 0.22549019607843138 0.015217391304347827 0.014705882352941176
1 0.6445652173913043 0.22549019607843138 0.015217391304347827 0.014705882352941176
1 0.6456521739130435 0.18790849673202614 0.017391304347826087 0.014705882352941176
1 0.7456521739130435 0.23039215686274508 0.009782608695652175 0.024509803921568627
1 0.6554347826086957 0.49673202614379086 0.015217391304347827 0.014705882352941176
0 0.6771739130434783 0.9689542483660131 0.042391304347826085 0.03431372549019608
0 0.933695652173913 0.5718954248366013 0.02608695652173913 0.06209150326797386
0 0.65 0.3431372549019608 0.04673913043478261 0.04084967320261438
0 0.7076086956521739 0.1830065359477124 0.01847826086956522 0.049019607843137254
0 0.7760869565217391 0.5784313725490197 0.1358695652173913 0.2042483660130719
4 0.6717391304347826 0.1895424836601307 0.016304347826086956 0.016339869281045753
4 0.6445652173913043 0.26633986928104575 0.017391304347826087 0.014705882352941176
4 0.6445652173913043 0.24509803921568626 0.017391304347826087 0.014705882352941176
4 0.7184782608695652 0.26633986928104575 0.010869565217391304 0.024509803921568627
4 0.7315217391304348 0.2369281045751634 0.009782608695652175 0.02287581699346405
4 0.758695652173913 0.23039215686274508 0.009782608695652175 0.024509803921568627
4 0.6543478260869565 0.4150326797385621 0.016304347826086956 0.014705882352941176
4 0.6217391304347826 0.4150326797385621 0.016304347826086956 0.014705882352941176
4 0.7054347826086956 0.40522875816993464 0.009782608695652175 0.02287581699346405
4 0.6934782608695652 0.4035947712418301 0.009782608695652175 0.02287581699346405
4 0.7695652173913043 0.40522875816993464 0.010869565217391304 0.024509803921568627
4 0.7923913043478261 0.40522875816993464 0.009782608695652175 0.024509803921568627
4 0.8173913043478261 0.3954248366013072 0.009782608695652175 0.026143790849673203
4 0.6760869565217391 0.7222222222222222 0.009782608695652175 0.024509803921568627
4 0.7423913043478261 0.7581699346405228 0.01847826086956522 0.016339869281045753
4 0.7554347826086957 0.8169934640522876 0.010869565217391304 0.024509803921568627
4 0.7293478260869565 0.8186274509803921 0.010869565217391304 0.024509803921568627
4 0.7858695652173913 0.8186274509803921 0.010869565217391304 0.02287581699346405
4 0.8293478260869566 0.8186274509803921 0.010869565217391304 0.02287581699346405
4 0.8347826086956521 0.7565359477124183 0.009782608695652175 0.02287581699346405
4 0.8706521739130435 0.8774509803921569 0.01956521739130435 0.014705882352941176
4 0.875 0.3758169934640523 0.04456521739130435 0.03594771241830065