1 0.4004237288135593 0.1178343949044586 0.012711864406779662 0.030254777070063694
1 0.11122881355932203 0.5987261146496815 0.01059322033898305 0.030254777070063694
5 0.9973516949152542 0.446656050955414 0.0031779661016949155 0.042993630573248405
5 0.9973516949152542 0.5581210191082803 0.0031779661016949155 0.042993630573248405
5 0.9973516949152542 0.5007961783439491 0.0031779661016949155 0.042993630573248405
4 0.9682203389830508 0.6305732484076433 0.01694915254237288 0.03821656050955414
4 0.8538135593220338 0.6114649681528662 0.0211864406779661 0.01910828025477707
4 0.8538135593220338 0.5477707006369427 0.020127118644067795 0.01910828025477707
4 0.8548728813559322 0.5079617834394905 0.019067796610169493 0.01910828025477707
5 0.6684322033898306 0.4171974522292994 0.019067796610169493 0.03821656050955414
5 0.6673728813559322 0.7070063694267515 0.019067796610169493 0.03821656050955414
5 0.6673728813559322 0.6528662420382165 0.019067796610169493 0.03821656050955414
5 0.6673728813559322 0.5939490445859873 0.019067796610169493 0.03821656050955414
5 0.6684322033898306 0.5286624203821656 0.019067796610169493 0.03821656050955414
5 0.6673728813559322 0.4729299363057325 0.019067796610169493 0.03821656050955414
0 0.7955508474576272 0.2356687898089172 0.07203389830508475 0.15605095541401273
4 0.7108050847457628 0.25955414012738853 0.014830508474576272 0.03503184713375796
4 0.5582627118644068 0.17197452229299362 0.025423728813559324 0.02388535031847134
4 0.3591101694915254 0.1464968152866242 0.024364406779661018 0.02388535031847134
4 0.8072033898305084 0.06050955414012739 0.01694915254237288 0.03662420382165605
0 0.6101694915254238 0.1592356687898089 0.036016949152542374 0.03662420382165605
0 0.4343220338983051 0.12898089171974522 0.020127118644067795 0.04936305732484077
0 0.4650423728813559 0.027070063694267517 0.3156779661016949 0.050955414012738856
4 0.1853813559322034 0.03821656050955414 0.022245762711864406 0.020700636942675158
0 0.04449152542372881 0.08121019108280254 0.05826271186440678 0.0732484076433121
4 0.04449152542372881 0.18949044585987262 0.012711864406779662 0.03184713375796178
4 0.02754237288135593 0.18949044585987262 0.012711864406779662 0.03184713375796178
4 0.006355932203389831 0.2746815286624204 0.01059322033898305 0.03343949044585987
4 0.006355932203389831 0.320859872611465 0.01059322033898305 0.03662420382165605
4 0.045550847457627115 0.4299363057324841 0.019067796610169493 0.03980891719745223
0 0.06779661016949153 0.5652866242038217 0.057203389830508475 0.06687898089171974
2 0.0031779661016949155 0.5628980891719745 0.00423728813559322 0.03980891719745223
4 0.15572033898305085 0.6624203821656051 0.012711864406779662 0.03503184713375796
4 0.13029661016949154 0.6751592356687898 0.0211864406779661 0.020700636942675158
5 0.1292372881355932 0.7197452229299363 0.028601694915254237 0.027070063694267517
1 0.04449152542372881 0.7404458598726115 0.08686440677966102 0.13694267515923567
0 0.701271186440678 0.07563694267515923 0.05296610169491525 0.1480891719745223
0 0.9184322033898306 0.05732484076433121 0.11864406779661017 0.08121019108280254