1 0.5927835051546392 0.1393188854489164 0.012371134020618556 0.029411764705882353
1 0.8742268041237113 0.6068111455108359 0.010309278350515464 0.029411764705882353
1 0.9969072164948454 0.2917956656346749 0.004123711340206186 0.03869969040247678
5 0.006701030927835051 0.4582043343653251 0.013402061855670102 0.04024767801857585
5 0.006701030927835051 0.56656346749226 0.013402061855670102 0.04024767801857585
5 0.006701030927835051 0.5108359133126935 0.013402061855670102 0.04024767801857585
4 0.04020618556701031 0.6377708978328174 0.016494845360824743 0.03715170278637771
4 0.1515463917525773 0.6191950464396285 0.020618556701030927 0.018575851393188854
4 0.1515463917525773 0.5572755417956656 0.01958762886597938 0.018575851393188854
4 0.15051546391752577 0.5185758513931888 0.018556701030927835 0.018575851393188854
5 0.3319587628865979 0.43034055727554177 0.018556701030927835 0.03715170278637771
5 0.33298969072164947 0.7120743034055728 0.018556701030927835 0.03715170278637771
5 0.33298969072164947 0.6594427244582043 0.018556701030927835 0.03715170278637771
5 0.33298969072164947 0.6021671826625387 0.018556701030927835 0.03715170278637771
5 0.3319587628865979 0.5386996904024768 0.018556701030927835 0.03715170278637771
5 0.33298969072164947 0.4845201238390093 0.018556701030927835 0.03715170278637771
0 0.20824742268041238 0.25386996904024767 0.07010309278350516 0.15170278637770898
4 0.2907216494845361 0.2770897832817337 0.01443298969072165 0.034055727554179564
4 0.43917525773195876 0.19195046439628483 0.024742268041237112 0.02321981424148607
4 0.6329896907216495 0.16718266253869968 0.023711340206185566 0.02321981424148607
4 0.19690721649484536 0.08359133126934984 0.016494845360824743 0.03560371517027864
0 0.388659793814433 0.17956656346749225 0.03505154639175258 0.03560371517027864
0 0.5597938144329897 0.15015479876160992 0.01958762886597938 0.047987616099071206
0 0.5298969072164949 0.03869969040247678 0.30721649484536084 0.07430340557275542
4 0.8036082474226804 0.01393188854489164 0.01958762886597938 0.02476780185758514
4 0.8020618556701031 0.06191950464396285 0.021649484536082474 0.020123839009287926
4 0.9484536082474226 0.01238390092879257 0.020618556701030927 0.018575851393188854
4 0.9783505154639175 0.010835913312693499 0.01958762886597938 0.018575851393188854
0 0.9391752577319588 0.10371517027863777 0.05670103092783505 0.07120743034055728
4 0.9391752577319588 0.2089783281733746 0.012371134020618556 0.030959752321981424
4 0.9556701030927836 0.2089783281733746 0.012371134020618556 0.030959752321981424
4 0.977319587628866 0.29256965944272445 0.01134020618556701 0.030959752321981424
4 0.977319587628866 0.33746130030959753 0.012371134020618556 0.034055727554179564
4 0.9381443298969072 0.44272445820433437 0.018556701030927835 0.03869969040247678
0 0.9164948453608247 0.5743034055727554 0.05567010309278351 0.06501547987616099
2 0.9855670103092784 0.5727554179566563 0.015463917525773196 0.03715170278637771
4 0.8309278350515464 0.6687306501547987 0.012371134020618556 0.034055727554179564
4 0.8556701030927835 0.6811145510835913 0.020618556701030927 0.020123839009287926
5 0.856701030927835 0.7244582043343654 0.027835051546391754 0.02631578947368421
1 0.9402061855670103 0.7445820433436533 0.0865979381443299 0.13157894736842105
0 0.3 0.08591331269349846 0.05154639175257732 0.16873065015479877
0 0.088659793814433 0.0804953560371517 0.1154639175257732 0.07894736842105263