1 0.6825396825396826 0.14626865671641792 0.017857142857142856 0.014925373134328358
1 0.6527777777777778 0.2701492537313433 0.018849206349206348 0.016417910447761194
1 0.6746031746031746 0.4552238805970149 0.018849206349206348 0.01791044776119403
1 0.6785714285714286 0.5686567164179105 0.018849206349206348 0.016417910447761194
1 0.37103174603174605 0.5417910447761194 0.017857142857142856 0.016417910447761194
1 0.23015873015873015 0.6164179104477612 0.017857142857142856 0.014925373134328358
1 0.6666666666666666 0.6895522388059702 0.018849206349206348 0.016417910447761194
4 0.4166666666666667 0.5417910447761194 0.0248015873015873 0.023880597014925373
4 0.6815476190476191 0.17761194029850746 0.020833333333333332 0.01791044776119403
4 0.6537698412698413 0.29701492537313434 0.020833333333333332 0.01791044776119403
4 0.6666666666666666 0.36268656716417913 0.0248015873015873 0.023880597014925373
4 0.4166666666666667 0.5746268656716418 0.023809523809523808 0.01791044776119403
4 0.4166666666666667 0.608955223880597 0.023809523809523808 0.025373134328358207
1 0.1488095238095238 0.36716417910447763 0.020833333333333332 0.016417910447761194
1 0.1001984126984127 0.3656716417910448 0.017857142857142856 0.014925373134328358
1 0.18551587301587302 0.6164179104477612 0.018849206349206348 0.014925373134328358
4 0.14285714285714285 0.5014925373134328 0.018849206349206348 0.019402985074626865
4 0.10317460317460317 0.5029850746268657 0.020833333333333332 0.01791044776119403
4 0.16765873015873015 0.4223880597014925 0.020833333333333332 0.01791044776119403
4 0.12996031746031747 0.4208955223880597 0.018849206349206348 0.014925373134328358