1 0.4947033898305085 0.42356687898089174 0.012711864406779662 0.028662420382165606
1 0.4957627118644068 0.35828025477707004 0.01059322033898305 0.027070063694267517
1 0.635593220338983 0.2054140127388535 0.019067796610169493 0.01751592356687898
1 0.635593220338983 0.16878980891719744 0.020127118644067795 0.01592356687898089
1 0.1684322033898305 0.006369426751592357 0.0211864406779661 0.009554140127388535
4 0.7574152542372882 0.7133757961783439 0.025423728813559324 0.027070063694267517
4 0.6334745762711864 0.535031847133758 0.0211864406779661 0.022292993630573247
4 0.6345338983050848 0.5668789808917197 0.0211864406779661 0.022292993630573247
3 0.635593220338983 0.4394904458598726 0.019067796610169493 0.01910828025477707
3 0.5222457627118644 0.42356687898089174 0.011652542372881356 0.028662420382165606
3 0.5233050847457628 0.35828025477707004 0.01059322033898305 0.028662420382165606
5 0.1875 0.5843949044585988 0.024364406779661018 0.02388535031847134
2 0.5286016949152542 0.6321656050955414 0.024364406779661018 0.02388535031847134
2 0.4375 0.6321656050955414 0.024364406779661018 0.02388535031847134
5 0.3972457627118644 0.552547770700637 0.04766949152542373 0.04777070063694268
5 0.5550847457627118 0.552547770700637 0.05296610169491525 0.04777070063694268
5 0.5042372881355932 0.552547770700637 0.05296610169491525 0.04777070063694268
5 0.4480932203389831 0.552547770700637 0.05296610169491525 0.04777070063694268
4 0.2574152542372881 0.5939490445859873 0.025423728813559324 0.02388535031847134
4 0.2574152542372881 0.5334394904458599 0.026483050847457626 0.027070063694267517
4 0.21716101694915255 0.4315286624203822 0.025423728813559324 0.02388535031847134
4 0.22033898305084745 0.5923566878980892 0.011652542372881356 0.03184713375796178
4 0.04025423728813559 0.5605095541401274 0.020127118644067795 0.05573248407643312
4 0.06567796610169492 0.5605095541401274 0.020127118644067795 0.05573248407643312
5 0.005826271186440678 0.5493630573248408 0.009533898305084746 0.041401273885350316
0 0.04343220338983051 0.45063694267515925 0.06038135593220339 0.06687898089171974
4 0.5391949152542372 0.42356687898089174 0.013771186440677966 0.030254777070063694
5 0.5455508474576272 0.2340764331210191 0.03283898305084746 0.07484076433121019
5 0.4502118644067797 0.25477707006369427 0.03283898305084746 0.07484076433121019
2 0.6366525423728814 0.2659235668789809 0.015889830508474576 0.03821656050955414
4 0.4989406779661017 0.21178343949044587 0.0211864406779661 0.01751592356687898
4 0.4004237288135593 0.22929936305732485 0.022245762711864406 0.020700636942675158
4 0.5391949152542372 0.07643312101910828 0.012711864406779662 0.03184713375796178
4 0.5233050847457628 0.07643312101910828 0.011652542372881356 0.030254777070063694
4 0.5391949152542372 0.13853503184713375 0.012711864406779662 0.03184713375796178
4 0.5233050847457628 0.13853503184713375 0.011652542372881356 0.030254777070063694
5 0.4163135593220339 0.07643312101910828 0.018008474576271187 0.03662420382165605
4 0.5391949152542372 0.13853503184713375 0.012711864406779662 0.03184713375796178
4 0.5233050847457628 0.13853503184713375 0.011652542372881356 0.030254777070063694
5 0.4872881355932203 0.13853503184713375 0.018008474576271187 0.03662420382165605
5 0.5783898305084746 0.07961783439490445 0.018008474576271187 0.03662420382165605
5 0.5783898305084746 0.13853503184713375 0.018008474576271187 0.03662420382165605
5 0.4872881355932203 0.07643312101910828 0.018008474576271187 0.03662420382165605
4 0.1641949152542373 0.14968152866242038 0.023305084745762712 0.020700636942675158
4 0.23940677966101695 0.0732484076433121 0.0211864406779661 0.020700636942675158