1 0.30345572354211664 0.922077922077922 0.019438444924406047 0.016233766233766232
1 0.33585313174946 0.7873376623376623 0.020518358531317494 0.017857142857142856
1 0.3120950323974082 0.586038961038961 0.020518358531317494 0.01948051948051948
1 0.3077753779697624 0.46266233766233766 0.020518358531317494 0.017857142857142856
1 0.642548596112311 0.49188311688311687 0.019438444924406047 0.017857142857142856
1 0.7958963282937365 0.4107142857142857 0.019438444924406047 0.016233766233766232
1 0.3207343412526998 0.33116883116883117 0.020518358531317494 0.017857142857142856
4 0.5928725701943844 0.49188311688311687 0.026997840172786176 0.025974025974025976
4 0.3045356371490281 0.887987012987013 0.02267818574514039 0.01948051948051948
4 0.3347732181425486 0.7581168831168831 0.02267818574514039 0.01948051948051948
4 0.3207343412526998 0.6866883116883117 0.026997840172786176 0.025974025974025976
4 0.5928725701943844 0.45616883116883117 0.02591792656587473 0.01948051948051948
4 0.5928725701943844 0.41883116883116883 0.02591792656587473 0.027597402597402596
1 0.8844492440604752 0.6818181818181818 0.02267818574514039 0.017857142857142856
1 0.937365010799136 0.6834415584415584 0.019438444924406047 0.016233766233766232
1 0.8444924406047516 0.4107142857142857 0.020518358531317494 0.016233766233766232
4 0.8909287257019438 0.5357142857142857 0.020518358531317494 0.021103896103896104
4 0.9341252699784017 0.5340909090909091 0.02267818574514039 0.01948051948051948
4 0.8639308855291576 0.6217532467532467 0.02267818574514039 0.01948051948051948
4 0.9049676025917927 0.6233766233766234 0.020518358531317494 0.016233766233766232