1 0.7327044025157232 0.2664576802507837 0.016771488469601678 0.03605015673981191
1 0.6928721174004193 0.34169278996865204 0.018867924528301886 0.014106583072100314
1 0.6530398322851153 0.3871473354231975 0.018867924528301886 0.01567398119122257
1 0.6981132075471698 0.5297805642633229 0.010482180293501049 0.02821316614420063
1 0.6981132075471698 0.5736677115987461 0.011530398322851153 0.029780564263322883
1 0.6582809224318659 0.5862068965517241 0.01781970649895178 0.01567398119122257
1 0.8647798742138365 0.5846394984326019 0.010482180293501049 0.02821316614420063
2 0.7515723270440252 0.5501567398119123 0.014675052410901468 0.032915360501567396
2 0.6561844863731656 0.5501567398119123 0.014675052410901468 0.032915360501567396
0 0.7023060796645703 0.0768025078369906 0.02620545073375262 0.02821316614420063
0 0.6593291404612159 0.07523510971786834 0.02620545073375262 0.02821316614420063
0 0.70020964360587 0.3871473354231975 0.020964360587002098 0.050156739811912224
0 0.7955974842767296 0.07523510971786834 0.057651991614255764 0.07836990595611286
0 0.8218029350104822 0.5532915360501567 0.05450733752620545 0.06426332288401254
4 0.6063941299790356 0.006269592476489028 0.019916142557651992 0.012539184952978056
4 0.5408805031446541 0.19278996865203762 0.01781970649895178 0.03605015673981191
4 0.7809224318658281 0.18025078369905956 0.010482180293501049 0.029780564263322883
4 0.7966457023060797 0.18025078369905956 0.012578616352201259 0.03134796238244514
4 0.7987421383647799 0.41849529780564265 0.01781970649895178 0.03605015673981191
4 0.7148846960167715 0.5282131661442007 0.010482180293501049 0.03134796238244514
4 0.7159329140461216 0.5736677115987461 0.010482180293501049 0.029780564263322883
4 0.4947589098532495 0.44357366771159873 0.018867924528301886 0.03761755485893417
4 0.8836477987421384 0.6614420062695925 0.019916142557651992 0.01567398119122257
4 0.9088050314465409 0.6489028213166145 0.011530398322851153 0.03134796238244514
4 0.6593291404612159 0.13949843260188088 0.011530398322851153 0.029780564263322883
4 0.9350104821802935 0.03134796238244514 0.0220125786163522 0.02037617554858934
4 0.6582809224318659 0.5156739811912225 0.019916142557651992 0.017241379310344827
4 0.7232704402515723 0.3166144200626959 0.020964360587002098 0.017241379310344827
4 0.7589098532494759 0.26489028213166144 0.011530398322851153 0.029780564263322883
4 0.7578616352201258 0.31191222570532917 0.011530398322851153 0.029780564263322883
4 0.6928721174004193 0.3166144200626959 0.020964360587002098 0.017241379310344827
5 0.6928721174004193 0.26489028213166144 0.02620545073375262 0.025078369905956112
5 0.6928721174004193 0.16300940438871472 0.02620545073375262 0.025078369905956112
5 0.8825995807127882 0.7053291536050157 0.027253668763102725 0.025078369905956112