1 0.6894409937888198 0.15109034267912771 0.018633540372670808 0.01557632398753894
1 0.6583850931677019 0.2803738317757009 0.019668737060041408 0.017133956386292833
1 0.6811594202898551 0.4735202492211838 0.019668737060041408 0.018691588785046728
1 0.6853002070393375 0.5919003115264797 0.019668737060041408 0.017133956386292833
1 0.36438923395445133 0.5638629283489096 0.018633540372670808 0.017133956386292833
1 0.21739130434782608 0.6417445482866043 0.018633540372670808 0.01557632398753894
1 0.6728778467908902 0.7180685358255452 0.019668737060041408 0.017133956386292833
4 0.41200828157349895 0.5638629283489096 0.025879917184265012 0.024922118380062305
4 0.6884057971014492 0.1838006230529595 0.021739130434782608 0.018691588785046728
4 0.6594202898550725 0.308411214953271 0.021739130434782608 0.018691588785046728
4 0.6728778467908902 0.37694704049844235 0.025879917184265012 0.024922118380062305
4 0.41200828157349895 0.5981308411214953 0.024844720496894408 0.018691588785046728
4 0.41200828157349895 0.6339563862928349 0.024844720496894408 0.0264797507788162
1 0.13250517598343686 0.38161993769470404 0.021739130434782608 0.017133956386292833
1 0.08178053830227744 0.38006230529595014 0.018633540372670808 0.01557632398753894
1 0.17080745341614906 0.6417445482866043 0.019668737060041408 0.01557632398753894
4 0.12629399585921325 0.5218068535825545 0.019668737060041408 0.020249221183800622
4 0.08488612836438923 0.5233644859813084 0.021739130434782608 0.018691588785046728
4 0.15217391304347827 0.4392523364485981 0.021739130434782608 0.018691588785046728
4 0.11283643892339544 0.43769470404984423 0.019668737060041408 0.01557632398753894