1 0.3951781970649895 0.11006289308176101 0.012578616352201259 0.029874213836477988
1 0.1090146750524109 0.5849056603773585 0.010482180293501049 0.029874213836477988
5 0.9916142557651991 0.43474842767295596 0.014675052410901468 0.04245283018867924
5 0.9916142557651991 0.5448113207547169 0.014675052410901468 0.04245283018867924
5 0.9916142557651991 0.4882075471698113 0.014675052410901468 0.04245283018867924
4 0.9570230607966457 0.6163522012578616 0.016771488469601678 0.03773584905660377
4 0.8438155136268344 0.5974842767295597 0.020964360587002098 0.018867924528301886
4 0.8438155136268344 0.5345911949685535 0.019916142557651992 0.018867924528301886
4 0.8448637316561844 0.49528301886792453 0.018867924528301886 0.018867924528301886
5 0.660377358490566 0.4056603773584906 0.018867924528301886 0.03773584905660377
5 0.6593291404612159 0.6918238993710691 0.018867924528301886 0.03773584905660377
5 0.6593291404612159 0.6383647798742138 0.018867924528301886 0.03773584905660377
5 0.6593291404612159 0.5801886792452831 0.018867924528301886 0.03773584905660377
5 0.660377358490566 0.5157232704402516 0.018867924528301886 0.03773584905660377
5 0.6593291404612159 0.4606918238993711 0.018867924528301886 0.03773584905660377
0 0.7861635220125787 0.22641509433962265 0.07127882599580712 0.1540880503144654
4 0.7023060796645703 0.25 0.014675052410901468 0.03459119496855346
4 0.5513626834381551 0.16352201257861634 0.025157232704402517 0.02358490566037736
4 0.35429769392033544 0.13836477987421383 0.02410901467505241 0.02358490566037736
4 0.7976939203354297 0.05345911949685535 0.016771488469601678 0.036163522012578615
0 0.6027253668763103 0.1509433962264151 0.03563941299790356 0.036163522012578615
0 0.42872117400419285 0.12106918238993711 0.019916142557651992 0.04874213836477988
0 0.4591194968553459 0.02358490566037736 0.31236897274633124 0.0440251572327044
4 0.18238993710691823 0.031446540880503145 0.0220125786163522 0.020440251572327043
0 0.0429769392033543 0.07389937106918239 0.057651991614255764 0.07232704402515723
4 0.0429769392033543 0.18081761006289307 0.012578616352201259 0.031446540880503145
4 0.02620545073375262 0.18081761006289307 0.012578616352201259 0.031446540880503145
4 0.005765199161425576 0.264937106918239 0.009433962264150943 0.0330188679245283
4 0.005765199161425576 0.31053459119496857 0.009433962264150943 0.036163522012578615
4 0.0440251572327044 0.41823899371069184 0.018867924528301886 0.03930817610062893
0 0.0660377358490566 0.5518867924528302 0.05660377358490566 0.0660377358490566
2 0.002620545073375262 0.5495283018867925 0.0031446540880503146 0.03930817610062893
4 0.1530398322851153 0.6477987421383647 0.012578616352201259 0.03459119496855346
4 0.1278825995807128 0.660377358490566 0.020964360587002098 0.020440251572327043
5 0.12683438155136267 0.7044025157232704 0.02830188679245283 0.026729559748427674
1 0.04350104821802935 0.7248427672955975 0.08490566037735849 0.13522012578616352
0 0.6928721174004193 0.07154088050314465 0.05241090146750524 0.139937106918239
0 0.9077568134171907 0.050314465408805034 0.11740041928721175 0.08018867924528301