1 0.734341252699784 0.25806451612903225 0.017278617710583154 0.037096774193548385
1 0.693304535637149 0.33548387096774196 0.019438444924406047 0.014516129032258065
1 0.652267818574514 0.38225806451612904 0.019438444924406047 0.016129032258064516
1 0.6987041036717062 0.5290322580645161 0.01079913606911447 0.02903225806451613
1 0.6987041036717062 0.5741935483870968 0.011879049676025918 0.03064516129032258
1 0.6576673866090713 0.5870967741935483 0.0183585313174946 0.016129032258064516
1 0.8704103671706264 0.5854838709677419 0.01079913606911447 0.02903225806451613
2 0.7537796976241901 0.55 0.01511879049676026 0.03387096774193549
2 0.6555075593952484 0.55 0.01511879049676026 0.03387096774193549
0 0.703023758099352 0.06290322580645161 0.026997840172786176 0.02903225806451613
0 0.6587473002159827 0.06129032258064516 0.026997840172786176 0.02903225806451613
0 0.7008639308855291 0.38225806451612904 0.02159827213822894 0.05161290322580645
0 0.7991360691144709 0.06129032258064516 0.05939524838012959 0.08064516129032258
0 0.826133909287257 0.5532258064516129 0.056155507559395246 0.06612903225806452
4 0.5367170626349892 0.18225806451612903 0.0183585313174946 0.037096774193548385
4 0.7840172786177105 0.1693548387096774 0.01079913606911447 0.03064516129032258
4 0.8002159827213823 0.1693548387096774 0.012958963282937365 0.03225806451612903
4 0.8023758099352052 0.41451612903225804 0.0183585313174946 0.037096774193548385
4 0.7159827213822895 0.5274193548387097 0.01079913606911447 0.03225806451612903
4 0.7170626349892009 0.5741935483870968 0.01079913606911447 0.03064516129032258
4 0.4892008639308855 0.4403225806451613 0.019438444924406047 0.03870967741935484
4 0.8898488120950324 0.6645161290322581 0.020518358531317494 0.016129032258064516
4 0.9157667386609071 0.6516129032258065 0.011879049676025918 0.03225806451612903
4 0.6587473002159827 0.12741935483870967 0.011879049676025918 0.03064516129032258
4 0.9427645788336934 0.016129032258064516 0.02267818574514039 0.020967741935483872
4 0.6576673866090713 0.5145161290322581 0.020518358531317494 0.017741935483870968
4 0.724622030237581 0.3096774193548387 0.02159827213822894 0.017741935483870968
4 0.7613390928725702 0.2564516129032258 0.011879049676025918 0.03064516129032258
4 0.7602591792656588 0.30483870967741933 0.011879049676025918 0.03064516129032258
4 0.693304535637149 0.3096774193548387 0.02159827213822894 0.017741935483870968
5 0.693304535637149 0.2564516129032258 0.026997840172786176 0.025806451612903226
5 0.693304535637149 0.15161290322580645 0.026997840172786176 0.025806451612903226
5 0.8887688984881209 0.7096774193548387 0.028077753779697623 0.025806451612903226