1 0.9136069114470843 0.4645161290322581 0.016198704103671708 0.035483870967741936
1 0.9362850971922246 0.4645161290322581 0.016198704103671708 0.035483870967741936
1 0.9908207343412527 0.47661290322580646 0.016198704103671708 0.017741935483870968
1 0.787257019438445 0.7741935483870968 0.019438444924406047 0.017741935483870968
2 0.7958963282937365 0.8741935483870967 0.023758099352051837 0.024193548387096774
2 0.7267818574514039 0.8016129032258065 0.023758099352051837 0.024193548387096774
2 0.7958963282937365 0.8306451612903226 0.023758099352051837 0.024193548387096774
0 0.5809935205183585 0.8451612903225807 0.15766738660907129 0.23387096774193547
0 0.9503239740820735 0.9814516129032258 0.05399568034557235 0.03387096774193549
0 0.13876889848812096 0.832258064516129 0.2775377969762419 0.33225806451612905
3 0.8801295896328294 0.4645161290322581 0.032397408207343416 0.054838709677419356
4 0.09935205183585313 0.5580645161290323 0.024838012958963283 0.027419354838709678
4 0.1976241900647948 0.5580645161290323 0.02591792656587473 0.025806451612903226
4 0.01079913606911447 0.5604838709677419 0.02159827213822894 0.027419354838709678
4 0.03779697624190065 0.5580645161290323 0.024838012958963283 0.027419354838709678
4 0.06911447084233262 0.5564516129032258 0.02591792656587473 0.025806451612903226
4 0.1306695464362851 0.5580645161290323 0.02591792656587473 0.025806451612903226
4 0.7267818574514039 0.867741935483871 0.019438444924406047 0.035483870967741936
4 0.7267818574514039 0.9209677419354839 0.019438444924406047 0.037096774193548385
4 0.38120950323974084 0.6225806451612903 0.019438444924406047 0.035483870967741936
4 0.38120950323974084 0.6693548387096774 0.019438444924406047 0.037096774193548385
4 0.38120950323974084 0.7564516129032258 0.019438444924406047 0.035483870967741936
4 0.7257019438444925 0.6629032258064517 0.019438444924406047 0.037096774193548385
4 0.7257019438444925 0.7354838709677419 0.019438444924406047 0.035483870967741936
4 0.38120950323974084 0.896774193548387 0.019438444924406047 0.037096774193548385
4 0.38120950323974084 0.9435483870967742 0.019438444924406047 0.035483870967741936
4 0.3806695464362851 0.9838709677419355 0.020518358531317494 0.02903225806451613
4 0.38120950323974084 0.8032258064516129 0.019438444924406047 0.037096774193548385
4 0.38120950323974084 0.85 0.019438444924406047 0.035483870967741936
4 0.7613390928725702 0.6645161290322581 0.019438444924406047 0.037096774193548385
4 0.8293736501079914 0.7725806451612903 0.02159827213822894 0.017741935483870968
4 0.7257019438444925 0.7741935483870968 0.02159827213822894 0.01935483870967742
4 0.7678185745140389 0.7241935483870968 0.014038876889848811 0.03064516129032258
4 0.9951403887688985 0.6459677419354839 0.00755939524838013 0.017741935483870968
4 0.9568034557235421 0.6919354838709677 0.02159827213822894 0.01935483870967742
4 0.9897408207343412 0.4491935483870968 0.0183585313174946 0.020967741935483872
4 0.3801295896328294 0.714516129032258 0.02267818574514039 0.020967741935483872
4 0.9568034557235421 0.6661290322580645 0.020518358531317494 0.01935483870967742
5 0.43628509719222464 0.35161290322580646 0.052915766738660906 0.05161290322580645
5 0.38444924406047515 0.3548387096774194 0.026997840172786176 0.027419354838709678