1 0.5010309278350515 0.43653250773993807 0.012371134020618556 0.02786377708978328
1 0.5 0.37306501547987614 0.010309278350515464 0.02631578947368421
1 0.36391752577319586 0.22445820433436534 0.018556701030927835 0.017027863777089782
1 0.36391752577319586 0.18885448916408668 0.01958762886597938 0.015479876160990712
1 0.7298969072164948 0.010061919504643963 0.020618556701030927 0.017027863777089782
1 0.8185567010309278 0.02786377708978328 0.01958762886597938 0.015479876160990712
1 0.9896907216494846 0.04643962848297214 0.01752577319587629 0.017027863777089782
1 0.9494845360824742 0.006191950464396285 0.016494845360824743 0.009287925696594427
4 0.24536082474226803 0.718266253869969 0.024742268041237112 0.02631578947368421
4 0.36597938144329895 0.544891640866873 0.020618556701030927 0.021671826625386997
4 0.3649484536082474 0.5758513931888545 0.020618556701030927 0.021671826625386997
3 0.36391752577319586 0.4520123839009288 0.018556701030927835 0.018575851393188854
3 0.4742268041237113 0.43653250773993807 0.01134020618556701 0.02786377708978328
3 0.4731958762886598 0.37306501547987614 0.010309278350515464 0.02786377708978328
5 0.8 0.5928792569659442 0.023711340206185566 0.02321981424148607
2 0.46804123711340206 0.6393188854489165 0.023711340206185566 0.02321981424148607
2 0.5567010309278351 0.6393188854489165 0.023711340206185566 0.02321981424148607
5 0.5958762886597938 0.5619195046439629 0.04639175257731959 0.04643962848297214
5 0.4422680412371134 0.5619195046439629 0.05154639175257732 0.04643962848297214
5 0.4917525773195876 0.5619195046439629 0.05154639175257732 0.04643962848297214
5 0.5463917525773195 0.5619195046439629 0.05154639175257732 0.04643962848297214
4 0.7319587628865979 0.6021671826625387 0.024742268041237112 0.02321981424148607
4 0.7319587628865979 0.5433436532507739 0.02577319587628866 0.02631578947368421
4 0.7711340206185567 0.44427244582043346 0.024742268041237112 0.02321981424148607
4 0.7680412371134021 0.6006191950464397 0.01134020618556701 0.030959752321981424
4 0.9432989690721649 0.5696594427244582 0.01958762886597938 0.05417956656346749
4 0.9185567010309278 0.5696594427244582 0.01958762886597938 0.05417956656346749
5 0.9814432989690721 0.5588235294117647 0.018556701030927835 0.03869969040247678
0 0.9402061855670103 0.4628482972136223 0.058762886597938144 0.06501547987616099
4 0.4577319587628866 0.43653250773993807 0.013402061855670102 0.029411764705882353
5 0.4515463917525773 0.25232198142414863 0.031958762886597936 0.07275541795665634
5 0.5443298969072164 0.2724458204334365 0.031958762886597936 0.07275541795665634
2 0.3628865979381443 0.28328173374613 0.015463917525773196 0.03715170278637771
4 0.49690721649484537 0.2306501547987616 0.020618556701030927 0.017027863777089782
4 0.5927835051546392 0.2476780185758514 0.021649484536082474 0.020123839009287926
4 0.4577319587628866 0.09907120743034056 0.012371134020618556 0.030959752321981424
4 0.4731958762886598 0.09907120743034056 0.01134020618556701 0.029411764705882353
4 0.4577319587628866 0.15944272445820434 0.012371134020618556 0.030959752321981424
4 0.4731958762886598 0.15944272445820434 0.01134020618556701 0.029411764705882353
5 0.5773195876288659 0.09907120743034056 0.01752577319587629 0.03560371517027864
4 0.4577319587628866 0.15944272445820434 0.012371134020618556 0.030959752321981424
4 0.4731958762886598 0.15944272445820434 0.01134020618556701 0.029411764705882353
5 0.5082474226804123 0.15944272445820434 0.01752577319587629 0.03560371517027864
5 0.4195876288659794 0.1021671826625387 0.01752577319587629 0.03560371517027864
5 0.4195876288659794 0.15944272445820434 0.01752577319587629 0.03560371517027864
5 0.5082474226804123 0.09907120743034056 0.01752577319587629 0.03560371517027864
4 0.822680412371134 0.17027863777089783 0.02268041237113402 0.020123839009287926
4 0.7494845360824742 0.09597523219814241 0.020618556701030927 0.020123839009287926
0 0.9829896907216494 0.008513931888544891 0.031958762886597936 0.01393188854489164