1 0.05723542116630669 0.0935483870967742 0.01079913606911447 0.02903225806451613
1 0.5842332613390929 0.03467741935483871 0.12095032397408208 0.06935483870967742
0 0.091792656587473 0.1064516129032258 0.019438444924406047 0.05
0 0.36393088552915764 0.06048387096774194 0.04967602591792657 0.12096774193548387
0 0.26997840172786175 0.13709677419354838 0.035637149028077755 0.03225806451612903
0 0.4611231101511879 0.20967741935483872 0.07451403887688984 0.15645161290322582
0 0.7991360691144709 0.4258064516129032 0.05939524838012959 0.06935483870967742
0 0.13876889848812096 0.012903225806451613 0.2775377969762419 0.025806451612903226
4 0.21814254859611232 0.14838709677419354 0.02591792656587473 0.025806451612903226
4 0.01511879049676026 0.12419354838709677 0.02591792656587473 0.025806451612903226
4 0.37257019438444927 0.23387096774193547 0.019438444924406047 0.03870967741935484
4 0.46976241900647947 0.03225806451612903 0.016198704103671708 0.037096774193548385
4 0.5205183585313174 0.5919354838709677 0.020518358531317494 0.017741935483870968
4 0.5205183585313174 0.5274193548387097 0.020518358531317494 0.017741935483870968
4 0.5205183585313174 0.4854838709677419 0.02159827213822894 0.017741935483870968
4 0.9751619870410367 0.4032258064516129 0.024838012958963283 0.025806451612903226
4 0.6360691144708424 0.6080645161290322 0.017278617710583154 0.037096774193548385
4 0.9794816414686826 0.567741935483871 0.014038876889848811 0.03064516129032258
4 0.9200863930885529 0.11612903225806452 0.023758099352051837 0.016129032258064516
4 0.9908207343412527 0.03790322580645161 0.016198704103671708 0.017741935483870968
4 0.8218142548596112 0.5370967741935484 0.02159827213822894 0.0532258064516129
4 0.7958963282937365 0.535483870967742 0.020518358531317494 0.0532258064516129
5 0.6760259179265659 0.535483870967742 0.016198704103671708 0.03870967741935484
5 0.6760259179265659 0.4774193548387097 0.016198704103671708 0.03870967741935484
5 0.3304535637149028 0.45161290322580644 0.016198704103671708 0.03870967741935484
5 0.33153347732181426 0.3935483870967742 0.016198704103671708 0.03870967741935484
5 0.7548596112311015 0.5274193548387097 0.016198704103671708 0.03870967741935484
5 0.33153347732181426 0.5096774193548387 0.016198704103671708 0.03870967741935484
5 0.33153347732181426 0.6903225806451613 0.016198704103671708 0.03870967741935484
5 0.33153347732181426 0.6338709677419355 0.016198704103671708 0.03870967741935484
5 0.33153347732181426 0.5758064516129032 0.016198704103671708 0.03870967741935484
5 0.6760259179265659 0.41935483870967744 0.016198704103671708 0.03870967741935484
5 0.9449244060475162 0.5596774193548387 0.026997840172786176 0.025806451612903226