1 0.950733752620545 0.4670846394984326 0.02410901467505241 0.0219435736677116
1 0.950733752620545 0.5031347962382445 0.023060796645702306 0.0219435736677116
1 0.950733752620545 0.3934169278996865 0.02410901467505241 0.0219435736677116
1 0.950733752620545 0.43260188087774293 0.023060796645702306 0.0219435736677116
1 0.6352201257861635 0.5799373040752351 0.018867924528301886 0.014106583072100314
1 0.5062893081761006 0.6959247648902821 0.018867924528301886 0.017241379310344827
1 0.5744234800838575 0.6959247648902821 0.018867924528301886 0.01567398119122257
1 0.69916142557652 0.7633228840125392 0.018867924528301886 0.01567398119122257
1 0.9140461215932913 0.9231974921630094 0.009433962264150943 0.02664576802507837
0 0.5450733752620545 0.6128526645768025 0.05241090146750524 0.109717868338558
0 0.720125786163522 0.8840125391849529 0.049266247379454925 0.07993730407523511
0 0.810272536687631 0.4608150470219436 0.1090146750524109 0.0877742946708464
0 0.6121593291404612 0.4341692789968652 0.11215932914046121 0.09090909090909091
0 0.709643605870021 0.6786833855799373 0.05660377358490566 0.07366771159874608
0 0.8846960167714885 0.677115987460815 0.05660377358490566 0.07366771159874608
0 0.709643605870021 0.6786833855799373 0.05660377358490566 0.07366771159874608
3 0.5073375262054507 0.48589341692789967 0.023060796645702306 0.0219435736677116
3 0.5073375262054507 0.4482758620689655 0.023060796645702306 0.0219435736677116
3 0.5073375262054507 0.4122257053291536 0.023060796645702306 0.0219435736677116
3 0.5073375262054507 0.3730407523510972 0.023060796645702306 0.0219435736677116
3 0.6855345911949685 0.567398119122257 0.0220125786163522 0.023510971786833857
4 0.9853249475890985 0.9278996865203761 0.016771488469601678 0.03605015673981191
4 0.9444444444444444 0.700626959247649 0.01781970649895178 0.034482758620689655
4 0.6572327044025157 0.677115987460815 0.016771488469601678 0.034482758620689655
4 0.9842767295597484 0.6598746081504702 0.016771488469601678 0.03605015673981191
4 0.9842767295597484 0.7053291536050157 0.01781970649895178 0.034482758620689655
4 0.9832285115303984 0.8009404388714734 0.016771488469601678 0.03605015673981191
4 0.9832285115303984 0.8463949843260188 0.01781970649895178 0.034482758620689655
4 0.9842767295597484 0.9780564263322884 0.01781970649895178 0.034482758620689655
4 0.9035639412997903 0.5517241379310345 0.012578616352201259 0.029780564263322883
4 0.7306079664570231 0.5658307210031348 0.023060796645702306 0.0219435736677116
4 0.4989517819706499 0.22884012539184953 0.023060796645702306 0.0219435736677116
4 0.4989517819706499 0.2664576802507837 0.023060796645702306 0.0219435736677116
4 0.8731656184486373 0.9529780564263323 0.018867924528301886 0.017241379310344827
4 0.710691823899371 0.5047021943573667 0.03773584905660377 0.029780564263322883
4 0.5911949685534591 0.2727272727272727 0.03773584905660377 0.029780564263322883
4 0.9958071278825996 0.5901253918495298 0.006289308176100629 0.02037617554858934
4 0.9046121593291404 0.4482758620689655 0.020964360587002098 0.054858934169279
4 0.710691823899371 0.42946708463949845 0.03773584905660377 0.029780564263322883
4 0.9475890985324947 0.9247648902821317 0.011530398322851153 0.029780564263322883
4 0.9905660377358491 0.7476489028213166 0.016771488469601678 0.018808777429467086
4 0.9308176100628931 0.9247648902821317 0.012578616352201259 0.032915360501567396
5 0.8228511530398323 0.9059561128526645 0.023060796645702306 0.023510971786833857
5 0.8218029350104822 0.8448275862068966 0.016771488469601678 0.03918495297805643
5 0.8134171907756813 0.7100313479623824 0.016771488469601678 0.03918495297805643
5 0.8123689727463312 0.6144200626959248 0.016771488469601678 0.03918495297805643