1 0.5432989690721649 0.6996904024767802 0.01958762886597938 0.015479876160990712
1 0.5865979381443299 0.7337461300309598 0.01958762886597938 0.015479876160990712
1 0.6494845360824743 0.6919504643962848 0.01134020618556701 0.02786377708978328
1 0.7010309278350515 0.673374613003096 0.01958762886597938 0.017027863777089782
1 0.7505154639175258 0.5108359133126935 0.01958762886597938 0.018575851393188854
1 0.8030927835051547 0.5 0.015463917525773196 0.03560371517027864
1 0.5123711340206185 0.2848297213622291 0.01958762886597938 0.017027863777089782
1 0.36082474226804123 0.6718266253869969 0.04536082474226804 0.1021671826625387
1 0.4288659793814433 0.631578947368421 0.03711340206185567 0.10371517027863777
1 0.9474226804123711 0.7941176470588235 0.020618556701030927 0.017027863777089782
1 0.8257731958762886 0.5 0.015463917525773196 0.032507739938080496
4 0.5041237113402062 0.9767801857585139 0.020618556701030927 0.017027863777089782
4 0.6216494845360825 0.9303405572755418 0.02268041237113402 0.018575851393188854
0 0.7927835051546391 0.9860681114551083 0.05567010309278351 0.02476780185758514
2 0.9963917525773196 0.8196594427244582 0.005154639175257732 0.029411764705882353
2 0.9391752577319588 0.8885448916408669 0.026804123711340205 0.02786377708978328
2 0.9412371134020618 0.846749226006192 0.026804123711340205 0.02786377708978328
0 0.722680412371134 0.7213622291021672 0.05463917525773196 0.05417956656346749
3 0.6494845360824743 0.7616099071207431 0.0443298969072165 0.04489164086687306
5 0.31237113402061856 0.7662538699690402 0.020618556701030927 0.03560371517027864
5 0.5443298969072164 0.7352941176470589 0.020618556701030927 0.03560371517027864
5 0.4505154639175258 0.7461300309597523 0.020618556701030927 0.03560371517027864
4 0.3402061855670103 0.7662538699690402 0.012371134020618556 0.030959752321981424
4 0.35670103092783506 0.7647058823529411 0.013402061855670102 0.032507739938080496
4 0.48762886597938143 0.7445820433436533 0.021649484536082474 0.020123839009287926
4 0.488659793814433 0.7198142414860681 0.020618556701030927 0.018575851393188854
4 0.5432989690721649 0.6718266253869969 0.02268041237113402 0.018575851393188854
4 0.5865979381443299 0.673374613003096 0.02268041237113402 0.020123839009287926
4 0.6092783505154639 0.6996904024767802 0.013402061855670102 0.034055727554179564
2 0.6298969072164948 0.6981424148606811 0.01958762886597938 0.03560371517027864
4 0.6659793814432989 0.6904024767801857 0.012371134020618556 0.030959752321981424
4 0.7412371134020619 0.673374613003096 0.023711340206185566 0.018575851393188854
4 0.7835051546391752 0.7167182662538699 0.02268041237113402 0.021671826625386997
4 0.7845360824742268 0.6919504643962848 0.020618556701030927 0.018575851393188854
4 0.9072164948453608 0.7941176470588235 0.020618556701030927 0.018575851393188854
4 0.965979381443299 0.7461300309597523 0.013402061855670102 0.034055727554179564
4 0.9721649484536082 0.6904024767801857 0.018556701030927835 0.03869969040247678
4 0.7515463917525773 0.4845201238390093 0.020618556701030927 0.018575851393188854
3 0.8597938144329897 0.4984520123839009 0.029896907216494847 0.06346749226006192
3 0.6278350515463917 0.29102167182662536 0.05567010309278351 0.05417956656346749
4 0.3185567010309278 0.26625386996904027 0.023711340206185566 0.02631578947368421
4 0.3185567010309278 0.3018575851393189 0.023711340206185566 0.02631578947368421
2 0.39690721649484534 0.32507739938080493 0.018556701030927835 0.03560371517027864
5 0.44432989690721647 0.32507739938080493 0.024742268041237112 0.05263157894736842
5 0.44536082474226807 0.413312693498452 0.024742268041237112 0.05263157894736842