1 0.13822894168466524 0.6688311688311688 0.02159827213822894 0.016233766233766232
1 0.6587473002159827 0.3717532467532468 0.020518358531317494 0.016233766233766232
1 0.34017278617710583 0.2224025974025974 0.019438444924406047 0.017857142857142856
1 0.6317494600431965 0.19642857142857142 0.020518358531317494 0.016233766233766232
1 0.38876889848812096 0.29383116883116883 0.019438444924406047 0.017857142857142856
1 0.6295896328293736 0.28084415584415584 0.020518358531317494 0.016233766233766232
1 0.3930885529157667 0.19318181818181818 0.019438444924406047 0.017857142857142856
1 0.3876889848812095 0.125 0.020518358531317494 0.01948051948051948
1 0.6220302375809935 0.08766233766233766 0.019438444924406047 0.016233766233766232
1 0.6846652267818575 0.0633116883116883 0.020518358531317494 0.016233766233766232
1 0.6846652267818575 0.03409090909090909 0.020518358531317494 0.016233766233766232
1 0.5745140388768899 0.37012987012987014 0.019438444924406047 0.017857142857142856
1 0.43844492440604754 0.37012987012987014 0.020518358531317494 0.016233766233766232
1 0.4892008639308855 0.37012987012987014 0.019438444924406047 0.017857142857142856
1 0.5323974082073434 0.37012987012987014 0.020518358531317494 0.016233766233766232
1 0.3876889848812095 0.37012987012987014 0.019438444924406047 0.017857142857142856
1 0.6177105831533477 0.3717532467532468 0.020518358531317494 0.016233766233766232
1 0.3876889848812095 0.05194805194805195 0.020518358531317494 0.017857142857142856
1 0.008639308855291577 0.3157467532467532 0.017278617710583154 0.017857142857142856
1 0.07775377969762419 0.25 0.019438444924406047 0.016233766233766232
1 0.01079913606911447 0.09902597402597403 0.020518358531317494 0.016233766233766232
1 0.010259179265658747 0.12905844155844157 0.020518358531317494 0.017857142857142856
1 0.07235421166306695 0.006493506493506494 0.02159827213822894 0.00974025974025974
1 0.9281857451403888 0.004058441558441558 0.020518358531317494 0.00487012987012987
1 0.9708423326133909 0.005681818181818182 0.02159827213822894 0.008116883116883116
1 0.8552915766738661 0.43506493506493504 0.019438444924406047 0.016233766233766232
1 0.9773218142548596 0.6055194805194806 0.02159827213822894 0.016233766233766232
1 0.838012958963283 0.8133116883116883 0.019438444924406047 0.016233766233766232
4 0.07235421166306695 0.032467532467532464 0.02159827213822894 0.01948051948051948
4 0.13822894168466524 0.6996753246753247 0.020518358531317494 0.01948051948051948
4 0.13822894168466524 0.637987012987013 0.020518358531317494 0.01948051948051948
4 0.24838012958963282 0.672077922077922 0.02159827213822894 0.01948051948051948
4 0.09611231101511879 0.474025974025974 0.02159827213822894 0.01948051948051948
4 0.19654427645788336 0.637987012987013 0.023758099352051837 0.01948051948051948
4 0.13930885529157666 0.474025974025974 0.020518358531317494 0.021103896103896104
4 0.16198704103671707 0.3977272727272727 0.024838012958963283 0.024350649350649352
4 0.49136069114470843 0.75 0.024838012958963283 0.024350649350649352
4 0.16090712742980562 0.4383116883116883 0.024838012958963283 0.024350649350649352
4 0.490280777537797 0.7905844155844156 0.024838012958963283 0.024350649350649352
4 0.3693304535637149 0.5178571428571429 0.02159827213822894 0.021103896103896104
4 0.07667386609071274 0.15584415584415584 0.02159827213822894 0.01948051948051948
4 0.07451403887688984 0.09090909090909091 0.019438444924406047 0.017857142857142856
4 0.07235421166306695 0.06168831168831169 0.02159827213822894 0.021103896103896104
4 0.683585313174946 0.09253246753246754 0.02159827213822894 0.021103896103896104
4 0.21544276457883368 0.011363636363636364 0.02267818574514039 0.01948051948051948
4 0.9935205183585313 0.575487012987013 0.01079913606911447 0.021103896103896104
4 0.9038876889848813 0.15097402597402598 0.026997840172786176 0.027597402597402596
4 0.24946004319654427 0.6396103896103896 0.02159827213822894 0.016233766233766232