1 0.451271186440678 0.6942675159235668 0.020127118644067795 0.01592356687898089
1 0.4067796610169492 0.7292993630573248 0.020127118644067795 0.01592356687898089
1 0.3421610169491525 0.6863057324840764 0.011652542372881356 0.028662420382165606
1 0.2891949152542373 0.6671974522292994 0.020127118644067795 0.01751592356687898
1 0.23834745762711865 0.5 0.020127118644067795 0.01910828025477707
1 0.1843220338983051 0.4888535031847134 0.015889830508474576 0.03662420382165605
1 0.4830508474576271 0.267515923566879 0.020127118644067795 0.01751592356687898
1 0.638771186440678 0.6656050955414012 0.046610169491525424 0.10509554140127389
1 0.5688559322033898 0.6242038216560509 0.038135593220338986 0.10668789808917198
1 0.036016949152542374 0.7914012738853503 0.0211864406779661 0.01751592356687898
1 0.16101694915254236 0.4888535031847134 0.015889830508474576 0.03343949044585987
4 0.4915254237288136 0.9792993630573248 0.0211864406779661 0.01751592356687898
4 0.3707627118644068 0.9315286624203821 0.023305084745762712 0.01910828025477707
0 0.19597457627118645 0.9872611464968153 0.057203389830508475 0.022292993630573247
2 0.04449152542372881 0.8885350318471338 0.02754237288135593 0.028662420382165606
2 0.0423728813559322 0.8455414012738853 0.02754237288135593 0.028662420382165606
0 0.2669491525423729 0.7165605095541401 0.05614406779661017 0.05573248407643312
3 0.3421610169491525 0.7579617834394905 0.045550847457627115 0.04617834394904458
5 0.6885593220338984 0.7627388535031847 0.0211864406779661 0.03662420382165605
5 0.4502118644067797 0.7308917197452229 0.0211864406779661 0.03662420382165605
5 0.5466101694915254 0.7420382165605095 0.0211864406779661 0.03662420382165605
4 0.659957627118644 0.7627388535031847 0.012711864406779662 0.03184713375796178
4 0.6430084745762712 0.7611464968152867 0.013771186440677966 0.03343949044585987
4 0.5084745762711864 0.7404458598726115 0.022245762711864406 0.020700636942675158
4 0.5074152542372882 0.714968152866242 0.0211864406779661 0.01910828025477707
4 0.451271186440678 0.6656050955414012 0.023305084745762712 0.01910828025477707
4 0.4067796610169492 0.6671974522292994 0.023305084745762712 0.020700636942675158
4 0.3834745762711864 0.6942675159235668 0.013771186440677966 0.03503184713375796
2 0.3622881355932203 0.6926751592356688 0.020127118644067795 0.03662420382165605
4 0.3252118644067797 0.6847133757961783 0.012711864406779662 0.03184713375796178
4 0.2478813559322034 0.6671974522292994 0.024364406779661018 0.01910828025477707
4 0.2044491525423729 0.7117834394904459 0.023305084745762712 0.022292993630573247
4 0.2033898305084746 0.6863057324840764 0.0211864406779661 0.01910828025477707
4 0.07733050847457627 0.7914012738853503 0.0211864406779661 0.01910828025477707
4 0.01694915254237288 0.7420382165605095 0.013771186440677966 0.03503184713375796
4 0.01059322033898305 0.6847133757961783 0.019067796610169493 0.03980891719745223
4 0.23728813559322035 0.4729299363057325 0.0211864406779661 0.01910828025477707
3 0.1260593220338983 0.4872611464968153 0.03072033898305085 0.06528662420382166
3 0.3644067796610169 0.27388535031847133 0.057203389830508475 0.05573248407643312
4 0.6822033898305084 0.2484076433121019 0.024364406779661018 0.027070063694267517
4 0.6822033898305084 0.28503184713375795 0.024364406779661018 0.027070063694267517
2 0.6016949152542372 0.3089171974522293 0.019067796610169493 0.03662420382165605
5 0.5529661016949152 0.3089171974522293 0.025423728813559324 0.054140127388535034
5 0.551906779661017 0.3996815286624204 0.025423728813559324 0.054140127388535034