4 0.4339622641509434 0.5314465408805031 0.02410901467505241 0.020440251572327043
1 0.14046121593291405 0.9575471698113207 0.013626834381551363 0.03459119496855346
0 0.3438155136268344 0.9638364779874213 0.20125786163522014 0.06918238993710692
4 0.3417190775681342 0.7515723270440252 0.02410901467505241 0.020440251572327043
4 0.22327044025157233 0.6808176100628931 0.02410901467505241 0.020440251572327043
4 0.3689727463312369 0.529874213836478 0.02410901467505241 0.020440251572327043
4 0.39832285115303984 0.7515723270440252 0.023060796645702306 0.020440251572327043
4 0.36058700209643607 0.6147798742138365 0.023060796645702306 0.020440251572327043
4 0.4528301886792453 0.6933962264150944 0.02410901467505241 0.0220125786163522
1 0.4339622641509434 0.6147798742138365 0.023060796645702306 0.020440251572327043
4 0.14046121593291405 0.8317610062893082 0.013626834381551363 0.03459119496855346
4 0.5345911949685535 0.8459119496855346 0.013626834381551363 0.03459119496855346
4 0.5366876310272537 0.9418238993710691 0.013626834381551363 0.03459119496855346
0 0.5917190775681341 0.9842767295597484 0.02830188679245283 0.02830188679245283
1 0.45178197064989517 0.7515723270440252 0.025157232704402517 0.02358490566037736