0 0.019916142557651992 0.13522012578616352 0.039832285115303984 0.2672955974842767
0 0.07023060796645703 0.5715408805031447 0.14046121593291405 0.2248427672955975
4 0.20649895178197064 0.4056603773584906 0.025157232704402517 0.020440251572327043
4 0.5828092243186582 0.24213836477987422 0.013626834381551363 0.03459119496855346
4 0.20545073375262055 0.33647798742138363 0.02410901467505241 0.020440251572327043
4 0.20545073375262055 0.2830188679245283 0.02410901467505241 0.020440251572327043
4 0.3721174004192872 0.6022012578616353 0.02410901467505241 0.020440251572327043
4 0.14046121593291405 0.18553459119496854 0.013626834381551363 0.036163522012578615
4 0.14046121593291405 0.3380503144654088 0.013626834381551363 0.036163522012578615
1 0.14046121593291405 0.020440251572327043 0.014675052410901468 0.03773584905660377
4 0.14046121593291405 0.10220125786163523 0.013626834381551363 0.03459119496855346
0 0.34329140461215935 0.07940251572327044 0.20020964360587 0.15566037735849056
4 0.2610062893081761 0.3490566037735849 0.02410901467505241 0.020440251572327043
4 0.5366876310272537 0.24213836477987422 0.013626834381551363 0.03459119496855346
1 0.5356394129979035 0.013364779874213837 0.014675052410901468 0.02358490566037736
1 0.5828092243186582 0.0220125786163522 0.013626834381551363 0.036163522012578615
0 0.5880503144654088 0.3522012578616352 0.0440251572327044 0.03773584905660377
4 0.31341719077568136 0.2830188679245283 0.02410901467505241 0.020440251572327043
4 0.3721174004192872 0.5566037735849056 0.02410901467505241 0.020440251572327043
4 0.2966457023060797 0.4748427672955975 0.02620545073375262 0.02358490566037736
4 0.3721174004192872 0.4748427672955975 0.02410901467505241 0.020440251572327043
4 0.3710691823899371 0.5188679245283019 0.02410901467505241 0.020440251572327043
1 0.42557651991614254 0.33962264150943394 0.023060796645702306 0.020440251572327043