1 0.540084388185654 0.4477848101265823 0.04535864978902954 0.0981012658227848
2 0.35548523206751054 0.46044303797468356 0.060126582278481014 0.10284810126582279
2 0.3649789029535865 0.8401898734177216 0.052742616033755275 0.09018987341772151
4 0.6529535864978903 0.9367088607594937 0.013713080168776372 0.03481012658227848
4 0.10337552742616034 0.46360759493670883 0.014767932489451477 0.03481012658227848
4 0.1308016877637131 0.46360759493670883 0.014767932489451477 0.03481012658227848
4 0.16033755274261605 0.6582278481012658 0.02531645569620253 0.023734177215189875
4 0.15928270042194093 0.6139240506329114 0.023206751054852322 0.020569620253164556
1 0.15928270042194093 0.7009493670886076 0.02531645569620253 0.020569620253164556
4 0.15928270042194093 0.7579113924050633 0.023206751054852322 0.0189873417721519
0 0.03955696202531646 0.8615506329113924 0.0770042194092827 0.2737341772151899
0 0.022151898734177215 0.4200949367088608 0.04219409282700422 0.22626582278481014