0 0.9752109704641351 0.8623417721518988 0.04746835443037975 0.27531645569620256
0 0.92457805907173 0.4208860759493671 0.14873417721518986 0.22784810126582278
4 0.7837552742616034 0.5870253164556962 0.02531645569620253 0.020569620253164556
4 0.4050632911392405 0.7515822784810127 0.013713080168776372 0.03481012658227848
4 0.7848101265822784 0.6566455696202531 0.024261603375527425 0.020569620253164556
4 0.7848101265822784 0.7104430379746836 0.024261603375527425 0.020569620253164556
4 0.6170886075949367 0.38924050632911394 0.024261603375527425 0.020569620253164556
4 0.8502109704641351 0.8085443037974683 0.013713080168776372 0.03639240506329114
4 0.8502109704641351 0.6550632911392406 0.013713080168776372 0.03639240506329114
1 0.8502109704641351 0.9746835443037974 0.014767932489451477 0.0379746835443038
4 0.8502109704641351 0.8924050632911392 0.013713080168776372 0.03481012658227848
0 0.6460970464135021 0.9177215189873418 0.20147679324894516 0.16139240506329114
4 0.7289029535864979 0.6439873417721519 0.024261603375527425 0.020569620253164556
4 0.45147679324894513 0.7515822784810127 0.013713080168776372 0.03481012658227848
1 0.4525316455696203 0.9841772151898734 0.014767932489451477 0.028481012658227847
1 0.4050632911392405 0.9731012658227848 0.013713080168776372 0.03639240506329114
0 0.399789029535865 0.6408227848101266 0.04430379746835443 0.0379746835443038
4 0.6761603375527426 0.7104430379746836 0.024261603375527425 0.020569620253164556
4 0.6170886075949367 0.435126582278481 0.024261603375527425 0.020569620253164556
4 0.6930379746835443 0.5174050632911392 0.026371308016877638 0.023734177215189875
4 0.6170886075949367 0.5174050632911392 0.024261603375527425 0.020569620253164556
4 0.6181434599156118 0.47310126582278483 0.024261603375527425 0.020569620253164556
1 0.5632911392405063 0.6534810126582279 0.023206751054852322 0.020569620253164556