4 0.5548523206751055 0.46044303797468356 0.024261603375527425 0.020569620253164556
1 0.8502109704641351 0.03164556962025317 0.013713080168776372 0.03481012658227848
0 0.6460970464135021 0.030063291139240507 0.20147679324894516 0.060126582278481014
4 0.6476793248945147 0.2389240506329114 0.024261603375527425 0.020569620253164556
4 0.7668776371308017 0.310126582278481 0.024261603375527425 0.020569620253164556
4 0.620253164556962 0.4620253164556962 0.024261603375527425 0.020569620253164556
4 0.5907172995780591 0.2389240506329114 0.023206751054852322 0.020569620253164556
4 0.6286919831223629 0.37658227848101267 0.023206751054852322 0.020569620253164556
4 0.5358649789029536 0.2974683544303797 0.024261603375527425 0.022151898734177215
1 0.5548523206751055 0.37658227848101267 0.023206751054852322 0.020569620253164556
4 0.8502109704641351 0.15822784810126583 0.013713080168776372 0.03481012658227848
4 0.45358649789029537 0.1439873417721519 0.013713080168776372 0.03481012658227848
4 0.45147679324894513 0.04746835443037975 0.013713080168776372 0.03481012658227848
0 0.39662447257383965 0.00949367088607595 0.027426160337552744 0.0189873417721519
1 0.5369198312236287 0.2389240506329114 0.02531645569620253 0.023734177215189875