2 0.9008528784648188 0.3557692307692308 0.019189765458422176 0.0625
2 0.9637526652452025 0.4599358974358974 0.019189765458422176 0.0625
2 0.9637526652452025 0.34775641025641024 0.019189765458422176 0.0625
4 0.8997867803837953 0.4358974358974359 0.03091684434968017 0.030448717948717948
4 0.8987206823027718 0.48878205128205127 0.029850746268656716 0.030448717948717948
4 0.9594882729211087 0.7323717948717948 0.023454157782515993 0.020833333333333332
4 0.9115138592750534 0.8685897435897436 0.013859275053304905 0.035256410256410256
4 0.8752665245202559 0.9519230769230769 0.01279317697228145 0.035256410256410256
1 0.9125799573560768 0.9519230769230769 0.01279317697228145 0.03685897435897436
0 0.9893390191897654 0.9110576923076923 0.019189765458422176 0.15224358974358973
0 0.6428571428571429 0.7067307692307693 0.09701492537313433 0.28044871794871795
0 0.8315565031982942 0.6875 0.09701492537313433 0.28044871794871795
4 0.4605543710021322 0.4391025641025641 0.029850746268656716 0.028846153846153848