1 0.5607675906183369 0.5625 0.07995735607675906 0.07051282051282051
0 0.4051172707889126 0.5080128205128205 0.0511727078891258 0.10256410256410256
0 0.2622601279317697 0.47596153846153844 0.05543710021321962 0.19391025641025642
4 0.16631130063965885 0.421474358974359 0.022388059701492536 0.019230769230769232
2 0.07356076759061833 0.44551282051282054 0.023454157782515993 0.060897435897435896
2 0.07356076759061833 0.34615384615384615 0.023454157782515993 0.060897435897435896
1 0.005330490405117271 0.33653846153846156 0.008528784648187633 0.022435897435897436
4 0.006929637526652452 0.45913461538461536 0.011727078891257996 0.030448717948717948
4 0.006929637526652452 0.40384615384615385 0.011727078891257996 0.03205128205128205
1 0.006929637526652452 0.5128205128205128 0.011727078891257996 0.022435897435897436
4 0.16844349680170576 0.5080128205128205 0.022388059701492536 0.019230769230769232
4 0.1673773987206823 0.46314102564102566 0.022388059701492536 0.019230769230769232
4 0.029850746268656716 0.6923076923076923 0.023454157782515993 0.020833333333333332
4 0.028784648187633263 0.7307692307692307 0.023454157782515993 0.020833333333333332
1 0.057569296375266525 0.9086538461538461 0.013859275053304905 0.038461538461538464
4 0.05650319829424307 0.8221153846153846 0.014925373134328358 0.035256410256410256
4 0.057569296375266525 0.9855769230769231 0.014925373134328358 0.02564102564102564
0 0.35927505330490406 0.8557692307692307 0.40298507462686567 0.28525641025641024