4 0.026997840172786176 0.7402597402597403 0.02267818574514039 0.01948051948051948
4 0.012419006479481642 0.39285714285714285 0.024838012958963283 0.032467532467532464
4 0.012958963282937365 0.3392857142857143 0.02591792656587473 0.032467532467532464
2 0.010259179265658747 0.46266233766233766 0.020518358531317494 0.06818181818181818
2 0.13714902807775378 0.3587662337662338 0.019438444924406047 0.0633116883116883
2 0.0734341252699784 0.4642857142857143 0.019438444924406047 0.0633116883116883
2 0.0734341252699784 0.35064935064935066 0.019438444924406047 0.0633116883116883
4 0.13822894168466524 0.43993506493506496 0.03131749460043196 0.030844155844155844
4 0.13930885529157666 0.4935064935064935 0.03023758099352052 0.030844155844155844
4 0.07775377969762419 0.7402597402597403 0.023758099352051837 0.021103896103896104
4 0.1263498920086393 0.8782467532467533 0.014038876889848811 0.03571428571428571
4 0.1630669546436285 0.9626623376623377 0.012958963282937365 0.03571428571428571
1 0.12526997840172785 0.9626623376623377 0.012958963282937365 0.037337662337662336
0 0.028617710583153346 0.9204545454545454 0.05723542116630669 0.1525974025974026
0 0.398488120950324 0.7142857142857143 0.09827213822894168 0.2840909090909091
0 0.20734341252699784 0.6948051948051948 0.09827213822894168 0.2840909090909091
4 0.5831533477321814 0.4431818181818182 0.03023758099352052 0.02922077922077922