1 0.5614406779661016 0.5652866242038217 0.07944915254237288 0.07006369426751592
0 0.4067796610169492 0.5111464968152867 0.05084745762711865 0.10191082802547771
0 0.2648305084745763 0.47929936305732485 0.05508474576271186 0.1926751592356688
4 0.1694915254237288 0.4251592356687898 0.022245762711864406 0.01910828025477707
2 0.07733050847457627 0.44904458598726116 0.023305084745762712 0.06050955414012739
2 0.07733050847457627 0.3503184713375796 0.023305084745762712 0.06050955414012739
1 0.007415254237288136 0.34076433121019106 0.012711864406779662 0.022292993630573247
4 0.009004237288135594 0.4625796178343949 0.015889830508474576 0.030254777070063694
4 0.009004237288135594 0.40764331210191085 0.015889830508474576 0.03184713375796178
1 0.009004237288135594 0.5159235668789809 0.015889830508474576 0.022292993630573247
4 0.1716101694915254 0.5111464968152867 0.022245762711864406 0.01910828025477707
4 0.1705508474576271 0.46656050955414013 0.022245762711864406 0.01910828025477707
4 0.03389830508474576 0.6942675159235668 0.023305084745762712 0.020700636942675158
4 0.03283898305084746 0.732484076433121 0.023305084745762712 0.020700636942675158
1 0.0614406779661017 0.9092356687898089 0.013771186440677966 0.03821656050955414
4 0.06038135593220339 0.8232484076433121 0.014830508474576272 0.03503184713375796
4 0.0614406779661017 0.9856687898089171 0.014830508474576272 0.025477707006369428
0 0.361228813559322 0.856687898089172 0.4004237288135593 0.28343949044585987