4 0.6854166666666667 0.7147335423197492 0.009375 0.0219435736677116
4 0.565625 0.5862068965517241 0.009375 0.0219435736677116
4 0.5604166666666667 0.6316614420062696 0.009375 0.0219435736677116
4 0.684375 0.6238244514106583 0.009375 0.0219435736677116
4 0.684375 0.6677115987460815 0.009375 0.0219435736677116
1 0.6989583333333333 0.7147335423197492 0.008333333333333333 0.02037617554858934
1 0.575 0.6786833855799373 0.008333333333333333 0.02037617554858934
4 0.759375 0.6175548589341693 0.015625 0.014106583072100314
4 0.5291666666666667 0.7288401253918495 0.015625 0.014106583072100314
4 0.6541666666666667 0.6191222570532915 0.015625 0.014106583072100314
1 0.484375 0.9310344827586207 0.008333333333333333 0.0219435736677116
1 0.5989583333333334 0.7351097178683386 0.008333333333333333 0.02037617554858934
1 0.7208333333333333 0.6755485893416928 0.0125 0.034482758620689655
1 0.703125 0.6159874608150471 0.0125 0.034482758620689655
1 0.7979166666666667 0.6927899686520376 0.04375 0.03761755485893417
1 0.5135416666666667 0.7617554858934169 0.022916666666666665 0.02037617554858934
1 0.503125 0.9028213166144201 0.019791666666666666 0.04231974921630094
1 0.5010416666666667 0.8244514106583072 0.019791666666666666 0.04231974921630094
1 0.575 0.7351097178683386 0.008333333333333333 0.0219435736677116
4 0.5604166666666667 0.6849529780564263 0.009375 0.0219435736677116
4 0.5458333333333333 0.9216300940438872 0.009375 0.0219435736677116
1 0.6177083333333333 0.896551724137931 0.008333333333333333 0.0219435736677116
1 0.6166666666666667 0.9482758620689655 0.008333333333333333 0.0219435736677116
0 0.6260416666666667 0.6692789968652038 0.03958333333333333 0.05956112852664577
0 0.6947916666666667 0.9224137931034483 0.10208333333333333 0.15203761755485892
1 0.8395833333333333 0.7774294670846394 0.016666666666666666 0.014106583072100314
1 0.653125 0.8181818181818182 0.016666666666666666 0.014106583072100314
1 0.703125 0.8181818181818182 0.016666666666666666 0.014106583072100314
1 0.740625 0.8166144200626959 0.016666666666666666 0.014106583072100314
1 0.8052083333333333 0.9529780564263323 0.016666666666666666 0.014106583072100314
1 0.8114583333333333 0.85423197492163 0.016666666666666666 0.014106583072100314
1 0.921875 0.7225705329153606 0.028125 0.03134796238244514
1 0.7739583333333333 0.8652037617554859 0.009375 0.0219435736677116
1 0.9697916666666667 0.8009404388714734 0.009375 0.0219435736677116
1 0.88125 0.8025078369905956 0.009375 0.0219435736677116
1 0.865625 0.8025078369905956 0.009375 0.0219435736677116
1 0.9114583333333334 0.8025078369905956 0.009375 0.0219435736677116
1 0.896875 0.8025078369905956 0.009375 0.0219435736677116
1 0.9364583333333333 0.786833855799373 0.009375 0.0219435736677116
1 0.9229166666666667 0.7884012539184952 0.009375 0.0219435736677116
1 0.8114583333333333 0.8887147335423198 0.016666666666666666 0.014106583072100314
4 0.5552083333333333 0.7272727272727273 0.015625 0.014106583072100314
4 0.8395833333333333 0.8181818181818182 0.015625 0.014106583072100314
4 0.8052083333333333 0.9717868338557993 0.015625 0.014106583072100314
4 0.8395833333333333 0.7962382445141066 0.015625 0.014106583072100314
1 0.99375 0.5266457680250783 0.010416666666666666 0.047021943573667714
4 0.6166666666666667 0.9921630094043887 0.010416666666666666 0.012539184952978056
4 0.7739583333333333 0.9905956112852664 0.010416666666666666 0.01567398119122257
3 0.9817708333333334 0.627742946708464 0.034375 0.0987460815047022