4 0.515625 0.7624633431085044 0.0146484375 0.013196480938416423
4 0.4384765625 0.9589442815249267 0.0087890625 0.020527859237536656
4 0.57373046875 0.9926686217008798 0.0166015625 0.011730205278592375
1 0.5927734375 0.9530791788856305 0.0078125 0.020527859237536656
0 0.48193359375 0.9633431085043989 0.0634765625 0.07038123167155426
0 0.666015625 0.9611436950146628 0.095703125 0.0747800586510264
1 0.6943359375 0.8299120234604106 0.015625 0.013196480938416423
1 0.884765625 0.7653958944281525 0.015625 0.013196480938416423
1 0.7744140625 0.9897360703812317 0.015625 0.013196480938416423
1 0.7841796875 0.8988269794721407 0.0087890625 0.020527859237536656
1 0.740234375 0.9648093841642229 0.0087890625 0.020527859237536656
1 0.7392578125 0.9032258064516129 0.0087890625 0.020527859237536656
4 0.873046875 0.7331378299120235 0.0087890625 0.020527859237536656
1 0.697265625 0.8973607038123167 0.015625 0.013196480938416423
1 0.638671875 0.8988269794721407 0.015625 0.013196480938416423
1 0.6201171875 0.8489736070381232 0.015625 0.013196480938416423
1 0.7802734375 0.8343108504398827 0.015625 0.013196480938416423
1 0.79296875 0.8137829912023461 0.015625 0.013196480938416423
1 0.806640625 0.8343108504398827 0.015625 0.013196480938416423
1 0.861328125 0.8284457478005866 0.015625 0.013196480938416423
1 0.8857421875 0.8079178885630498 0.015625 0.013196480938416423
1 0.8857421875 0.7859237536656891 0.015625 0.013196480938416423
1 0.8681640625 0.6906158357771262 0.0263671875 0.02932551319648094
1 0.947265625 0.7888563049853372 0.015625 0.013196480938416423
1 0.947265625 0.7668621700879765 0.015625 0.013196480938416423
1 0.84765625 0.7653958944281525 0.015625 0.013196480938416423
1 0.8486328125 0.8079178885630498 0.015625 0.013196480938416423
1 0.8486328125 0.7873900293255132 0.015625 0.013196480938416423
1 0.9462890625 0.7463343108504399 0.015625 0.013196480938416423
1 0.8212890625 0.6891495601173021 0.0263671875 0.02932551319648094
1 0.4541015625 0.7419354838709677 0.0400390625 0.03372434017595308
1 0.6142578125 0.749266862170088 0.0400390625 0.03372434017595308
1 0.4541015625 0.782991202346041 0.0400390625 0.03372434017595308
1 0.5869140625 0.658357771260997 0.0185546875 0.03812316715542522
1 0.94140625 0.658357771260997 0.0185546875 0.03812316715542522
1 0.5537109375 0.6979472140762464 0.0087890625 0.021994134897360705
1 0.5458984375 0.6231671554252199 0.021484375 0.060117302052785926
1 0.671875 0.5879765395894428 0.0146484375 0.013196480938416423
4 0.5732421875 0.9780058651026393 0.0146484375 0.013196480938416423
4 0.564453125 0.6862170087976539 0.0087890625 0.020527859237536656
0 0.515625 0.718475073313783 0.0380859375 0.05571847507331378
0 0.640625 0.6407624633431085 0.0380859375 0.05571847507331378
4 0.603515625 0.658357771260997 0.0087890625 0.020527859237536656
1 0.9013671875 0.6070381231671554 0.0087890625 0.020527859237536656
1 0.869140625 0.5967741935483871 0.0087890625 0.020527859237536656
1 0.8359375 0.5982404692082112 0.0087890625 0.020527859237536656
1 0.82421875 0.5967741935483871 0.0087890625 0.020527859237536656
1 0.880859375 0.5982404692082112 0.0087890625 0.020527859237536656
4 0.953125 0.7140762463343109 0.0087890625 0.020527859237536656
1 0.9951171875 0.8167155425219942 0.0087890625 0.01906158357771261
4 0.8369140625 0.7316715542521994 0.0087890625 0.020527859237536656
3 0.853515625 0.7316715542521994 0.01171875 0.02932551319648094
3 0.8876953125 0.7331378299120235 0.01171875 0.02932551319648094
1 0.9853515625 0.7478005865102639 0.013671875 0.011730205278592375
4 0.962890625 0.8225806451612904 0.0146484375 0.013196480938416423
4 0.98046875 0.7917888563049853 0.0087890625 0.020527859237536656
4 0.962890625 0.8064516129032258 0.0146484375 0.013196480938416423
3 0.939453125 0.7140762463343109 0.01171875 0.02932551319648094
0 0.98486328125 0.7008797653958945 0.0283203125 0.05571847507331378