1 0.010416666666666666 0.0219435736677116 0.016666666666666666 0.014106583072100314
1 0.042708333333333334 0.12695924764890282 0.016666666666666666 0.014106583072100314
1 0.04375 0.10815047021943573 0.016666666666666666 0.014106583072100314
1 0.009375 0.10031347962382445 0.016666666666666666 0.014106583072100314
1 0.009375 0.13322884012539185 0.016666666666666666 0.014106583072100314
1 0.03854166666666667 0.23197492163009403 0.019791666666666666 0.04075235109717868
4 0.04895833333333333 0.15987460815047022 0.009375 0.0219435736677116
3 0.03333333333333333 0.1614420062695925 0.0125 0.03134796238244514
1 0.004166666666666667 0.21081504702194356 0.008333333333333333 0.014106583072100314
3 0.24791666666666667 0.23824451410658307 0.016666666666666666 0.03761755485893417
4 0.275 0.3949843260188088 0.009375 0.0219435736677116
4 0.03333333333333333 0.31974921630094044 0.009375 0.0219435736677116
4 0.2125 0.43103448275862066 0.009375 0.0219435736677116
4 0.41041666666666665 0.20376175548589343 0.009375 0.0219435736677116
4 0.2635416666666667 0.3949843260188088 0.009375 0.0219435736677116
4 0.3770833333333333 0.15047021943573669 0.009375 0.0219435736677116
4 0.4041666666666667 0.30407523510971785 0.009375 0.0219435736677116
4 0.3885416666666667 0.30407523510971785 0.009375 0.0219435736677116
4 0.3958333333333333 0.20376175548589343 0.009375 0.0219435736677116
4 0.4270833333333333 0.18181818181818182 0.009375 0.0219435736677116
4 0.21145833333333333 0.3401253918495298 0.015625 0.014106583072100314
4 0.4125 0.003134796238244514 0.016666666666666666 0.006269592476489028
1 0.23333333333333334 0.38087774294670845 0.009375 0.023510971786833857
1 0.19895833333333332 0.43260188087774293 0.009375 0.023510971786833857
1 0.45625 0.10658307210031348 0.009375 0.023510971786833857
1 0.21666666666666667 0.38087774294670845 0.009375 0.023510971786833857
1 0.47604166666666664 0.10815047021943573 0.014583333333333334 0.014106583072100314
1 0.2625 0.12225705329153605 0.027083333333333334 0.02664576802507837
1 0.2604166666666667 0.3072100313479624 0.029166666666666667 0.02664576802507837
1 0.259375 0.17084639498432602 0.027083333333333334 0.02664576802507837
1 0.31979166666666664 0.15830721003134796 0.042708333333333334 0.034482758620689655
4 0.228125 0.03918495297805643 0.041666666666666664 0.034482758620689655
4 0.33229166666666665 0.06739811912225706 0.041666666666666664 0.034482758620689655
1 0.27395833333333336 0.23824451410658307 0.022916666666666665 0.06269592476489028
0 0.33125 0.2617554858934169 0.06458333333333334 0.07523510971786834
0 0.41354166666666664 0.08307210031347963 0.040625 0.05799373040752351
1 0.4041666666666667 0.1724137931034483 0.015625 0.014106583072100314
1 0.26979166666666665 0.07836990595611286 0.015625 0.014106583072100314
1 0.26979166666666665 0.061128526645768025 0.015625 0.014106583072100314
1 0.44583333333333336 0.003134796238244514 0.016666666666666666 0.006269592476489028
0 0.008854166666666666 0.2609717868338558 0.017708333333333333 0.061128526645768025
3 0.33125 0.40282131661442006 0.06041666666666667 0.09717868338557993