4 0.6572265625 0.2756598240469208 0.0087890625 0.020527859237536656
4 0.544921875 0.39589442815249265 0.0087890625 0.020527859237536656
4 0.5400390625 0.3533724340175953 0.0087890625 0.020527859237536656
4 0.65625 0.36070381231671556 0.0087890625 0.020527859237536656
4 0.65625 0.3196480938416422 0.0087890625 0.020527859237536656
1 0.669921875 0.2756598240469208 0.0078125 0.01906158357771261
1 0.5537109375 0.3093841642228739 0.0078125 0.01906158357771261
4 0.7265625 0.36656891495601174 0.0146484375 0.013196480938416423
4 0.5107421875 0.2624633431085044 0.0146484375 0.013196480938416423
4 0.6279296875 0.3651026392961877 0.0146484375 0.013196480938416423
1 0.46875 0.07331378299120235 0.0078125 0.020527859237536656
1 0.576171875 0.2565982404692082 0.0078125 0.01906158357771261
1 0.6904296875 0.312316715542522 0.01171875 0.03225806451612903
1 0.673828125 0.3680351906158358 0.01171875 0.03225806451612903
1 0.7626953125 0.2961876832844575 0.041015625 0.03519061583577713
1 0.49609375 0.2316715542521994 0.021484375 0.01906158357771261
1 0.486328125 0.09970674486803519 0.0185546875 0.039589442815249266
1 0.484375 0.17302052785923755 0.0185546875 0.039589442815249266
1 0.5537109375 0.2565982404692082 0.0078125 0.020527859237536656
4 0.5400390625 0.3035190615835777 0.0087890625 0.020527859237536656
4 0.5263671875 0.08211143695014662 0.0087890625 0.020527859237536656
1 0.59375 0.10557184750733138 0.0078125 0.020527859237536656
1 0.5927734375 0.05718475073313783 0.0078125 0.020527859237536656
0 0.6015625 0.3181818181818182 0.037109375 0.05571847507331378
0 0.4814453125 0.002932551319648094 0.0625 0.002932551319648094
0 0.66552734375 0.07697947214076246 0.0947265625 0.15102639296187684
1 0.8017578125 0.21700879765395895 0.015625 0.013196480938416423
1 0.626953125 0.17888563049853373 0.015625 0.013196480938416423
1 0.673828125 0.17888563049853373 0.015625 0.013196480938416423
1 0.708984375 0.18035190615835778 0.015625 0.013196480938416423
1 0.76953125 0.05278592375366569 0.015625 0.013196480938416423
1 0.775390625 0.14516129032258066 0.015625 0.013196480938416423
1 0.9775390625 0.187683284457478 0.0087890625 0.020527859237536656
1 0.87890625 0.26832844574780057 0.0263671875 0.02932551319648094
1 0.740234375 0.1348973607038123 0.0087890625 0.020527859237536656
1 0.923828125 0.19501466275659823 0.0087890625 0.020527859237536656
1 0.8408203125 0.1935483870967742 0.0087890625 0.020527859237536656
1 0.826171875 0.1935483870967742 0.0087890625 0.020527859237536656
1 0.869140625 0.1935483870967742 0.0087890625 0.020527859237536656
1 0.85546875 0.1935483870967742 0.0087890625 0.020527859237536656
1 0.9658203125 0.18914956011730205 0.0087890625 0.020527859237536656
1 0.892578125 0.20821114369501467 0.0087890625 0.020527859237536656
1 0.8798828125 0.20674486803519063 0.0087890625 0.020527859237536656
1 0.775390625 0.11290322580645161 0.015625 0.013196480938416423
4 0.53515625 0.26392961876832843 0.0146484375 0.013196480938416423
4 0.8017578125 0.17888563049853373 0.0146484375 0.013196480938416423
4 0.76953125 0.03519061583577713 0.0146484375 0.013196480938416423
4 0.8017578125 0.19941348973607037 0.0146484375 0.013196480938416423
4 0.99560546875 0.17228739002932553 0.0068359375 0.021994134897360705
4 0.99853515625 0.4912023460410557 0.0009765625 0.01466275659824047
1 0.9501953125 0.45161290322580644 0.017578125 0.04252199413489736
1 0.98046875 0.45161290322580644 0.017578125 0.04252199413489736
1 0.9619140625 0.25219941348973607 0.015625 0.013196480938416423
4 0.5927734375 0.011730205278592375 0.0087890625 0.020527859237536656
4 0.740234375 0.01466275659824047 0.0087890625 0.020527859237536656
3 0.947265625 0.35777126099706746 0.056640625 0.09090909090909091