4 0.171875 0.6394984326018809 0.009375 0.0219435736677116
1 0.128125 0.6504702194357367 0.016666666666666666 0.014106583072100314
1 0.041666666666666664 0.6050156739811913 0.016666666666666666 0.014106583072100314
1 0.06875 0.7115987460815048 0.016666666666666666 0.014106583072100314
1 0.00625 0.8432601880877743 0.0125 0.01567398119122257
1 0.005729166666666666 0.877742946708464 0.011458333333333333 0.01567398119122257
1 0.019791666666666666 0.9623824451410659 0.016666666666666666 0.014106583072100314
1 0.013020833333333334 0.9937304075235109 0.017708333333333333 0.009404388714733543
4 0.019791666666666666 0.9796238244514106 0.015625 0.014106583072100314
4 0.014583333333333334 0.9169278996865203 0.015625 0.014106583072100314
4 0.017708333333333333 0.48589341692789967 0.015625 0.014106583072100314
4 0.109375 0.9937304075235109 0.016666666666666666 0.009404388714733543
4 0.178125 0.9733542319749217 0.009375 0.0219435736677116
4 0.06666666666666667 0.5564263322884012 0.009375 0.0219435736677116
4 0.08854166666666667 0.6990595611285266 0.009375 0.0219435736677116
4 0.396875 0.6614420062695925 0.015625 0.014106583072100314
4 0.046875 0.700626959247649 0.009375 0.0219435736677116
1 0.0625 0.49843260188087773 0.013541666666666667 0.034482758620689655
1 0.03958333333333333 0.6347962382445141 0.042708333333333334 0.03605015673981191
1 0.22604166666666667 0.6206896551724138 0.019791666666666666 0.04075235109717868
1 0.10625 0.7068965517241379 0.019791666666666666 0.04075235109717868
1 0.19270833333333334 0.6269592476489029 0.0125 0.032915360501567396
1 0.20729166666666668 0.6285266457680251 0.008333333333333333 0.023510971786833857
1 0.08125 0.9278996865203761 0.030208333333333334 0.03134796238244514
1 0.08125 0.9639498432601881 0.028125 0.02664576802507837
1 0.14375 0.9435736677115988 0.01875 0.04231974921630094
1 0.125 0.9373040752351097 0.008333333333333333 0.0219435736677116
1 0.44166666666666665 0.9404388714733543 0.019791666666666666 0.06269592476489028
1 0.2526041666666667 0.9952978056426333 0.021875 0.006269592476489028
1 0.3927083333333333 0.945141065830721 0.019791666666666666 0.06269592476489028
1 0.371875 0.8448275862068966 0.019791666666666666 0.06269592476489028
1 0.22916666666666666 0.9882445141065831 0.014583333333333334 0.02037617554858934
1 0.16354166666666667 0.9733542319749217 0.009375 0.02037617554858934
1 0.440625 0.768025078369906 0.04375 0.034482758620689655
1 0.440625 0.8526645768025078 0.04375 0.034482758620689655
1 0.440625 0.8119122257053292 0.04375 0.034482758620689655
1 0.39895833333333336 0.7335423197492164 0.023958333333333335 0.018808777429467086
1 0.396875 0.7084639498432602 0.015625 0.014106583072100314
1 0.3614583333333333 0.7633228840125392 0.009375 0.023510971786833857
1 0.390625 0.774294670846395 0.0125 0.034482758620689655
1 0.19635416666666666 0.987460815047022 0.019791666666666666 0.0219435736677116
1 0.36770833333333336 0.9561128526645768 0.017708333333333333 0.04075235109717868
4 0.35625 0.6285266457680251 0.009375 0.023510971786833857
4 0.375 0.774294670846395 0.009375 0.023510971786833857
1 0.24791666666666667 0.622257053291536 0.0125 0.032915360501567396
1 0.22916666666666666 0.5360501567398119 0.04375 0.03605015673981191
1 0.2625 0.622257053291536 0.009375 0.0219435736677116
1 0.2760416666666667 0.622257053291536 0.009375 0.023510971786833857
1 0.33541666666666664 0.6285266457680251 0.0125 0.034482758620689655
1 0.3177083333333333 0.6269592476489029 0.0125 0.034482758620689655
1 0.3697916666666667 0.6269592476489029 0.009375 0.02037617554858934
1 0.353125 0.6927899686520376 0.009375 0.02037617554858934
4 0.30104166666666665 0.6253918495297806 0.009375 0.023510971786833857
4 0.06770833333333333 0.7288401253918495 0.015625 0.014106583072100314
4 0.36770833333333336 0.6614420062695925 0.015625 0.014106583072100314
4 0.140625 0.7288401253918495 0.009375 0.0219435736677116
0 0.246875 0.8181818181818182 0.12708333333333333 0.18808777429467086
3 0.11770833333333333 0.5454545454545454 0.058333333333333334 0.09404388714733543
3 0.06666666666666667 0.8087774294670846 0.06041666666666667 0.09717868338557993
0 0.019791666666666666 0.5517241379310345 0.03958333333333333 0.07523510971786834