2 0.34523809523809523 0.5985074626865672 0.021825396825396824 0.05522388059701493
2 0.40773809523809523 0.5970149253731343 0.021825396825396824 0.05522388059701493
2 0.7222222222222222 0.5955223880597015 0.021825396825396824 0.05522388059701493
2 0.7886904761904762 0.5940298507462687 0.021825396825396824 0.05522388059701493
2 0.5962301587301587 0.5940298507462687 0.021825396825396824 0.05522388059701493
2 0.6597222222222222 0.5940298507462687 0.021825396825396824 0.05522388059701493
2 0.4712301587301587 0.5955223880597015 0.021825396825396824 0.05522388059701493
2 0.5337301587301587 0.5955223880597015 0.021825396825396824 0.05522388059701493
0 0.8745039682539683 0.9238805970149254 0.2490079365079365 0.14925373134328357
4 0.49503968253968256 0.7164179104477612 0.047619047619047616 0.034328358208955224
4 0.5823412698412699 0.7149253731343284 0.047619047619047616 0.034328358208955224