1 0.42662473794549266 0.43553459119496857 0.03668763102725367 0.07075471698113207
1 0.48951781970649894 0.42452830188679247 0.015723270440251572 0.040880503144654086
1 0.5712788259958071 0.3553459119496855 0.02620545073375262 0.020440251572327043
1 0.39937106918238996 0.279874213836478 0.02620545073375262 0.020440251572327043
1 0.4811320754716981 0.6242138364779874 0.02620545073375262 0.0220125786163522
1 0.6907756813417191 0.6257861635220126 0.02620545073375262 0.0220125786163522
1 0.7924528301886793 0.45440251572327045 0.025157232704402517 0.0220125786163522
1 0.6090146750524109 0.6918238993710691 0.014675052410901468 0.03930817610062893
1 0.3972746331236897 0.6949685534591195 0.015723270440251572 0.03930817610062893
1 0.35639412997903563 0.0880503144654088 0.013626834381551363 0.03930817610062893
2 0.35429769392033544 0.38207547169811323 0.020964360587002098 0.059748427672955975
0 0.5838574423480084 0.46540880503144655 0.050314465408805034 0.139937106918239
0 0.48951781970649894 0.7374213836477987 0.050314465408805034 0.139937106918239
0 0.7064989517819706 0.7389937106918238 0.050314465408805034 0.139937106918239
0 0.810272536687631 0.3553459119496855 0.059748427672955975 0.11477987421383648
0 0.42557651991614254 0.13050314465408805 0.11006289308176101 0.12578616352201258
0 0.9937106918238994 0.13364779874213836 0.010482180293501049 0.2641509433962264
4 0.39832285115303984 0.7672955974842768 0.016771488469601678 0.03930817610062893
4 0.4716981132075472 0.8427672955974843 0.025157232704402517 0.0220125786163522
4 0.6111111111111112 0.7688679245283019 0.015723270440251572 0.03930817610062893
4 0.6886792452830188 0.8459119496855346 0.02410901467505241 0.0220125786163522
4 0.570230607966457 0.5801886792452831 0.025157232704402517 0.02358490566037736
4 0.4916142557651992 0.49528301886792453 0.015723270440251572 0.03930817610062893
4 0.30712788259958074 0.35062893081761004 0.02620545073375262 0.0220125786163522
4 0.7337526205450734 0.39937106918238996 0.014675052410901468 0.03773584905660377
4 0.89937106918239 0.3663522012578616 0.025157232704402517 0.02358490566037736
4 0.89937106918239 0.4559748427672956 0.015723270440251572 0.03930817610062893
4 0.9874213836477987 0.4559748427672956 0.015723270440251572 0.03930817610062893
4 0.929769392033543 0.4559748427672956 0.015723270440251572 0.03930817610062893
4 0.9591194968553459 0.45440251572327045 0.014675052410901468 0.03773584905660377