1 0.5464426877470355 0.4050445103857567 0.03458498023715415 0.06676557863501484
1 0.4871541501976285 0.39465875370919884 0.014822134387351778 0.03857566765578635
1 0.41007905138339923 0.3293768545994065 0.024703557312252964 0.019287833827893175
1 0.5721343873517787 0.258160237388724 0.024703557312252964 0.019287833827893175
1 0.4950592885375494 0.5830860534124629 0.024703557312252964 0.020771513353115726
1 0.2974308300395257 0.5845697329376854 0.024703557312252964 0.020771513353115726
1 0.2015810276679842 0.4228486646884273 0.023715415019762844 0.020771513353115726
1 0.37450592885375494 0.6468842729970327 0.01383399209486166 0.037091988130563795
1 0.5741106719367589 0.6498516320474778 0.014822134387351778 0.037091988130563795
1 0.6126482213438735 0.0771513353115727 0.012845849802371542 0.037091988130563795
2 0.6146245059288538 0.3545994065281899 0.019762845849802372 0.05637982195845697
0 0.39822134387351776 0.4332344213649852 0.04743083003952569 0.13204747774480713
0 0.4871541501976285 0.6899109792284867 0.04743083003952569 0.13204747774480713
0 0.2826086956521739 0.6913946587537092 0.04743083003952569 0.13204747774480713
0 0.18478260869565216 0.3293768545994065 0.05632411067193676 0.1083086053412463
0 0.5474308300395256 0.1172106824925816 0.10375494071146245 0.11869436201780416
0 0.008893280632411068 0.12314540059347182 0.015810276679841896 0.2433234421364985
4 0.5731225296442688 0.7181008902077152 0.015810276679841896 0.037091988130563795
4 0.5039525691699605 0.7893175074183977 0.023715415019762844 0.020771513353115726
4 0.3725296442687747 0.7195845697329377 0.014822134387351778 0.037091988130563795
4 0.2994071146245059 0.7922848664688428 0.022727272727272728 0.020771513353115726
4 0.41106719367588934 0.5415430267062314 0.023715415019762844 0.02225519287833828
4 0.4851778656126482 0.46142433234421365 0.014822134387351778 0.037091988130563795
4 0.6590909090909091 0.3249258160237389 0.024703557312252964 0.020771513353115726
4 0.25691699604743085 0.37091988130563797 0.01383399209486166 0.03560830860534125
4 0.1007905138339921 0.3397626112759644 0.023715415019762844 0.02225519287833828
4 0.1007905138339921 0.42433234421364985 0.014822134387351778 0.037091988130563795
4 0.017786561264822136 0.42433234421364985 0.014822134387351778 0.037091988130563795
4 0.07213438735177866 0.42433234421364985 0.014822134387351778 0.037091988130563795
4 0.044466403162055336 0.4228486646884273 0.01383399209486166 0.03560830860534125