1 0.5476190476190477 0.41492537313432837 0.034722222222222224 0.06716417910447761
1 0.4880952380952381 0.4044776119402985 0.01488095238095238 0.03880597014925373
1 0.4107142857142857 0.33880597014925373 0.0248015873015873 0.019402985074626865
1 0.5734126984126984 0.2671641791044776 0.0248015873015873 0.019402985074626865
1 0.49603174603174605 0.5940298507462687 0.0248015873015873 0.020895522388059702
1 0.2976190476190476 0.5955223880597015 0.0248015873015873 0.020895522388059702
1 0.2013888888888889 0.43283582089552236 0.023809523809523808 0.020895522388059702
1 0.375 0.6582089552238806 0.013888888888888888 0.03731343283582089
1 0.5753968253968254 0.6611940298507463 0.01488095238095238 0.03731343283582089
1 0.6140873015873016 0.08507462686567165 0.012896825396825396 0.03731343283582089
2 0.6160714285714286 0.3641791044776119 0.01984126984126984 0.056716417910447764
0 0.39880952380952384 0.44328358208955226 0.047619047619047616 0.1328358208955224
0 0.4880952380952381 0.7014925373134329 0.047619047619047616 0.1328358208955224
0 0.28273809523809523 0.7029850746268657 0.047619047619047616 0.1328358208955224
0 0.18452380952380953 0.33880597014925373 0.05654761904761905 0.10895522388059702
0 0.5486111111111112 0.1253731343283582 0.10416666666666667 0.11940298507462686
0 0.008432539682539682 0.12761194029850748 0.01488095238095238 0.25223880597014925
4 0.5744047619047619 0.7298507462686568 0.015873015873015872 0.03731343283582089
4 0.5049603174603174 0.8014925373134328 0.023809523809523808 0.020895522388059702
4 0.373015873015873 0.7313432835820896 0.01488095238095238 0.03731343283582089
4 0.2996031746031746 0.8044776119402985 0.022817460317460316 0.020895522388059702
4 0.4117063492063492 0.5522388059701493 0.023809523809523808 0.022388059701492536
4 0.4861111111111111 0.4716417910447761 0.01488095238095238 0.03731343283582089
4 0.6607142857142857 0.33432835820895523 0.0248015873015873 0.020895522388059702
4 0.2569444444444444 0.3805970149253731 0.013888888888888888 0.03582089552238806
4 0.1001984126984127 0.3492537313432836 0.023809523809523808 0.022388059701492536
4 0.1001984126984127 0.4343283582089552 0.01488095238095238 0.03731343283582089
4 0.016865079365079364 0.4343283582089552 0.01488095238095238 0.03731343283582089
4 0.07142857142857142 0.4343283582089552 0.01488095238095238 0.03731343283582089
4 0.04365079365079365 0.43283582089552236 0.013888888888888888 0.03582089552238806