2 0.640461215932914 0.6289308176100629 0.023060796645702306 0.05817610062893082
2 0.5744234800838575 0.6273584905660378 0.023060796645702306 0.05817610062893082
2 0.24213836477987422 0.6257861635220126 0.023060796645702306 0.05817610062893082
2 0.1719077568134172 0.6242138364779874 0.023060796645702306 0.05817610062893082
2 0.3752620545073375 0.6242138364779874 0.023060796645702306 0.05817610062893082
2 0.3081761006289308 0.6242138364779874 0.023060796645702306 0.05817610062893082
2 0.5073375262054507 0.6257861635220126 0.023060796645702306 0.05817610062893082
2 0.4412997903563941 0.6257861635220126 0.023060796645702306 0.05817610062893082
0 0.1069182389937107 0.9457547169811321 0.2138364779874214 0.10534591194968554
4 0.48218029350104824 0.7531446540880503 0.050314465408805034 0.036163522012578615
4 0.389937106918239 0.7515723270440252 0.050314465408805034 0.036163522012578615