1 0.5625 0.5597014925373134 0.023809523809523808 0.019402985074626865
1 0.6785714285714286 0.5567164179104478 0.023809523809523808 0.019402985074626865
0 0.8745039682539683 0.12835820895522387 0.2490079365079365 0.2537313432835821
4 0.6884920634920635 0.1626865671641791 0.0248015873015873 0.020895522388059702
4 0.7281746031746031 0.3373134328358209 0.0248015873015873 0.022388059701492536
4 0.9474206349206349 0.4343283582089552 0.01488095238095238 0.03731343283582089
4 0.9206349206349206 0.43582089552238806 0.01488095238095238 0.03731343283582089
4 0.8918650793650794 0.43582089552238806 0.013888888888888888 0.03582089552238806
4 0.9970238095238095 0.43582089552238806 0.003968253968253968 0.041791044776119404
4 0.9761904761904762 0.4343283582089552 0.013888888888888888 0.03582089552238806
4 0.8650793650793651 0.43582089552238806 0.013888888888888888 0.03731343283582089
4 0.5634920634920635 0.5164179104477612 0.025793650793650792 0.019402985074626865
4 0.6785714285714286 0.5164179104477612 0.025793650793650792 0.019402985074626865
2 0.6746031746031746 0.3373134328358209 0.03273809523809524 0.029850746268656716