4 0.11904761904761904 0.5685358255451713 0.050724637681159424 0.03894080996884735
4 0.1873706004140787 0.5654205607476636 0.050724637681159424 0.03894080996884735
0 0.029503105590062112 0.4992211838006231 0.059006211180124224 0.1542056074766355
1 0.494824016563147 0.37227414330218067 0.021739130434782608 0.048286604361370715
1 0.37267080745341613 0.09190031152647975 0.021739130434782608 0.048286604361370715
1 0.07142857142857142 0.2102803738317757 0.021739130434782608 0.048286604361370715
1 0.38095238095238093 0.5218068535825545 0.021739130434782608 0.048286604361370715
1 0.2236024844720497 0.4423676012461059 0.030020703933747412 0.03115264797507788
1 0.47101449275362317 0.08878504672897196 0.030020703933747412 0.03115264797507788
4 0.33178053830227744 0.014797507788161994 0.021739130434782608 0.0264797507788162
4 0.3747412008281574 0.4158878504672897 0.020703933747412008 0.04672897196261682
4 0.37267080745341613 0.3130841121495327 0.020703933747412008 0.04672897196261682
4 0.2556935817805383 0.5607476635514018 0.050724637681159424 0.03894080996884735
4 0.32298136645962733 0.4423676012461059 0.033126293995859216 0.03426791277258567
0 0.010351966873706004 0.18691588785046728 0.020703933747412008 0.19314641744548286
0 0.4523809523809524 0.02881619937694704 0.060041407867494824 0.05451713395638629
4 0.427536231884058 0.367601246105919 0.024844720496894408 0.0763239875389408
0 0.2225672877846791 0.21962616822429906 0.19875776397515527 0.3068535825545171