4 0.8354430379746836 0.3987341772151899 0.05168776371308017 0.03955696202531646
4 0.7658227848101266 0.40189873417721517 0.05168776371308017 0.03955696202531646
0 0.9477848101265823 0.4699367088607595 0.10232067510548523 0.15822784810126583
1 0.4525316455696203 0.5981012658227848 0.022151898734177215 0.0490506329113924
1 0.7610759493670886 0.992879746835443 0.024261603375527425 0.011075949367088608
1 0.5770042194092827 0.8829113924050633 0.022151898734177215 0.0490506329113924
1 0.8839662447257384 0.7626582278481012 0.022151898734177215 0.0490506329113924
1 0.5685654008438819 0.4462025316455696 0.022151898734177215 0.0490506329113924
1 0.7289029535864979 0.5268987341772152 0.03059071729957806 0.03164556962025317
1 0.4767932489451477 0.8860759493670886 0.03059071729957806 0.03164556962025317
4 0.619198312236287 0.9715189873417721 0.02109704641350211 0.04746835443037975
4 0.6693037974683544 0.9968354430379747 0.05379746835443038 0.0031645569620253164
4 0.5748945147679325 0.5537974683544303 0.02109704641350211 0.04746835443037975
4 0.5770042194092827 0.6582278481012658 0.02109704641350211 0.04746835443037975
4 0.6962025316455697 0.40664556962025317 0.05168776371308017 0.03955696202531646
4 0.6276371308016878 0.5268987341772152 0.03375527426160337 0.03481012658227848
0 0.9662447257383966 0.7863924050632911 0.05907172995780591 0.19462025316455697
0 0.4957805907172996 0.9588607594936709 0.06118143459915612 0.07911392405063292
4 0.5210970464135021 0.6028481012658228 0.02531645569620253 0.07753164556962025
0 0.729957805907173 0.7531645569620253 0.20253164556962025 0.31170886075949367