4 0.39026915113871635 0.48130841121495327 0.024844720496894408 0.0763239875389408
0 0.07971014492753623 0.48130841121495327 0.057971014492753624 0.19158878504672897
1 0.4751552795031056 0.6043613707165109 0.021739130434782608 0.048286604361370715
1 0.12629399585921325 0.8878504672897196 0.021739130434782608 0.048286604361370715
1 0.007763975155279503 0.8115264797507789 0.015527950310559006 0.04984423676012461
1 0.2619047619047619 0.43457943925233644 0.030020703933747412 0.03115264797507788
1 0.3498964803312629 0.9657320872274143 0.030020703933747412 0.03115264797507788
1 0.46790890269151136 0.8894080996884736 0.030020703933747412 0.03115264797507788
1 0.031055900621118012 0.6059190031152648 0.030020703933747412 0.03115264797507788
1 0.10248447204968944 0.6090342679127726 0.030020703933747412 0.03115264797507788
4 0.19254658385093168 0.42834890965732086 0.033126293995859216 0.03115264797507788
4 0.42028985507246375 0.6090342679127726 0.033126293995859216 0.03115264797507788
0 0.4420289855072464 0.7601246105919003 0.057971014492753624 0.19158878504672897
0 0.4528985507246377 0.9610591900311527 0.061076604554865424 0.07476635514018691
0 0.08385093167701864 0.7383177570093458 0.057971014492753624 0.19158878504672897
0 0.2660455486542443 0.7024922118380063 0.14389233954451347 0.45638629283489096