1 0.9645922746781116 0.07741935483870968 0.022532188841201718 0.0467741935483871
1 0.7188841201716738 0.11612903225806452 0.022532188841201718 0.0467741935483871
1 0.6437768240343348 0.11451612903225807 0.022532188841201718 0.0467741935483871
4 0.6824034334763949 0.12258064516129032 0.02145922746781116 0.04838709677419355
0 0.8572961373390557 0.38306451612903225 0.2832618025751073 0.30806451612903224
3 0.5847639484978541 0.44193548387096776 0.12124463519313304 0.07258064516129033
4 0.463519313304721 0.1532258064516129 0.0203862660944206 0.04838709677419355
1 0.6394849785407726 0.28225806451612906 0.06652360515021459 0.15645161290322582
0 0.5225321888412017 0.3 0.1276824034334764 0.08870967741935484
4 0.4624463519313305 0.4403225806451613 0.02145922746781116 0.04838709677419355
1 0.8079399141630901 0.10967741935483871 0.022532188841201718 0.0467741935483871
0 0.5386266094420601 0.12096774193548387 0.1148068669527897 0.11451612903225807