1 0.32083333333333336 0.5407523510971787 0.021875 0.045454545454545456
1 0.5072916666666667 0.3463949843260188 0.020833333333333332 0.047021943573667714
1 0.09375 0.20532915360501566 0.021875 0.045454545454545456
1 0.09479166666666666 0.31974921630094044 0.021875 0.045454545454545456
1 0.022916666666666665 0.26489028213166144 0.021875 0.045454545454545456
1 0.009375 0.5971786833855799 0.01875 0.03134796238244514
4 0.09895833333333333 0.46394984326018807 0.04791666666666667 0.03605015673981191
4 0.026041666666666668 0.39184952978056425 0.026041666666666668 0.07366771159874608
4 0.28541666666666665 0.5407523510971787 0.020833333333333332 0.047021943573667714
4 0.09479166666666666 0.5642633228840125 0.020833333333333332 0.047021943573667714
0 0.034895833333333334 0.09247648902821316 0.06979166666666667 0.18495297805642633
0 0.0125 0.5078369905956113 0.025 0.109717868338558
4 0.12604166666666666 0.5658307210031348 0.020833333333333332 0.047021943573667714
1 0.509375 0.16614420062695925 0.019791666666666666 0.0438871473354232
0 0.3026041666666667 0.22178683385579936 0.34270833333333334 0.44357366771159873
0 0.21145833333333333 0.5501567398119123 0.10104166666666667 0.109717868338558