1 0.6566523605150214 0.4806451612903226 0.022532188841201718 0.0467741935483871
1 0.4645922746781116 0.6806451612903226 0.02145922746781116 0.04838709677419355
1 0.8905579399141631 0.8258064516129032 0.022532188841201718 0.0467741935483871
1 0.8894849785407726 0.7080645161290322 0.022532188841201718 0.0467741935483871
1 0.9635193133047211 0.7645161290322581 0.022532188841201718 0.0467741935483871
1 0.9839055793991416 0.42258064516129035 0.03111587982832618 0.03064516129032258
4 0.8851931330472103 0.5596774193548387 0.04935622317596566 0.037096774193548385
4 0.9603004291845494 0.6338709677419355 0.02682403433476395 0.07580645161290323
4 0.6931330472103004 0.4806451612903226 0.02145922746781116 0.04838709677419355
4 0.8894849785407726 0.45645161290322583 0.02145922746781116 0.04838709677419355
0 0.9570815450643777 0.9225806451612903 0.08369098712446352 0.15161290322580645
0 0.9801502145922747 0.5153225806451613 0.03755364806866953 0.11451612903225807
4 0.8572961373390557 0.45483870967741935 0.02145922746781116 0.04838709677419355
1 0.4624463519313305 0.8661290322580645 0.0203862660944206 0.04516129032258064
0 0.6759656652360515 0.7895161290322581 0.3540772532188841 0.41774193548387095
0 0.76931330472103 0.47096774193548385 0.10407725321888411 0.11290322580645161