1 0.9739583333333334 0.8949843260188087 0.021875 0.045454545454545456
1 0.7354166666666667 0.8573667711598746 0.021875 0.045454545454545456
1 0.6625 0.8589341692789969 0.021875 0.045454545454545456
4 0.7 0.8510971786833855 0.020833333333333332 0.047021943573667714
0 0.865625 0.5995297805642633 0.26666666666666666 0.2993730407523511
0 0.9625 0.9866771159874608 0.07291666666666667 0.02664576802507837
3 0.6052083333333333 0.5407523510971787 0.11770833333333333 0.07053291536050156
4 0.4875 0.8213166144200627 0.019791666666666666 0.047021943573667714
1 0.6583333333333333 0.6959247648902821 0.06458333333333334 0.15203761755485892
0 0.5447916666666667 0.6786833855799373 0.12395833333333334 0.08620689655172414
4 0.4864583333333333 0.542319749216301 0.020833333333333332 0.047021943573667714
1 0.821875 0.8636363636363636 0.021875 0.045454545454545456
0 0.6932291666666667 0.9804075235109718 0.34270833333333334 0.03605015673981191
0 0.5604166666666667 0.8526645768025078 0.11145833333333334 0.11128526645768025