1 0.021875 0.932601880877743 0.021875 0.045454545454545456
1 0.2604166666666667 0.8949843260188087 0.021875 0.045454545454545456
1 0.3333333333333333 0.896551724137931 0.021875 0.045454545454545456
4 0.29583333333333334 0.8887147335423198 0.020833333333333332 0.047021943573667714
0 0.13177083333333334 0.6363636363636364 0.2635416666666667 0.29780564263322884
3 0.390625 0.5783699059561128 0.11770833333333333 0.07053291536050156
4 0.5083333333333333 0.8589341692789969 0.019791666666666666 0.047021943573667714
1 0.3375 0.7335423197492164 0.06458333333333334 0.15203761755485892
0 0.4510416666666667 0.7163009404388715 0.12395833333333334 0.08620689655172414
4 0.509375 0.5799373040752351 0.020833333333333332 0.047021943573667714
1 0.17395833333333333 0.9012539184952978 0.021875 0.045454545454545456
0 0.4354166666666667 0.890282131661442 0.11145833333333334 0.11128526645768025