4 0.002173913043478261 0.9428104575163399 0.004347826086956522 0.02287581699346405
4 0.03260869565217391 0.9281045751633987 0.02282608695652174 0.021241830065359478
4 0.05434782608695652 0.988562091503268 0.02282608695652174 0.021241830065359478
4 0.02010869565217391 0.9861111111111112 0.014130434782608696 0.024509803921568627
1 0.24130434782608695 0.8104575163398693 0.011956521739130435 0.03431372549019608
1 0.04456521739130435 0.7810457516339869 0.011956521739130435 0.03431372549019608
1 0.2532608695652174 0.5964052287581699 0.011956521739130435 0.03431372549019608
1 0.12391304347826088 0.5915032679738562 0.011956521739130435 0.03431372549019608
1 0.20543478260869566 0.684640522875817 0.013043478260869565 0.03431372549019608
1 0.1826086956521739 0.7222222222222222 0.011956521739130435 0.03431372549019608
1 0.28043478260869564 0.8088235294117647 0.013043478260869565 0.03431372549019608
1 0.2608695652173913 0.8088235294117647 0.014130434782608696 0.03431372549019608
1 0.14347826086956522 0.7810457516339869 0.011956521739130435 0.03431372549019608
1 0.1826086956521739 0.7810457516339869 0.013043478260869565 0.03431372549019608
1 0.16304347826086957 0.7794117647058824 0.014130434782608696 0.03431372549019608
1 0.08478260869565217 0.9264705882352942 0.011956521739130435 0.03431372549019608
1 0.12391304347826088 0.9281045751633987 0.013043478260869565 0.03431372549019608
1 0.10543478260869565 0.9281045751633987 0.014130434782608696 0.03431372549019608
1 0.14347826086956522 0.9281045751633987 0.011956521739130435 0.03431372549019608
1 0.1826086956521739 0.9264705882352942 0.013043478260869565 0.03431372549019608
1 0.16304347826086957 0.9281045751633987 0.014130434782608696 0.03431372549019608
1 0.14347826086956522 0.8382352941176471 0.011956521739130435 0.03431372549019608
1 0.1815217391304348 0.8382352941176471 0.013043478260869565 0.03431372549019608
1 0.16304347826086957 0.8398692810457516 0.014130434782608696 0.03431372549019608
1 0.08478260869565217 0.8398692810457516 0.011956521739130435 0.03431372549019608
1 0.12391304347826088 0.8398692810457516 0.013043478260869565 0.03431372549019608
1 0.10434782608695652 0.8398692810457516 0.014130434782608696 0.03431372549019608
1 0.29891304347826086 0.8676470588235294 0.011956521739130435 0.03431372549019608
1 0.3391304347826087 0.8676470588235294 0.013043478260869565 0.03431372549019608
1 0.3184782608695652 0.8676470588235294 0.014130434782608696 0.03431372549019608
1 0.24130434782608695 0.8676470588235294 0.011956521739130435 0.03431372549019608
1 0.2793478260869565 0.8676470588235294 0.013043478260869565 0.03431372549019608
1 0.2619565217391304 0.8676470588235294 0.014130434782608696 0.03431372549019608
1 0.3 0.9264705882352942 0.011956521739130435 0.03431372549019608
1 0.35978260869565215 0.9281045751633987 0.013043478260869565 0.03431372549019608
1 0.31956521739130433 0.9264705882352942 0.014130434782608696 0.03431372549019608
1 0.24130434782608695 0.9264705882352942 0.011956521739130435 0.03431372549019608
1 0.28043478260869564 0.9264705882352942 0.013043478260869565 0.03431372549019608
1 0.2608695652173913 0.9264705882352942 0.014130434782608696 0.03431372549019608
1 0.33804347826086956 0.9264705882352942 0.013043478260869565 0.03431372549019608
1 0.23641304347826086 0.9844771241830066 0.03804347826086957 0.027777777777777776
1 0.10597826086956522 0.9836601307189542 0.03804347826086957 0.029411764705882353
1 0.16141304347826088 0.9844771241830066 0.03804347826086957 0.027777777777777776
1 0.2108695652173913 0.923202614379085 0.020652173913043477 0.05392156862745098
1 0.13478260869565217 0.8839869281045751 0.02282608695652174 0.017973856209150325
1 0.4358695652173913 0.869281045751634 0.013043478260869565 0.03758169934640523
1 0.24130434782608695 0.7516339869281046 0.013043478260869565 0.03758169934640523
1 0.358695652173913 0.7810457516339869 0.013043478260869565 0.03758169934640523
1 0.10434782608695652 0.5898692810457516 0.011956521739130435 0.03431372549019608
1 0.3456521739130435 0.9836601307189542 0.03695652173913044 0.029411764705882353
1 0.2902173913043478 0.9836601307189542 0.03695652173913044 0.029411764705882353
1 0.2684782608695652 0.5392156862745098 0.02282608695652174 0.021241830065359478
1 0.2684782608695652 0.5081699346405228 0.02282608695652174 0.021241830065359478
4 0.014130434782608696 0.8464052287581699 0.02282608695652174 0.021241830065359478
4 0.33369565217391306 0.6977124183006536 0.02282608695652174 0.021241830065359478
4 0.3858695652173913 0.8398692810457516 0.02282608695652174 0.021241830065359478
4 0.38804347826086955 0.988562091503268 0.02391304347826087 0.0196078431372549
4 0.2326086956521739 0.6895424836601307 0.02282608695652174 0.021241830065359478
4 0.44782608695652176 0.9395424836601307 0.02282608695652174 0.021241830065359478
4 0.4902173913043478 0.988562091503268 0.02282608695652174 0.021241830065359478
4 0.5836956521739131 0.5931372549019608 0.014130434782608696 0.03594771241830065
4 0.2728260869565217 0.5980392156862745 0.014130434782608696 0.03594771241830065
4 0.48586956521739133 0.5964052287581699 0.014130434782608696 0.03594771241830065
4 0.5043478260869565 0.5947712418300654 0.014130434782608696 0.03594771241830065
4 0.5260869565217391 0.5947712418300654 0.014130434782608696 0.03594771241830065
4 0.5434782608695652 0.5947712418300654 0.014130434782608696 0.03594771241830065
4 0.5641304347826087 0.5947712418300654 0.014130434782608696 0.03594771241830065
0 0.20326086956521738 0.6078431372549019 0.06739130434782609 0.07679738562091504