4 0.09130434782608696 0.19607843137254902 0.02608695652173913 0.021241830065359478
4 0.4 0.05228758169934641 0.02282608695652174 0.021241830065359478
4 0.02608695652173913 0.20261437908496732 0.013043478260869565 0.03594771241830065
5 0.03369565217391304 0.36437908496732024 0.06086956521739131 0.04084967320261438
1 0.2619565217391304 0.0032679738562091504 0.013043478260869565 0.006535947712418301
1 0.32119565217391305 0.004084967320261438 0.014130434782608696 0.008169934640522876
1 0.28152173913043477 0.004084967320261438 0.015217391304347827 0.008169934640522876
1 0.28043478260869564 0.04738562091503268 0.011956521739130435 0.03431372549019608
1 0.2418478260869565 0.0032679738562091504 0.014130434782608696 0.006535947712418301
1 0.3010869565217391 0.049019607843137254 0.013043478260869565 0.03431372549019608
1 0.3005434782608696 0.004084967320261438 0.014130434782608696 0.008169934640522876
1 0.12282608695652174 0.0032679738562091504 0.013043478260869565 0.006535947712418301
1 0.18315217391304348 0.004084967320261438 0.014130434782608696 0.008169934640522876
1 0.14456521739130435 0.004084967320261438 0.015217391304347827 0.008169934640522876
1 0.06630434782608696 0.004084967320261438 0.013043478260869565 0.008169934640522876
1 0.10597826086956522 0.004901960784313725 0.014130434782608696 0.00980392156862745
1 0.08586956521739131 0.004901960784313725 0.015217391304347827 0.00980392156862745
1 0.16358695652173913 0.004084967320261438 0.014130434782608696 0.008169934640522876
1 0.24021739130434783 0.049019607843137254 0.011956521739130435 0.03431372549019608
1 0.2608695652173913 0.049019607843137254 0.014130434782608696 0.03431372549019608
1 0.125 0.05065359477124183 0.011956521739130435 0.03431372549019608
1 0.1826086956521739 0.049019607843137254 0.013043478260869565 0.03431372549019608
1 0.14347826086956522 0.049019607843137254 0.014130434782608696 0.03431372549019608
1 0.10326086956521739 0.049019607843137254 0.013043478260869565 0.03431372549019608
1 0.16304347826086957 0.049019607843137254 0.013043478260869565 0.03431372549019608
1 0.47282608695652173 0.08333333333333333 0.04456521739130435 0.04411764705882353
2 0.5847826086956521 0.1830065359477124 0.02826086956521739 0.08823529411764706
4 0.20869565217391303 0.21568627450980393 0.014130434782608696 0.03594771241830065
4 0.45217391304347826 0.004901960784313725 0.02391304347826087 0.00980392156862745
4 0.45108695652173914 0.026143790849673203 0.02282608695652174 0.021241830065359478
4 0.4826086956521739 0.017973856209150325 0.014130434782608696 0.03594771241830065
4 0.3652173913043478 0.16830065359477125 0.014130434782608696 0.03594771241830065
4 0.22826086956521738 0.21241830065359477 0.014130434782608696 0.03594771241830065