4 0.8125 0.7707006369426752 0.025423728813559324 0.020700636942675158
4 0.975635593220339 0.9235668789808917 0.024364406779661018 0.020700636942675158
4 0.9449152542372882 0.982484076433121 0.022245762711864406 0.020700636942675158
4 0.9110169491525424 0.945859872611465 0.022245762711864406 0.020700636942675158
4 0.5116525423728814 0.910828025477707 0.022245762711864406 0.020700636942675158
4 0.9152542372881356 0.64171974522293 0.012711864406779662 0.03503184713375796
4 0.8760593220338984 0.7643312101910829 0.012711864406779662 0.03503184713375796
1 0.9502118644067796 0.7691082802547771 0.037076271186440676 0.10191082802547771
5 0.8686440677966102 0.606687898089172 0.059322033898305086 0.03980891719745223
1 0.6461864406779662 0.9729299363057324 0.011652542372881356 0.03343949044585987
1 0.5889830508474576 0.9713375796178344 0.012711864406779662 0.03343949044585987
1 0.6271186440677966 0.9713375796178344 0.013771186440677966 0.03343949044585987
1 0.628177966101695 0.9156050955414012 0.011652542372881356 0.03343949044585987
1 0.6663135593220338 0.9729299363057324 0.012711864406779662 0.03343949044585987
1 0.6080508474576272 0.9140127388535032 0.012711864406779662 0.03343949044585987
1 0.6091101694915254 0.9713375796178344 0.012711864406779662 0.03343949044585987
1 0.7817796610169492 0.9729299363057324 0.011652542372881356 0.03343949044585987
1 0.7235169491525424 0.9713375796178344 0.012711864406779662 0.03343949044585987
1 0.760593220338983 0.9713375796178344 0.013771186440677966 0.03343949044585987
1 0.836864406779661 0.9713375796178344 0.011652542372881356 0.03343949044585987
1 0.798728813559322 0.9697452229299363 0.012711864406779662 0.03343949044585987
1 0.8177966101694916 0.9697452229299363 0.013771186440677966 0.03343949044585987
1 0.7425847457627118 0.9713375796178344 0.012711864406779662 0.03343949044585987
1 0.6673728813559322 0.9140127388535032 0.011652542372881356 0.03343949044585987
1 0.6472457627118644 0.9140127388535032 0.013771186440677966 0.03343949044585987
1 0.7796610169491526 0.9124203821656051 0.011652542372881356 0.03343949044585987
1 0.7235169491525424 0.9140127388535032 0.012711864406779662 0.03343949044585987
1 0.7616525423728814 0.9140127388535032 0.013771186440677966 0.03343949044585987
1 0.8008474576271186 0.9140127388535032 0.012711864406779662 0.03343949044585987
1 0.7425847457627118 0.9140127388535032 0.012711864406779662 0.03343949044585987
1 0.4406779661016949 0.8805732484076433 0.04343220338983051 0.042993630573248405
1 0.9576271186440678 0.8757961783439491 0.0423728813559322 0.03980891719745223
2 0.3315677966101695 0.7834394904458599 0.02754237288135593 0.08598726114649681
4 0.698093220338983 0.7515923566878981 0.013771186440677966 0.03503184713375796
4 0.4242584745762712 0.9928343949044586 0.024364406779661018 0.011146496815286623
4 0.4608050847457627 0.9633757961783439 0.022245762711864406 0.020700636942675158
4 0.461864406779661 0.9363057324840764 0.022245762711864406 0.020700636942675158
4 0.4539194915254237 0.9928343949044586 0.015889830508474576 0.011146496815286623
4 0.4719279661016949 0.9920382165605095 0.015889830508474576 0.012738853503184714
4 0.4311440677966102 0.9442675159235668 0.013771186440677966 0.03503184713375796
4 0.5455508474576272 0.7977707006369427 0.013771186440677966 0.03503184713375796
4 0.6790254237288136 0.7547770700636943 0.013771186440677966 0.03503184713375796