0 0.5567951318458418 0.08689024390243902 0.07707910750507099 0.11128048780487805
3 0.9168356997971603 0.038871951219512195 0.1257606490872211 0.07469512195121951
0 0.9036511156186613 0.19054878048780488 0.11460446247464504 0.14176829268292682
3 0.9523326572008114 0.36128048780487804 0.056795131845841784 0.10823170731707317
1 0.947261663286004 0.4573170731707317 0.032454361054766734 0.03048780487804878
0 0.6379310344827587 0.32621951219512196 0.08113590263691683 0.13871951219512196
5 0.8164300202839757 0.3475609756097561 0.04056795131845842 0.036585365853658534
5 0.6359026369168357 0.4375 0.02434077079107505 0.057926829268292686
5 0.755578093306288 0.4375 0.02434077079107505 0.057926829268292686
5 0.7657200811359026 0.3475609756097561 0.04056795131845842 0.036585365853658534
1 0.8559837728194726 0.4451219512195122 0.03955375253549696 0.038109756097560975
1 0.5872210953346856 0.23628048780487804 0.02028397565922921 0.018292682926829267
1 0.6926977687626775 0.4146341463414634 0.02028397565922921 0.018292682926829267
4 0.691683569979716 0.4557926829268293 0.02028397565922921 0.021341463414634148
4 0.8975659229208925 0.3673780487804878 0.013184584178498986 0.03353658536585366
1 0.5882352941176471 0.21036585365853658 0.02028397565922921 0.018292682926829267
4 0.5872210953346856 0.43140243902439024 0.013184584178498986 0.03353658536585366
4 0.8103448275862069 0.43597560975609756 0.013184584178498986 0.03353658536585366
4 0.731237322515213 0.37652439024390244 0.013184584178498986 0.03353658536585366
4 0.7322515212981744 0.32926829268292684 0.013184584178498986 0.03353658536585366
4 0.8975659229208925 0.4115853658536585 0.013184584178498986 0.03353658536585366
4 0.8600405679513184 0.33689024390243905 0.02129817444219067 0.019817073170731708
4 0.8600405679513184 0.3643292682926829 0.02129817444219067 0.019817073170731708
1 0.896551724137931 0.3231707317073171 0.012170385395537525 0.03201219512195122
1 0.9787018255578094 0.21189024390243902 0.011156186612576065 0.028963414634146343
4 0.9787018255578094 0.14786585365853658 0.017241379310344827 0.04725609756097561