0 0.5286885245901639 0.07230769230769231 0.0778688524590164 0.1123076923076923
3 0.8924180327868853 0.031538461538461536 0.12704918032786885 0.06
0 0.8790983606557377 0.17692307692307693 0.11577868852459017 0.14307692307692307
3 0.9282786885245902 0.34923076923076923 0.05737704918032787 0.10923076923076923
1 0.923155737704918 0.4461538461538462 0.03278688524590164 0.03076923076923077
0 0.610655737704918 0.31384615384615383 0.08196721311475409 0.14
5 0.7909836065573771 0.3353846153846154 0.040983606557377046 0.036923076923076927
5 0.6086065573770492 0.42615384615384616 0.02459016393442623 0.05846153846153846
5 0.7295081967213115 0.42615384615384616 0.02459016393442623 0.05846153846153846
5 0.7397540983606558 0.3353846153846154 0.040983606557377046 0.036923076923076927
1 0.8309426229508197 0.4338461538461538 0.039959016393442626 0.038461538461538464
1 0.5594262295081968 0.2230769230769231 0.020491803278688523 0.018461538461538463
1 0.6659836065573771 0.40307692307692305 0.020491803278688523 0.018461538461538463
4 0.6649590163934426 0.44461538461538463 0.020491803278688523 0.021538461538461538
4 0.8729508196721312 0.3553846153846154 0.01331967213114754 0.033846153846153845
1 0.5604508196721312 0.19692307692307692 0.020491803278688523 0.018461538461538463
4 0.5594262295081968 0.42 0.01331967213114754 0.033846153846153845
4 0.7848360655737705 0.4246153846153846 0.01331967213114754 0.033846153846153845
4 0.7049180327868853 0.3646153846153846 0.01331967213114754 0.033846153846153845
4 0.7059426229508197 0.3169230769230769 0.01331967213114754 0.033846153846153845
4 0.8729508196721312 0.4 0.01331967213114754 0.033846153846153845
4 0.8350409836065574 0.32461538461538464 0.02151639344262295 0.02
4 0.8350409836065574 0.3523076923076923 0.02151639344262295 0.02
1 0.8719262295081968 0.31076923076923074 0.012295081967213115 0.03230769230769231
1 0.9549180327868853 0.19846153846153847 0.011270491803278689 0.02923076923076923
4 0.9549180327868853 0.13384615384615384 0.017418032786885244 0.047692307692307694