0 0.13155136268343814 0.018867924528301886 0.05345911949685535 0.03459119496855346
0 0.27882599580712786 0.11635220125786164 0.051362683438155136 0.17452830188679244
0 0.6111111111111112 0.09748427672955975 0.051362683438155136 0.17452830188679244
0 0.129979035639413 0.1509433962264151 0.051362683438155136 0.17452830188679244
0 0.2746331236897275 0.35691823899371067 0.051362683438155136 0.17452830188679244
0 0.4481132075471698 0.18160377358490565 0.1331236897274633 0.360062893081761
0 0.129979035639413 0.3553459119496855 0.051362683438155136 0.17452830188679244
4 0.5628930817610063 0.35377358490566035 0.02410901467505241 0.06761006289308176
4 0.3805031446540881 0.40408805031446543 0.02830188679245283 0.02830188679245283
4 0.5880503144654088 0.2358490566037736 0.02830188679245283 0.02830188679245283
1 0.44339622641509435 0.39622641509433965 0.02830188679245283 0.02830188679245283
1 0.2976939203354298 0.24213836477987422 0.02830188679245283 0.02830188679245283
1 0.23270440251572327 0.24056603773584906 0.02830188679245283 0.02830188679245283
1 0.6373165618448637 0.24371069182389937 0.018867924528301886 0.040880503144654086
1 0.20754716981132076 0.055031446540880505 0.018867924528301886 0.040880503144654086