0 0.6163522012578616 0.6933962264150944 0.051362683438155136 0.17452830188679244
0 0.1320754716981132 0.964622641509434 0.05450733752620545 0.06761006289308176
0 0.1949685534591195 0.7248427672955975 0.051362683438155136 0.17452830188679244
0 0.6090146750524109 0.9190251572327044 0.05450733752620545 0.15880503144654087
0 0.40356394129979034 0.6965408805031447 0.18238993710691823 0.27358490566037735
0 0.20649895178197064 0.4418238993710692 0.08909853249475891 0.13679245283018868
4 0.590146750524109 0.5534591194968553 0.023060796645702306 0.0660377358490566
4 0.4591194968553459 0.9292452830188679 0.04507337526205451 0.03459119496855346
4 0.4339622641509434 0.3836477987421384 0.04507337526205451 0.03459119496855346
4 0.3710691823899371 0.37735849056603776 0.04507337526205451 0.03459119496855346
4 0.31027253668763105 0.3757861635220126 0.04507337526205451 0.03459119496855346
4 0.1069182389937107 0.5487421383647799 0.0220125786163522 0.06289308176100629
4 0.5062893081761006 0.8883647798742138 0.018867924528301886 0.04245283018867924
4 0.5429769392033543 0.5110062893081762 0.018867924528301886 0.04245283018867924
4 0.49266247379454925 0.49056603773584906 0.02830188679245283 0.02830188679245283
4 0.1090146750524109 0.38836477987421386 0.0220125786163522 0.06289308176100629
1 0.40461215932914046 0.49056603773584906 0.02830188679245283 0.02830188679245283
1 0.5220125786163522 0.9811320754716981 0.02830188679245283 0.02830188679245283
1 0.6320754716981132 0.8113207547169812 0.02830188679245283 0.02830188679245283
1 0.20964360587002095 0.9386792452830188 0.02830188679245283 0.02830188679245283
1 0.5482180293501048 0.4166666666666667 0.018867924528301886 0.040880503144654086
1 0.6519916142557652 0.550314465408805 0.018867924528301886 0.040880503144654086
1 0.5429769392033543 0.8113207547169812 0.018867924528301886 0.040880503144654086
1 0.2672955974842767 0.7028301886792453 0.018867924528301886 0.040880503144654086
1 0.10482180293501048 0.8773584905660378 0.018867924528301886 0.040880503144654086
1 0.37840670859538783 0.9292452830188679 0.018867924528301886 0.040880503144654086