0 0.1329449152542373 0.9777070063694268 0.05402542372881356 0.041401273885350316
0 0.2817796610169492 0.8757961783439491 0.05190677966101695 0.1767515923566879
0 0.6175847457627118 0.8949044585987261 0.05190677966101695 0.1767515923566879
0 0.13135593220338984 0.8407643312101911 0.05190677966101695 0.1767515923566879
0 0.2775423728813559 0.6321656050955414 0.05190677966101695 0.1767515923566879
0 0.4528601694915254 0.8128980891719745 0.13453389830508475 0.37101910828025475
0 0.13135593220338984 0.6337579617834395 0.05190677966101695 0.1767515923566879
4 0.5688559322033898 0.6353503184713376 0.024364406779661018 0.06847133757961783
4 0.3845338983050847 0.5843949044585988 0.028601694915254237 0.028662420382165606
4 0.5942796610169492 0.7547770700636943 0.028601694915254237 0.028662420382165606
1 0.4480932203389831 0.5923566878980892 0.028601694915254237 0.028662420382165606
1 0.3008474576271186 0.7484076433121019 0.028601694915254237 0.028662420382165606
1 0.23516949152542374 0.75 0.028601694915254237 0.028662420382165606
1 0.6440677966101694 0.7468152866242038 0.019067796610169493 0.041401273885350316
1 0.3204449152542373 0.9936305732484076 0.020127118644067795 0.009554140127388535
1 0.2097457627118644 0.9378980891719745 0.019067796610169493 0.041401273885350316