0 0.6228813559322034 0.2914012738853503 0.05190677966101695 0.1767515923566879
0 0.1329449152542373 0.025477707006369428 0.05402542372881356 0.050955414012738856
0 0.19703389830508475 0.25955414012738853 0.05190677966101695 0.1767515923566879
0 0.6149364406779662 0.07165605095541401 0.05402542372881356 0.14331210191082802
0 0.4078389830508475 0.28821656050955413 0.1843220338983051 0.2770700636942675
0 0.2086864406779661 0.5461783439490446 0.09004237288135593 0.13853503184713375
4 0.5963983050847458 0.43312101910828027 0.023305084745762712 0.06687898089171974
4 0.4639830508474576 0.052547770700636945 0.045550847457627115 0.03503184713375796
4 0.4385593220338983 0.6050955414012739 0.045550847457627115 0.03503184713375796
4 0.375 0.6114649681528662 0.045550847457627115 0.03503184713375796
4 0.3135593220338983 0.6130573248407644 0.045550847457627115 0.03503184713375796
4 0.10805084745762712 0.43789808917197454 0.022245762711864406 0.06369426751592357
4 0.5116525423728814 0.09394904458598727 0.019067796610169493 0.042993630573248405
4 0.548728813559322 0.47611464968152867 0.019067796610169493 0.042993630573248405
4 0.4978813559322034 0.4968152866242038 0.028601694915254237 0.028662420382165606
4 0.11016949152542373 0.6003184713375797 0.022245762711864406 0.06369426751592357
1 0.4088983050847458 0.4968152866242038 0.028601694915254237 0.028662420382165606
1 0.527542372881356 0.007961783439490446 0.029661016949152543 0.01592356687898089
1 0.638771186440678 0.17197452229299362 0.028601694915254237 0.028662420382165606
1 0.211864406779661 0.042993630573248405 0.028601694915254237 0.028662420382165606
1 0.5540254237288136 0.571656050955414 0.019067796610169493 0.041401273885350316
1 0.6588983050847458 0.43630573248407645 0.019067796610169493 0.041401273885350316
1 0.548728813559322 0.17197452229299362 0.019067796610169493 0.041401273885350316
1 0.2701271186440678 0.2818471337579618 0.019067796610169493 0.041401273885350316
1 0.1059322033898305 0.10509554140127389 0.019067796610169493 0.041401273885350316
1 0.3824152542372881 0.052547770700636945 0.019067796610169493 0.041401273885350316