0 0.3480083857442348 0.9488993710691824 0.05450733752620545 0.09905660377358491
0 0.8249475890985325 0.9921383647798742 0.05450733752620545 0.012578616352201259
0 0.7620545073375262 0.7783018867924528 0.051362683438155136 0.17452830188679244
0 0.33962264150943394 0.7531446540880503 0.051362683438155136 0.17452830188679244
1 0.550314465408805 0.550314465408805 0.02830188679245283 0.029874213836477988
1 0.3259958071278826 0.8742138364779874 0.02830188679245283 0.029874213836477988
1 0.7489517819706499 0.9882075471698113 0.03039832285115304 0.020440251572327043
1 0.4077568134171908 0.4779874213836478 0.019916142557651992 0.040880503144654086
1 0.3039832285115304 0.6147798742138365 0.019916142557651992 0.040880503144654086
1 0.4140461215932914 0.8710691823899371 0.019916142557651992 0.040880503144654086
1 0.6918238993710691 0.7594339622641509 0.019916142557651992 0.040880503144654086
1 0.5791404612159329 0.9803459119496856 0.0220125786163522 0.036163522012578615
1 0.8532494758909853 0.9308176100628931 0.019916142557651992 0.040880503144654086
4 0.4140461215932914 0.6666666666666666 0.019916142557651992 0.04245283018867924
4 0.8469601677148847 0.4449685534591195 0.02410901467505241 0.06132075471698113
4 0.850104821802935 0.6069182389937107 0.02410901467505241 0.06132075471698113
4 0.46226415094339623 0.5518867924528302 0.029350104821802937 0.02830188679245283
4 0.4119496855345912 0.5723270440251572 0.018867924528301886 0.04245283018867924
4 0.45178197064989517 0.949685534591195 0.018867924528301886 0.04245283018867924
4 0.36477987421383645 0.6163522012578616 0.02410901467505241 0.0660377358490566
4 0.6446540880503144 0.43238993710691825 0.04612159329140461 0.036163522012578615
4 0.4989517819706499 0.9842767295597484 0.04821802935010482 0.02830188679245283
4 0.5209643605870021 0.4418238993710692 0.04612159329140461 0.036163522012578615
4 0.5838574423480084 0.4371069182389937 0.04612159329140461 0.036163522012578615
0 0.749475890985325 0.5 0.09329140461215933 0.13836477987421383
0 0.5545073375262054 0.7562893081761006 0.18134171907756813 0.2783018867924528