0 0.34288537549407117 0.9406528189910979 0.05138339920948617 0.11572700296735905
0 0.7924901185770751 0.9814540059347181 0.05138339920948617 0.03412462908011869
0 0.733201581027668 0.7685459940652819 0.04841897233201581 0.16468842729970326
0 0.3349802371541502 0.744807121661721 0.04841897233201581 0.16468842729970326
1 0.5335968379446641 0.5534124629080118 0.0266798418972332 0.028189910979228485
1 0.3221343873517787 0.8590504451038575 0.0266798418972332 0.028189910979228485
1 0.7203557312252964 0.9718100890207715 0.0266798418972332 0.028189910979228485
1 0.39920948616600793 0.48516320474777447 0.018774703557312252 0.03857566765578635
1 0.30138339920948615 0.6142433234421365 0.018774703557312252 0.03857566765578635
1 0.4051383399209486 0.8560830860534124 0.018774703557312252 0.03857566765578635
1 0.6669960474308301 0.7507418397626113 0.018774703557312252 0.03857566765578635
1 0.5602766798418972 0.9629080118694362 0.018774703557312252 0.03857566765578635
1 0.8191699604743083 0.9124629080118695 0.018774703557312252 0.03857566765578635
4 0.4051383399209486 0.6632047477744807 0.018774703557312252 0.040059347181008904
4 0.8132411067193676 0.4540059347181009 0.022727272727272728 0.057863501483679525
4 0.8162055335968379 0.6068249258160238 0.022727272727272728 0.057863501483679525
4 0.4505928853754941 0.5548961424332344 0.02766798418972332 0.026706231454005934
4 0.4031620553359684 0.5741839762611276 0.017786561264822136 0.040059347181008904
4 0.4407114624505929 0.93026706231454 0.017786561264822136 0.040059347181008904
4 0.358695652173913 0.615727002967359 0.022727272727272728 0.06231454005934718
4 0.6225296442687747 0.4421364985163205 0.043478260869565216 0.03412462908011869
4 0.4841897233201581 0.9673590504451038 0.043478260869565216 0.03412462908011869
4 0.5059288537549407 0.45103857566765576 0.043478260869565216 0.03412462908011869
4 0.5652173913043478 0.4465875370919881 0.043478260869565216 0.03412462908011869
0 0.7213438735177866 0.5059347181008902 0.08794466403162056 0.13056379821958458
0 0.5375494071146245 0.7477744807121661 0.17094861660079053 0.2626112759643917