0 0.6889848812095032 0.9439935064935064 0.056155507559395246 0.10876623376623376
0 0.1976241900647948 0.9886363636363636 0.056155507559395246 0.01948051948051948
0 0.2613390928725702 0.7646103896103896 0.052915766738660906 0.18019480519480519
0 0.6965442764578834 0.7386363636363636 0.052915766738660906 0.18019480519480519
1 0.4794816414686825 0.5292207792207793 0.029157667386609073 0.030844155844155844
1 0.7105831533477321 0.8636363636363636 0.029157667386609073 0.030844155844155844
1 0.2759179265658747 0.984577922077922 0.03131749460043196 0.027597402597402596
1 0.6263498920086393 0.45454545454545453 0.020518358531317494 0.04220779220779221
1 0.7332613390928726 0.5957792207792207 0.020518358531317494 0.04220779220779221
1 0.6198704103671706 0.8603896103896104 0.020518358531317494 0.04220779220779221
1 0.33369330453563717 0.7451298701298701 0.020518358531317494 0.04220779220779221
1 0.4503239740820734 0.9772727272727273 0.020518358531317494 0.04220779220779221
1 0.1673866090712743 0.922077922077922 0.020518358531317494 0.04220779220779221
4 0.6198704103671706 0.6493506493506493 0.020518358531317494 0.04383116883116883
4 0.17386609071274298 0.42045454545454547 0.024838012958963283 0.0633116883116883
4 0.17062634989200864 0.5876623376623377 0.024838012958963283 0.0633116883116883
4 0.5701943844492441 0.5308441558441559 0.03023758099352052 0.02922077922077922
4 0.6220302375809935 0.551948051948052 0.019438444924406047 0.04383116883116883
4 0.5809935205183585 0.9415584415584416 0.019438444924406047 0.04383116883116883
4 0.6706263498920086 0.5974025974025974 0.024838012958963283 0.06818181818181818
4 0.38228941684665224 0.4074675324675325 0.047516198704103674 0.037337662337662336
4 0.5334773218142549 0.9805194805194806 0.04967602591792657 0.03571428571428571
4 0.509719222462203 0.4172077922077922 0.047516198704103674 0.037337662337662336
4 0.4449244060475162 0.41233766233766234 0.047516198704103674 0.037337662337662336
0 0.27429805615550756 0.4772727272727273 0.09611231101511879 0.14285714285714285
0 0.47516198704103674 0.7418831168831169 0.18682505399568033 0.28733766233766234