0 0.3423913043478261 0.020029673590504452 0.05039525691699605 0.037091988130563795
0 0.7919960474308301 0.06083086053412463 0.05039525691699605 0.11869436201780416
0 0.658102766798419 0.19732937685459942 0.04841897233201581 0.16468842729970326
0 0.3438735177865613 0.18100890207715134 0.04841897233201581 0.16468842729970326
0 0.7944664031620553 0.42433234421364985 0.04841897233201581 0.16468842729970326
0 0.6600790513833992 0.42729970326409494 0.04841897233201581 0.16468842729970326
0 0.7964426877470355 0.22997032640949555 0.04841897233201581 0.16468842729970326
1 0.9446640316205533 0.2878338278931751 0.0266798418972332 0.028189910979228485
1 0.7015810276679841 0.31602373887240354 0.0266798418972332 0.028189910979228485
1 0.6393280632411067 0.31750741839762614 0.0266798418972332 0.028189910979228485
1 0.5019762845849802 0.46439169139465875 0.0266798418972332 0.028189910979228485
1 0.3241106719367589 0.07418397626112759 0.0266798418972332 0.028189910979228485
1 0.42737154150197626 0.010385756676557863 0.02865612648221344 0.017804154302670624
1 0.3181818181818182 0.3219584569732938 0.018774703557312252 0.03857566765578635
1 0.6185770750988142 0.07418397626112759 0.018774703557312252 0.03857566765578635
1 0.7233201581027668 0.13798219584569732 0.018774703557312252 0.03857566765578635
4 0.5622529644268774 0.47181008902077154 0.02766798418972332 0.026706231454005934
4 0.36462450592885376 0.31305637982195844 0.02766798418972332 0.026706231454005934
4 0.3893280632411067 0.4258160237388724 0.022727272727272728 0.06528189910979229
0 0.49604743083003955 0.2344213649851632 0.12450592885375494 0.3961424332344214