0 0.1970842332613391 0.028409090909090908 0.0550755939524838 0.05357142857142857
0 0.3434125269978402 0.1396103896103896 0.052915766738660906 0.18019480519480519
0 0.6868250539956804 0.12175324675324675 0.052915766738660906 0.18019480519480519
0 0.19438444924406048 0.387987012987013 0.052915766738660906 0.18019480519480519
0 0.3412526997840173 0.3912337662337662 0.052915766738660906 0.18019480519480519
0 0.19222462203023757 0.17532467532467533 0.052915766738660906 0.18019480519480519
1 0.03023758099352052 0.23863636363636365 0.029157667386609073 0.030844155844155844
1 0.2958963282937365 0.2694805194805195 0.029157667386609073 0.030844155844155844
1 0.36393088552915764 0.2711038961038961 0.029157667386609073 0.030844155844155844
1 0.5140388768898488 0.4318181818181818 0.029157667386609073 0.030844155844155844
1 0.7084233261339092 0.011363636363636364 0.03023758099352052 0.01948051948051948
1 0.714902807775378 0.275974025974026 0.020518358531317494 0.04220779220779221
1 0.38660907127429806 0.013798701298701298 0.02159827213822894 0.024350649350649352
1 0.27213822894168466 0.07467532467532467 0.020518358531317494 0.04220779220779221
4 0.4481641468682505 0.43993506493506496 0.03023758099352052 0.02922077922077922
4 0.6641468682505399 0.2662337662337662 0.03023758099352052 0.02922077922077922
4 0.6371490280777538 0.38961038961038963 0.024838012958963283 0.07142857142857142
0 0.5199784017278618 0.19967532467532467 0.13714902807775378 0.3961038961038961