4 0.12154150197628459 0.701780415430267 0.03359683794466403 0.05934718100890208
4 0.12055335968379446 0.814540059347181 0.03359683794466403 0.05934718100890208
4 0.06719367588932806 0.8160237388724035 0.03359683794466403 0.05934718100890208
1 0.12351778656126482 0.49554896142433236 0.018774703557312252 0.03857566765578635
1 0.01383399209486166 0.6958456973293768 0.018774703557312252 0.03857566765578635
1 0.022727272727272728 0.5786350148367952 0.025691699604743084 0.026706231454005934
1 0.021739130434782608 0.6364985163204748 0.025691699604743084 0.026706231454005934
4 0.014822134387351778 0.787833827893175 0.019762845849802372 0.040059347181008904
4 0.1225296442687747 0.5816023738872403 0.023715415019762844 0.06231454005934718
0 0.2549407114624506 0.6261127596439169 0.15612648221343872 0.16913946587537093
1 0.011857707509881422 0.8783382789317508 0.021739130434782608 0.08605341246290801