1 0.9970355731225297 0.4948071216617211 0.003952569169960474 0.03115727002967359
1 0.9179841897233202 0.5296735905044511 0.025691699604743084 0.026706231454005934
1 0.9975296442687747 0.44881305637982194 0.0029644268774703555 0.03115727002967359
1 0.48616600790513836 0.1513353115727003 0.017786561264822136 0.03857566765578635
1 0.9051383399209486 0.2403560830860534 0.017786561264822136 0.03857566765578635
1 0.8438735177865613 0.18991097922848665 0.017786561264822136 0.03857566765578635
4 0.8369565217391305 0.413946587537092 0.041501976284584984 0.03412462908011869
4 0.9683794466403162 0.24629080118694363 0.023715415019762844 0.06231454005934718
4 0.9644268774703557 0.3545994065281899 0.023715415019762844 0.06231454005934718
4 0.9011857707509882 0.35311572700296734 0.022727272727272728 0.06231454005934718
4 0.9970355731225297 0.40059347181008903 0.003952569169960474 0.02967359050445104
4 0.9975296442687747 0.5370919881305638 0.0029644268774703555 0.02967359050445104
4 0.8389328063241107 0.5014836795252225 0.015810276679841896 0.03857566765578635
0 0.932806324110672 0.08456973293768547 0.1324110671936759 0.16913946587537093
4 0.8112648221343873 0.5 0.016798418972332016 0.03857566765578635
4 0.6739130434782609 0.4762611275964392 0.018774703557312252 0.040059347181008904
1 0.8409090909090909 0.2878338278931751 0.017786561264822136 0.03857566765578635
1 0.642292490118577 0.47774480712166173 0.017786561264822136 0.03857566765578635
1 0.4841897233201581 0.3086053412462908 0.017786561264822136 0.03857566765578635
0 0.741106719367589 0.486646884272997 0.08596837944664032 0.09198813056379822
0 0.6620553359683794 0.1943620178041543 0.30237154150197626 0.3887240356083086
0 0.9209486166007905 0.45252225519287836 0.04940711462450593 0.09347181008902077