1 0.6413043478260869 0.8694362017804155 0.018774703557312252 0.03857566765578635
1 0.9061264822134387 0.9020771513353115 0.018774703557312252 0.03857566765578635
1 0.950592885375494 0.9376854599406528 0.025691699604743084 0.026706231454005934
4 0.6719367588932806 0.8664688427299704 0.016798418972332016 0.03857566765578635
0 0.932806324110672 0.9896142433234422 0.1324110671936759 0.020771513353115726
1 0.6393280632411067 0.7270029673590505 0.05533596837944664 0.13649851632047477
1 0.9703557312252964 0.879080118694362 0.05731225296442688 0.08753709198813056
1 0.7766798418972332 0.8768545994065282 0.018774703557312252 0.03857566765578635
1 0.7025691699604744 0.8694362017804155 0.018774703557312252 0.03857566765578635
4 0.4891304347826087 0.5964391691394659 0.018774703557312252 0.040059347181008904
4 0.4891304347826087 0.8367952522255193 0.018774703557312252 0.040059347181008904
0 0.541501976284585 0.7136498516320475 0.10869565217391304 0.07270029673590504
3 0.5928853754940712 0.5949554896142433 0.1067193675889328 0.05489614243323442
0 0.8260869565217391 0.6498516320474778 0.2450592885375494 0.2507418397626113
0 0.6620553359683794 0.9777448071216617 0.30237154150197626 0.04154302670623145
0 0.5513833992094862 0.8605341246290801 0.08596837944664032 0.09198813056379822