1 0.37577639751552794 0.1059190031152648 0.019668737060041408 0.040498442367601244
1 0.09834368530020704 0.07165109034267912 0.019668737060041408 0.040498442367601244
1 0.051759834368530024 0.03426791277258567 0.026915113871635612 0.028037383177570093
4 0.34368530020703936 0.10903426791277258 0.017598343685300208 0.040498442367601244
1 0.3778467908902691 0.2554517133956386 0.057971014492753624 0.14330218068535824
1 0.030538302277432712 0.09657320872274143 0.061076604554865424 0.09034267912772585
1 0.23395445134575568 0.09813084112149532 0.019668737060041408 0.040498442367601244
1 0.3115942028985507 0.1059190031152648 0.019668737060041408 0.040498442367601244
4 0.5351966873706004 0.3925233644859813 0.019668737060041408 0.04205607476635514
4 0.5351966873706004 0.14018691588785046 0.019668737060041408 0.04205607476635514
0 0.4803312629399586 0.26947040498442365 0.11387163561076605 0.0763239875389408
3 0.42650103519668736 0.3940809968847352 0.11180124223602485 0.05763239875389408
0 0.18219461697722567 0.3364485981308411 0.2567287784679089 0.2632398753894081
0 0.35403726708074534 0.00778816199376947 0.3167701863354037 0.012461059190031152
0 0.4699792960662526 0.11526479750778816 0.09006211180124224 0.09657320872274143