0 0.9038876889848813 0.7402597402597403 0.052915766738660906 0.18019480519480519
0 0.5615550755939525 0.7564935064935064 0.052915766738660906 0.18019480519480519
0 0.9071274298056156 0.4902597402597403 0.052915766738660906 0.18019480519480519
1 0.8822894168466523 0.6136363636363636 0.029157667386609073 0.030844155844155844
1 0.7321814254859611 0.45454545454545453 0.029157667386609073 0.030844155844155844
1 0.531317494600432 0.6136363636363636 0.020518358531317494 0.04220779220779221
1 0.9751619870410367 0.810064935064935 0.020518358531317494 0.04220779220779221
4 0.7980561555075594 0.44642857142857145 0.03023758099352052 0.02922077922077922
4 0.58207343412527 0.6201298701298701 0.03023758099352052 0.02922077922077922
4 0.6079913606911447 0.49837662337662336 0.024838012958963283 0.07142857142857142
0 0.7289416846652268 0.702922077922078 0.13606911447084233 0.43344155844155846
0 0.5604751619870411 0.9577922077922078 0.056155507559395246 0.08116883116883117
4 0.7132829373650108 0.9943181818181818 0.05075593952483801 0.008116883116883116
1 0.8617710583153347 0.8831168831168831 0.020518358531317494 0.04220779220779221
1 0.7980561555075594 0.9951298701298701 0.023758099352051837 0.006493506493506494
1 0.9503239740820735 0.6152597402597403 0.029157667386609073 0.030844155844155844
1 0.9719222462203023 0.9926948051948052 0.032397408207343416 0.011363636363636364
1 0.6511879049676026 0.961038961038961 0.029157667386609073 0.030844155844155844
1 0.5367170626349892 0.8847402597402597 0.029157667386609073 0.030844155844155844