1 0.7710583153347732 0.36038961038961037 0.029157667386609073 0.030844155844155844
1 0.9136069114470843 0.14123376623376624 0.020518358531317494 0.04220779220779221
0 0.5550755939524838 0.1461038961038961 0.052915766738660906 0.18019480519480519
0 0.9816414686825053 0.11607142857142858 0.03455723542116631 0.18344155844155843
1 0.5151187904967602 0.29545454545454547 0.020518358531317494 0.04220779220779221
4 0.6306695464362851 0.23863636363636365 0.020518358531317494 0.04383116883116883
4 0.6803455723542117 0.3587662337662338 0.03023758099352052 0.02922077922077922
4 0.6285097192224622 0.336038961038961 0.019438444924406047 0.04383116883116883
4 0.5799136069114471 0.2922077922077922 0.024838012958963283 0.06818181818181818
4 0.7408207343412527 0.46915584415584416 0.047516198704103674 0.037337662337662336
0 0.9632829373650108 0.4107142857142857 0.07127429805615551 0.1461038961038961
0 0.7742980561555075 0.1461038961038961 0.18682505399568033 0.28733766233766234
4 0.8682505399568035 0.4772727272727273 0.047516198704103674 0.037337662337662336
4 0.806695464362851 0.47564935064935066 0.047516198704103674 0.037337662337662336
1 0.6285097192224622 0.027597402597402596 0.020518358531317494 0.04220779220779221
1 0.6231101511879049 0.4366883116883117 0.020518358531317494 0.04220779220779221
1 0.5377969762419006 0.024350649350649352 0.029157667386609073 0.030844155844155844